99999.00,99999.00,99999.00,99999.00,99999.00,99999.00,99999.00,99999.00,99999.00,99999.00,99999.00,99999.00,99999.00,99999.00,99999.00,99999.00,99999.00,99999.00,99999.00,99999.00,99999.00,99999.00,99999.00,99999.00,99999.00,99999.00,99999.00,99999.00,99999.00,99999.00,99999.00,99999.00,99999.00,99999.00,99999.00,99999.00,99999.00,99999.00,99999.00,99999.00,99999.00,99999.00,99999.00,99999.00,99999.00,99999.00,99999.00,99999.00,99999.00,99999.00,99999.00,99999.00,99999.00,99999.00,99999.00,99999.00,99999.00,99999.00,99999.00,99999.00,99999.00,99999.00,99999.00,99999.00,99999.00,99999.00,99999.00,99999.00,99999.00,99999.00,99999.00,99999.00,99999.00,99999.00,99999.00,99999.00,99999.00,99999.00,99999.00,99999.00,99999.00,99999.00,99999.00,99999.00,99999.00,99999.00,99999.00,99999.00,99999.00,99999.00,99999.00,99999.00,99999.00,99999.00,99999.00,99999.00,99999.00,99999.00,99999.00,99999.00,99999.00,99999.00,99999.00,99999.00,99999.00,99999.00,99999.00,99999.00,99999.00,99999.00,99999.00,99999.00,99999.00,99999.00,99999.00,99999.00,99999.00,99999.00,99999.00,99999.00,99999.00,99999.00,99999.00,99999.00,99999.00,99999.00,99999.00,99999.00,99999.00,99999.00,99999.00,99999.00,99999.00,99999.00,99999.00,99999.00,99999.00,99999.00,99999.00,99999.00,99999.00,99999.00,99999.00,99999.00,99999.00,99999.00,99999.00,99999.00,99999.00,99999.00,99999.00,99999.00,99999.00,99999.00,99999.00,99999.00,99999.00,99999.00,99999.00,99999.00,99999.00,99999.00,99999.00,99999.00,99999.00,99999.00,99999.00,99999.00,99999.00,99999.00,99999.00,99999.00,99999.00,99999.00,99999.00,99999.00,99999.00,99999.00,99999.00,99999.00,99999.00,99999.00,99999.00,99999.00,99999.00,99999.00,99999.00,99999.00,99999.00,99999.00,99999.00,99999.00,99999.00,99999.00,99999.00,99999.00,99999.00,99999.00,99999.00,99999.00,99999.00,99999.00,99999.00,99999.00,99999.00,99999.00,99999.00,99999.00,99999.00,99999.00,99999.00,99999.00,99999.00,99999.00,99999.00,99999.00
99999.00,99999.00,99999.00,99999.00,99999.00,99999.00,99999.00,99999.00,99999.00,99999.00,99999.00,99999.00,99999.00,99999.00,99999.00,99999.00,99999.00,99999.00,99999.00,99999.00,99999.00,99999.00,99999.00,99999.00,99999.00,99999.00,99999.00,99999.00,99999.00,99999.00,99999.00,99999.00,99999.00,99999.00,99999.00,99999.00,99999.00,99999.00,99999.00,99999.00,99999.00,99999.00,99999.00,99999.00,99999.00,99999.00,99999.00,99999.00,99999.00,99999.00,99999.00,99999.00,99999.00,99999.00,99999.00,99999.00,99999.00,99999.00,99999.00,99999.00,99999.00,99999.00,99999.00,99999.00,99999.00,99999.00,99999.00,99999.00,99999.00,99999.00,99999.00,99999.00,99999.00,99999.00,99999.00,99999.00,99999.00,99999.00,99999.00,99999.00,99999.00,99999.00,99999.00,99999.00,99999.00,99999.00,99999.00,99999.00,99999.00,99999.00,99999.00,99999.00,99999.00,99999.00,99999.00,99999.00,99999.00,99999.00,99999.00,99999.00,99999.00,99999.00,99999.00,99999.00,99999.00,99999.00,99999.00,99999.00,99999.00,99999.00,99999.00,99999.00,99999.00,99999.00,99999.00,99999.00,99999.00,99999.00,99999.00,99999.00,99999.00,99999.00,99999.00,99999.00,99999.00,99999.00,99999.00,99999.00,99999.00,99999.00,99999.00,99999.00,99999.00,99999.00,99999.00,99999.00,99999.00,99999.00,99999.00,99999.00,99999.00,99999.00,99999.00,99999.00,99999.00,99999.00,99999.00,99999.00,99999.00,99999.00,99999.00,99999.00,99999.00,99999.00,99999.00,99999.00,99999.00,99999.00,99999.00,99999.00,99999.00,99999.00,99999.00,99999.00,99999.00,99999.00,99999.00,99999.00,99999.00,99999.00,99999.00,99999.00,99999.00,99999.00,99999.00,99999.00,99999.00,99999.00,99999.00,99999.00,99999.00,99999.00,99999.00,99999.00,99999.00,99999.00,99999.00,99999.00,99999.00,99999.00,99999.00,99999.00,99999.00,99999.00,99999.00,99999.00,99999.00,99999.00,99999.00,99999.00,99999.00,99999.00,99999.00,99999.00,99999.00,99999.00,99999.00,99999.00,99999.00,99999.00,99999.00,99999.00,99999.00,99999.00,99999.00,99999.00
99999.00,99999.00,99999.00,99999.00,99999.00,99999.00,99999.00,99999.00,99999.00,99999.00,99999.00,99999.00,99999.00,99999.00,99999.00,99999.00,99999.00,99999.00,99999.00,99999.00,99999.00,99999.00,99999.00,99999.00,99999.00,99999.00,99999.00,99999.00,99999.00,99999.00,99999.00,99999.00,99999.00,99999.00,99999.00,99999.00,99999.00,99999.00,99999.00,99999.00,99999.00,99999.00,99999.00,99999.00,99999.00,99999.00,99999.00,99999.00,99999.00,99999.00,99999.00,99999.00,99999.00,99999.00,99999.00,99999.00,99999.00,99999.00,99999.00,99999.00,99999.00,99999.00,99999.00,99999.00,99999.00,99999.00,99999.00,99999.00,99999.00,99999.00,99999.00,99999.00,99999.00,99999.00,99999.00,99999.00,99999.00,99999.00,99999.00,99999.00,99999.00,99999.00,99999.00,99999.00,99999.00,99999.00,99999.00,99999.00,99999.00,99999.00,99999.00,99999.00,99999.00,99999.00,99999.00,99999.00,99999.00,99999.00,99999.00,99999.00,99999.00,99999.00,99999.00,99999.00,99999.00,99999.00,99999.00,99999.00,99999.00,99999.00,99999.00,99999.00,99999.00,99999.00,99999.00,99999.00,99999.00,99999.00,99999.00,99999.00,99999.00,99999.00,99999.00,99999.00,99999.00,99999.00,99999.00,99999.00,99999.00,99999.00,99999.00,99999.00,99999.00,99999.00,99999.00,99999.00,99999.00,99999.00,99999.00,99999.00,99999.00,99999.00,99999.00,99999.00,99999.00,99999.00,99999.00,99999.00,99999.00,99999.00,99999.00,99999.00,99999.00,99999.00,99999.00,99999.00,99999.00,99999.00,99999.00,99999.00,99999.00,99999.00,99999.00,99999.00,99999.00,99999.00,99999.00,99999.00,99999.00,99999.00,99999.00,99999.00,99999.00,99999.00,99999.00,99999.00,99999.00,99999.00,99999.00,99999.00,99999.00,99999.00,99999.00,99999.00,99999.00,99999.00,99999.00,99999.00,99999.00,99999.00,99999.00,99999.00,99999.00,99999.00,99999.00,99999.00,99999.00,99999.00,99999.00,99999.00,99999.00,99999.00,99999.00,99999.00,99999.00,99999.00,99999.00,99999.00,99999.00,99999.00,99999.00,99999.00,99999.00,99999.00,99999.00,99999.00
99999.00,99999.00,99999.00,99999.00,99999.00,99999.00,99999.00,99999.00,99999.00,99999.00,99999.00,99999.00,99999.00,99999.00,99999.00,99999.00,99999.00,99999.00,99999.00,99999.00,99999.00,99999.00,99999.00,99999.00,99999.00,99999.00,99999.00,99999.00,99999.00,99999.00,99999.00,99999.00,99999.00,99999.00,99999.00,99999.00,99999.00,99999.00,99999.00,99999.00,99999.00,99999.00,99999.00,99999.00,99999.00,99999.00,99999.00,99999.00,99999.00,99999.00,99999.00,99999.00,99999.00,99999.00,99999.00,99999.00,99999.00,99999.00,99999.00,99999.00,99999.00,99999.00,99999.00,99999.00,99999.00,99999.00,99999.00,99999.00,99999.00,99999.00,99999.00,99999.00,99999.00,99999.00,99999.00,99999.00,99999.00,99999.00,99999.00,99999.00,99999.00,99999.00,99999.00,99999.00,99999.00,99999.00,99999.00,99999.00,99999.00,99999.00,99999.00,99999.00,99999.00,99999.00,99999.00,99999.00,99999.00,99999.00,99999.00,99999.00,99999.00,99999.00,99999.00,99999.00,99999.00,99999.00,99999.00,99999.00,99999.00,99999.00,99999.00,99999.00,99999.00,99999.00,99999.00,99999.00,99999.00,99999.00,99999.00,99999.00,99999.00,99999.00,99999.00,99999.00,99999.00,99999.00,99999.00,99999.00,99999.00,99999.00,99999.00,99999.00,99999.00,99999.00,99999.00,99999.00,99999.00,99999.00,99999.00,99999.00,99999.00,99999.00,99999.00,99999.00,99999.00,99999.00,99999.00,99999.00,99999.00,99999.00,99999.00,99999.00,99999.00,99999.00,99999.00,99999.00,99999.00,99999.00,99999.00,99999.00,99999.00,99999.00,99999.00,99999.00,99999.00,99999.00,99999.00,99999.00,99999.00,99999.00,99999.00,99999.00,99999.00,99999.00,99999.00,99999.00,99999.00,99999.00,99999.00,99999.00,99999.00,99999.00,99999.00,99999.00,99999.00,99999.00,99999.00,99999.00,99999.00,99999.00,99999.00,99999.00,99999.00,99999.00,99999.00,99999.00,99999.00,99999.00,99999.00,99999.00,99999.00,99999.00,99999.00,99999.00,99999.00,99999.00,99999.00,99999.00,99999.00,99999.00,99999.00,99999.00,99999.00,99999.00,99999.00,99999.00
99999.00,99999.00,99999.00,99999.00,99999.00,99999.00,99999.00,99999.00,99999.00,99999.00,99999.00,99999.00,99999.00,99999.00,99999.00,99999.00,99999.00,99999.00,99999.00,99999.00,99999.00,99999.00,99999.00,99999.00,99999.00,99999.00,99999.00,99999.00,99999.00,99999.00,99999.00,99999.00,99999.00,99999.00,99999.00,99999.00,99999.00,99999.00,99999.00,99999.00,99999.00,99999.00,99999.00,99999.00,99999.00,99999.00,99999.00,99999.00,99999.00,99999.00,99999.00,99999.00,99999.00,99999.00,99999.00,99999.00,99999.00,99999.00,99999.00,99999.00,99999.00,99999.00,99999.00,99999.00,99999.00,99999.00,99999.00,99999.00,99999.00,99999.00,99999.00,99999.00,99999.00,99999.00,99999.00,99999.00,99999.00,99999.00,99999.00,99999.00,99999.00,99999.00,99999.00,99999.00,99999.00,99999.00,99999.00,99999.00,99999.00,99999.00,99999.00,99999.00,99999.00,99999.00,99999.00,99999.00,99999.00,99999.00,99999.00,99999.00,99999.00,99999.00,99999.00,99999.00,99999.00,99999.00,99999.00,99999.00,99999.00,99999.00,99999.00,99999.00,99999.00,99999.00,99999.00,99999.00,99999.00,99999.00,99999.00,99999.00,99999.00,99999.00,99999.00,99999.00,99999.00,99999.00,99999.00,99999.00,99999.00,99999.00,99999.00,99999.00,99999.00,99999.00,99999.00,99999.00,99999.00,99999.00,99999.00,99999.00,99999.00,99999.00,99999.00,99999.00,99999.00,99999.00,99999.00,99999.00,99999.00,99999.00,99999.00,99999.00,99999.00,99999.00,99999.00,99999.00,99999.00,99999.00,99999.00,99999.00,99999.00,99999.00,99999.00,99999.00,99999.00,99999.00,99999.00,99999.00,99999.00,99999.00,99999.00,99999.00,99999.00,99999.00,99999.00,99999.00,99999.00,99999.00,99999.00,99999.00,99999.00,99999.00,99999.00,99999.00,99999.00,99999.00,99999.00,99999.00,99999.00,99999.00,99999.00,99999.00,99999.00,99999.00,99999.00,99999.00,99999.00,99999.00,99999.00,99999.00,99999.00,99999.00,99999.00,99999.00,99999.00,99999.00,99999.00,99999.00,99999.00,99999.00,99999.00,99999.00,99999.00,99999.00,99999.00,99999.00
99999.00,99999.00,99999.00,99999.00,99999.00,99999.00,99999.00,99999.00,99999.00,99999.00,99999.00,99999.00,99999.00,99999.00,99999.00,99999.00,99999.00,99999.00,99999.00,99999.00,99999.00,99999.00,99999.00,99999.00,99999.00,99999.00,99999.00,99999.00,99999.00,99999.00,99999.00,99999.00,99999.00,99999.00,99999.00,99999.00,99999.00,99999.00,99999.00,99999.00,99999.00,99999.00,99999.00,99999.00,99999.00,99999.00,99999.00,99999.00,99999.00,99999.00,99999.00,99999.00,99999.00,99999.00,99999.00,99999.00,99999.00,99999.00,99999.00,99999.00,99999.00,99999.00,99999.00,99999.00,99999.00,99999.00,99999.00,99999.00,99999.00,99999.00,99999.00,99999.00,99999.00,99999.00,99999.00,99999.00,99999.00,99999.00,99999.00,99999.00,99999.00,99999.00,99999.00,99999.00,99999.00,99999.00,99999.00,99999.00,99999.00,99999.00,99999.00,99999.00,99999.00,99999.00,99999.00,99999.00,99999.00,99999.00,99999.00,99999.00,99999.00,99999.00,99999.00,99999.00,99999.00,99999.00,99999.00,99999.00,99999.00,99999.00,99999.00,99999.00,99999.00,99999.00,99999.00,99999.00,99999.00,99999.00,99999.00,99999.00,99999.00,99999.00,99999.00,99999.00,99999.00,99999.00,99999.00,99999.00,99999.00,99999.00,99999.00,99999.00,99999.00,99999.00,99999.00,99999.00,99999.00,99999.00,99999.00,99999.00,99999.00,99999.00,99999.00,99999.00,99999.00,99999.00,99999.00,99999.00,99999.00,99999.00,99999.00,99999.00,99999.00,99999.00,99999.00,99999.00,99999.00,99999.00,99999.00,99999.00,99999.00,99999.00,99999.00,99999.00,99999.00,99999.00,99999.00,99999.00,99999.00,99999.00,99999.00,99999.00,99999.00,99999.00,99999.00,99999.00,99999.00,99999.00,99999.00,99999.00,99999.00,99999.00,99999.00,99999.00,99999.00,99999.00,99999.00,99999.00,99999.00,99999.00,99999.00,99999.00,99999.00,99999.00,99999.00,99999.00,99999.00,99999.00,99999.00,99999.00,99999.00,99999.00,99999.00,99999.00,99999.00,99999.00,99999.00,99999.00,99999.00,99999.00,99999.00,99999.00,99999.00,99999.00,99999.00,99999.00
99999.00,99999.00,99999.00,99999.00,99999.00,99999.00,99999.00,99999.00,99999.00,99999.00,99999.00,99999.00,99999.00,99999.00,99999.00,99999.00,99999.00,99999.00,99999.00,99999.00,99999.00,99999.00,99999.00,99999.00,99999.00,99999.00,99999.00,99999.00,99999.00,99999.00,99999.00,99999.00,99999.00,99999.00,99999.00,99999.00,99999.00,99999.00,99999.00,99999.00,99999.00,99999.00,99999.00,99999.00,99999.00,99999.00,99999.00,99999.00,99999.00,99999.00,99999.00,99999.00,99999.00,99999.00,99999.00,99999.00,99999.00,99999.00,99999.00,99999.00,99999.00,99999.00,99999.00,99999.00,99999.00,99999.00,99999.00,99999.00,99999.00,99999.00,99999.00,99999.00,99999.00,99999.00,99999.00,99999.00,99999.00,99999.00,99999.00,99999.00,99999.00,99999.00,99999.00,99999.00,99999.00,99999.00,99999.00,99999.00,99999.00,99999.00,99999.00,99999.00,99999.00,99999.00,99999.00,99999.00,99999.00,99999.00,99999.00,99999.00,99999.00,99999.00,99999.00,99999.00,99999.00,99999.00,99999.00,99999.00,99999.00,99999.00,99999.00,99999.00,99999.00,99999.00,99999.00,99999.00,99999.00,99999.00,99999.00,99999.00,99999.00,99999.00,99999.00,99999.00,99999.00,99999.00,99999.00,99999.00,99999.00,99999.00,99999.00,99999.00,99999.00,99999.00,99999.00,99999.00,99999.00,99999.00,99999.00,99999.00,99999.00,99999.00,99999.00,99999.00,99999.00,99999.00,99999.00,99999.00,99999.00,99999.00,99999.00,99999.00,99999.00,99999.00,99999.00,99999.00,99999.00,99999.00,99999.00,99999.00,99999.00,99999.00,99999.00,99999.00,99999.00,99999.00,99999.00,99999.00,99999.00,99999.00,99999.00,99999.00,99999.00,99999.00,99999.00,99999.00,99999.00,99999.00,99999.00,99999.00,99999.00,99999.00,99999.00,99999.00,99999.00,99999.00,99999.00,99999.00,99999.00,99999.00,99999.00,99999.00,99999.00,99999.00,99999.00,99999.00,99999.00,99999.00,99999.00,99999.00,99999.00,99999.00,99999.00,99999.00,99999.00,99999.00,99999.00,99999.00,99999.00,99999.00,99999.00,99999.00,99999.00,99999.00,99999.00,99999.00
99999.00,99999.00,99999.00,99999.00,99999.00,99999.00,99999.00,99999.00,99999.00,99999.00,99999.00,99999.00,99999.00,99999.00,99999.00,99999.00,99999.00,99999.00,99999.00,99999.00,99999.00,99999.00,99999.00,99999.00,99999.00,99999.00,99999.00,99999.00,99999.00,99999.00,99999.00,99999.00,99999.00,99999.00,99999.00,99999.00,99999.00,99999.00,99999.00,99999.00,99999.00,99999.00,99999.00,99999.00,99999.00,99999.00,99999.00,99999.00,99999.00,99999.00,99999.00,99999.00,99999.00,99999.00,99999.00,99999.00,99999.00,99999.00,99999.00,99999.00,99999.00,99999.00,99999.00,99999.00,99999.00,99999.00,99999.00,99999.00,99999.00,99999.00,99999.00,99999.00,99999.00,99999.00,99999.00,99999.00,99999.00,99999.00,99999.00,99999.00,99999.00,99999.00,99999.00,99999.00,99999.00,99999.00,99999.00,99999.00,99999.00,99999.00,99999.00,99999.00,99999.00,99999.00,99999.00,99999.00,99999.00,99999.00,99999.00,99999.00,99999.00,99999.00,99999.00,99999.00,99999.00,99999.00,99999.00,99999.00,99999.00,99999.00,99999.00,99999.00,99999.00,99999.00,99999.00,99999.00,99999.00,99999.00,99999.00,99999.00,99999.00,99999.00,99999.00,99999.00,99999.00,99999.00,99999.00,99999.00,99999.00,99999.00,99999.00,99999.00,99999.00,99999.00,99999.00,99999.00,99999.00,99999.00,99999.00,99999.00,99999.00,99999.00,99999.00,99999.00,99999.00,99999.00,99999.00,99999.00,99999.00,99999.00,99999.00,99999.00,99999.00,99999.00,99999.00,99999.00,99999.00,99999.00,99999.00,99999.00,99999.00,99999.00,99999.00,99999.00,99999.00,99999.00,99999.00,99999.00,99999.00,99999.00,99999.00,99999.00,99999.00,99999.00,99999.00,99999.00,99999.00,99999.00,99999.00,99999.00,99999.00,99999.00,99999.00,99999.00,99999.00,99999.00,99999.00,99999.00,99999.00,99999.00,99999.00,99999.00,99999.00,99999.00,99999.00,99999.00,99999.00,99999.00,99999.00,99999.00,99999.00,99999.00,99999.00,99999.00,99999.00,99999.00,99999.00,99999.00,99999.00,99999.00,99999.00,99999.00,99999.00,99999.00,99999.00,99999.00
99999.00,99999.00,99999.00,99999.00,99999.00,99999.00,99999.00,99999.00,99999.00,99999.00,99999.00,99999.00,99999.00,99999.00,99999.00,99999.00,99999.00,99999.00,99999.00,99999.00,99999.00,99999.00,99999.00,99999.00,99999.00,99999.00,99999.00,99999.00,99999.00,99999.00,99999.00,99999.00,99999.00,99999.00,99999.00,99999.00,99999.00,99999.00,99999.00,99999.00,99999.00,99999.00,99999.00,99999.00,99999.00,99999.00,99999.00,99999.00,99999.00,99999.00,99999.00,99999.00,99999.00,99999.00,99999.00,99999.00,99999.00,99999.00,99999.00,99999.00,99999.00,99999.00,99999.00,99999.00,99999.00,99999.00,99999.00,99999.00,99999.00,99999.00,99999.00,99999.00,99999.00,99999.00,99999.00,99999.00,99999.00,99999.00,99999.00,99999.00,99999.00,99999.00,99999.00,99999.00,99999.00,99999.00,99999.00,99999.00,99999.00,99999.00,99999.00,99999.00,99999.00,99999.00,99999.00,99999.00,99999.00,99999.00,99999.00,99999.00,99999.00,99999.00,99999.00,99999.00,99999.00,99999.00,99999.00,99999.00,99999.00,99999.00,99999.00,99999.00,99999.00,99999.00,99999.00,99999.00,99999.00,99999.00,99999.00,99999.00,99999.00,99999.00,99999.00,99999.00,99999.00,99999.00,99999.00,99999.00,99999.00,99999.00,99999.00,99999.00,99999.00,99999.00,99999.00,99999.00,99999.00,99999.00,99999.00,99999.00,99999.00,99999.00,99999.00,99999.00,99999.00,99999.00,99999.00,99999.00,99999.00,99999.00,99999.00,99999.00,99999.00,99999.00,99999.00,99999.00,99999.00,99999.00,99999.00,99999.00,99999.00,99999.00,99999.00,99999.00,99999.00,99999.00,99999.00,99999.00,99999.00,99999.00,99999.00,99999.00,99999.00,99999.00,99999.00,99999.00,99999.00,99999.00,99999.00,99999.00,99999.00,99999.00,99999.00,99999.00,99999.00,99999.00,99999.00,99999.00,99999.00,99999.00,99999.00,99999.00,99999.00,99999.00,99999.00,99999.00,99999.00,99999.00,99999.00,99999.00,99999.00,99999.00,99999.00,99999.00,99999.00,99999.00,99999.00,99999.00,99999.00,99999.00,99999.00,99999.00,99999.00,99999.00,99999.00,99999.00
99999.00,99999.00,99999.00,99999.00,99999.00,99999.00,99999.00,99999.00,99999.00,99999.00,99999.00,99999.00,99999.00,99999.00,99999.00,99999.00,99999.00,99999.00,99999.00,99999.00,99999.00,99999.00,99999.00,99999.00,99999.00,99999.00,99999.00,99999.00,99999.00,99999.00,99999.00,99999.00,99999.00,99999.00,99999.00,99999.00,99999.00,99999.00,99999.00,99999.00,99999.00,99999.00,99999.00,99999.00,99999.00,99999.00,99999.00,99999.00,99999.00,99999.00,99999.00,99999.00,99999.00,99999.00,99999.00,99999.00,99999.00,99999.00,99999.00,99999.00,99999.00,99999.00,99999.00,99999.00,99999.00,99999.00,99999.00,99999.00,99999.00,99999.00,99999.00,99999.00,99999.00,99999.00,99999.00,99999.00,99999.00,99999.00,99999.00,99999.00,99999.00,99999.00,99999.00,99999.00,99999.00,99999.00,99999.00,99999.00,99999.00,99999.00,99999.00,99999.00,99999.00,99999.00,99999.00,99999.00,99999.00,99999.00,99999.00,99999.00,99999.00,99999.00,99999.00,99999.00,99999.00,99999.00,99999.00,99999.00,99999.00,99999.00,99999.00,99999.00,99999.00,99999.00,99999.00,99999.00,99999.00,99999.00,99999.00,99999.00,99999.00,99999.00,99999.00,99999.00,99999.00,99999.00,99999.00,99999.00,99999.00,99999.00,99999.00,99999.00,99999.00,99999.00,99999.00,99999.00,99999.00,99999.00,99999.00,99999.00,99999.00,99999.00,99999.00,99999.00,99999.00,99999.00,99999.00,99999.00,99999.00,99999.00,99999.00,99999.00,99999.00,99999.00,99999.00,99999.00,99999.00,99999.00,99999.00,99999.00,99999.00,99999.00,99999.00,99999.00,99999.00,99999.00,99999.00,99999.00,99999.00,99999.00,99999.00,99999.00,99999.00,99999.00,99999.00,99999.00,99999.00,99999.00,99999.00,99999.00,99999.00,99999.00,99999.00,99999.00,99999.00,99999.00,99999.00,99999.00,99999.00,99999.00,99999.00,99999.00,99999.00,99999.00,99999.00,99999.00,99999.00,99999.00,99999.00,99999.00,99999.00,99999.00,99999.00,99999.00,99999.00,99999.00,99999.00,99999.00,99999.00,99999.00,99999.00,99999.00,99999.00,99999.00,99999.00,99999.00
99999.00,99999.00,99999.00,99999.00,99999.00,99999.00,99999.00,99999.00,99999.00,99999.00,99999.00,99999.00,99999.00,99999.00,99999.00,99999.00,99999.00,99999.00,99999.00,99999.00,99999.00,99999.00,99999.00,99999.00,99999.00,99999.00,99999.00,99999.00,99999.00,99999.00,99999.00,99999.00,99999.00,99999.00,99999.00,99999.00,99999.00,99999.00,99999.00,99999.00,99999.00,99999.00,99999.00,99999.00,99999.00,99999.00,99999.00,99999.00,99999.00,99999.00,99999.00,99999.00,99999.00,99999.00,99999.00,99999.00,99999.00,99999.00,99999.00,99999.00,99999.00,99999.00,99999.00,99999.00,99999.00,99999.00,99999.00,99999.00,99999.00,99999.00,99999.00,99999.00,99999.00,99999.00,99999.00,99999.00,99999.00,99999.00,99999.00,99999.00,99999.00,99999.00,99999.00,99999.00,99999.00,99999.00,99999.00,99999.00,99999.00,99999.00,99999.00,99999.00,99999.00,99999.00,99999.00,99999.00,99999.00,99999.00,99999.00,99999.00,99999.00,99999.00,99999.00,99999.00,99999.00,99999.00,99999.00,99999.00,99999.00,99999.00,99999.00,99999.00,99999.00,99999.00,99999.00,99999.00,99999.00,99999.00,99999.00,99999.00,99999.00,99999.00,99999.00,99999.00,99999.00,99999.00,99999.00,99999.00,99999.00,99999.00,99999.00,99999.00,99999.00,99999.00,99999.00,99999.00,99999.00,99999.00,99999.00,99999.00,99999.00,99999.00,99999.00,99999.00,99999.00,99999.00,99999.00,99999.00,99999.00,99999.00,99999.00,99999.00,99999.00,99999.00,99999.00,99999.00,99999.00,99999.00,99999.00,99999.00,99999.00,99999.00,99999.00,99999.00,99999.00,99999.00,99999.00,99999.00,99999.00,99999.00,99999.00,99999.00,99999.00,99999.00,99999.00,99999.00,99999.00,99999.00,99999.00,99999.00,99999.00,99999.00,99999.00,99999.00,99999.00,99999.00,99999.00,99999.00,99999.00,99999.00,99999.00,99999.00,99999.00,99999.00,99999.00,99999.00,99999.00,99999.00,99999.00,99999.00,99999.00,99999.00,99999.00,99999.00,99999.00,99999.00,99999.00,99999.00,99999.00,99999.00,99999.00,99999.00,99999.00,99999.00,99999.00,99999.00
99999.00,99999.00,99999.00,99999.00,99999.00,99999.00,99999.00,99999.00,99999.00,99999.00,99999.00,99999.00,99999.00,99999.00,99999.00,99999.00,99999.00,99999.00,99999.00,99999.00,99999.00,99999.00,99999.00,99999.00,99999.00,99999.00,99999.00,99999.00,99999.00,99999.00,99999.00,99999.00,99999.00,99999.00,99999.00,99999.00,99999.00,99999.00,99999.00,99999.00,99999.00,99999.00,99999.00,99999.00,99999.00,99999.00,99999.00,99999.00,99999.00,99999.00,99999.00,99999.00,99999.00,99999.00,99999.00,99999.00,99999.00,99999.00,99999.00,99999.00,99999.00,99999.00,99999.00,99999.00,99999.00,99999.00,99999.00,99999.00,99999.00,99999.00,99999.00,99999.00,99999.00,99999.00,99999.00,99999.00,99999.00,99999.00,99999.00,99999.00,99999.00,99999.00,99999.00,99999.00,99999.00,99999.00,99999.00,99999.00,99999.00,99999.00,99999.00,99999.00,99999.00,99999.00,99999.00,99999.00,99999.00,99999.00,99999.00,99999.00,99999.00,99999.00,99999.00,99999.00,99999.00,99999.00,99999.00,99999.00,99999.00,99999.00,99999.00,99999.00,99999.00,99999.00,99999.00,99999.00,99999.00,99999.00,99999.00,99999.00,99999.00,99999.00,99999.00,99999.00,99999.00,99999.00,99999.00,99999.00,99999.00,99999.00,99999.00,99999.00,99999.00,99999.00,99999.00,99999.00,99999.00,99999.00,99999.00,99999.00,99999.00,99999.00,99999.00,99999.00,99999.00,99999.00,99999.00,99999.00,99999.00,99999.00,99999.00,99999.00,99999.00,99999.00,99999.00,99999.00,99999.00,99999.00,99999.00,99999.00,99999.00,99999.00,99999.00,99999.00,99999.00,99999.00,99999.00,99999.00,99999.00,99999.00,99999.00,99999.00,99999.00,99999.00,99999.00,99999.00,99999.00,99999.00,99999.00,99999.00,99999.00,99999.00,99999.00,99999.00,99999.00,99999.00,99999.00,99999.00,99999.00,99999.00,99999.00,99999.00,99999.00,99999.00,99999.00,99999.00,99999.00,99999.00,99999.00,99999.00,99999.00,99999.00,99999.00,99999.00,99999.00,99999.00,99999.00,99999.00,99999.00,99999.00,99999.00,99999.00,99999.00,99999.00,99999.00,99999.00
99999.00,99999.00,99999.00,99999.00,99999.00,99999.00,99999.00,99999.00,99999.00,99999.00,99999.00,99999.00,99999.00,99999.00,99999.00,99999.00,99999.00,99999.00,99999.00,99999.00,99999.00,99999.00,99999.00,99999.00,99999.00,99999.00,99999.00,99999.00,99999.00,99999.00,99999.00,99999.00,99999.00,99999.00,99999.00,99999.00,99999.00,99999.00,99999.00,99999.00,99999.00,99999.00,99999.00,99999.00,99999.00,99999.00,99999.00,99999.00,99999.00,99999.00,99999.00,99999.00,99999.00,99999.00,99999.00,99999.00,99999.00,99999.00,99999.00,99999.00,99999.00,99999.00,99999.00,99999.00,99999.00,99999.00,99999.00,99999.00,99999.00,99999.00,99999.00,99999.00,99999.00,99999.00,99999.00,99999.00,99999.00,99999.00,99999.00,99999.00,99999.00,99999.00,99999.00,99999.00,99999.00,99999.00,99999.00,99999.00,99999.00,99999.00,99999.00,99999.00,99999.00,99999.00,99999.00,99999.00,99999.00,99999.00,99999.00,99999.00,99999.00,99999.00,99999.00,99999.00,99999.00,99999.00,99999.00,99999.00,99999.00,99999.00,99999.00,99999.00,99999.00,99999.00,99999.00,99999.00,99999.00,99999.00,99999.00,99999.00,99999.00,99999.00,99999.00,99999.00,99999.00,99999.00,99999.00,99999.00,99999.00,99999.00,99999.00,99999.00,99999.00,99999.00,99999.00,99999.00,99999.00,99999.00,99999.00,99999.00,99999.00,99999.00,99999.00,99999.00,99999.00,99999.00,99999.00,99999.00,99999.00,99999.00,99999.00,99999.00,99999.00,99999.00,99999.00,99999.00,99999.00,99999.00,99999.00,99999.00,99999.00,99999.00,99999.00,99999.00,99999.00,99999.00,99999.00,99999.00,99999.00,99999.00,99999.00,99999.00,99999.00,99999.00,99999.00,99999.00,99999.00,99999.00,99999.00,99999.00,99999.00,99999.00,99999.00,99999.00,99999.00,99999.00,99999.00,99999.00,99999.00,99999.00,99999.00,99999.00,99999.00,99999.00,99999.00,99999.00,99999.00,99999.00,99999.00,99999.00,99999.00,99999.00,99999.00,99999.00,99999.00,99999.00,99999.00,99999.00,99999.00,99999.00,99999.00,99999.00,99999.00,99999.00,99999.00,99999.00
99999.00,99999.00,99999.00,99999.00,99999.00,99999.00,99999.00,99999.00,99999.00,99999.00,99999.00,99999.00,99999.00,99999.00,99999.00,99999.00,99999.00,99999.00,99999.00,99999.00,99999.00,99999.00,99999.00,99999.00,99999.00,99999.00,99999.00,99999.00,99999.00,99999.00,99999.00,99999.00,99999.00,99999.00,99999.00,99999.00,99999.00,99999.00,99999.00,99999.00,99999.00,99999.00,99999.00,99999.00,99999.00,99999.00,99999.00,99999.00,99999.00,99999.00,99999.00,99999.00,99999.00,99999.00,99999.00,99999.00,99999.00,99999.00,99999.00,99999.00,99999.00,99999.00,99999.00,99999.00,99999.00,99999.00,99999.00,99999.00,99999.00,99999.00,99999.00,99999.00,99999.00,99999.00,99999.00,99999.00,99999.00,99999.00,99999.00,99999.00,99999.00,99999.00,99999.00,99999.00,99999.00,99999.00,99999.00,99999.00,99999.00,99999.00,99999.00,99999.00,99999.00,99999.00,99999.00,99999.00,99999.00,99999.00,99999.00,99999.00,99999.00,99999.00,99999.00,99999.00,99999.00,99999.00,99999.00,99999.00,99999.00,99999.00,99999.00,99999.00,99999.00,99999.00,99999.00,99999.00,99999.00,99999.00,99999.00,99999.00,99999.00,99999.00,99999.00,99999.00,99999.00,99999.00,99999.00,99999.00,99999.00,99999.00,99999.00,99999.00,99999.00,99999.00,99999.00,99999.00,99999.00,99999.00,99999.00,99999.00,99999.00,99999.00,99999.00,99999.00,99999.00,99999.00,99999.00,99999.00,99999.00,99999.00,99999.00,99999.00,99999.00,99999.00,99999.00,99999.00,99999.00,99999.00,99999.00,99999.00,99999.00,99999.00,99999.00,99999.00,99999.00,99999.00,99999.00,99999.00,99999.00,99999.00,99999.00,99999.00,99999.00,99999.00,99999.00,99999.00,99999.00,99999.00,99999.00,99999.00,99999.00,99999.00,99999.00,99999.00,99999.00,99999.00,99999.00,99999.00,99999.00,99999.00,99999.00,99999.00,99999.00,99999.00,99999.00,99999.00,99999.00,99999.00,99999.00,99999.00,99999.00,99999.00,99999.00,99999.00,99999.00,99999.00,99999.00,99999.00,99999.00,99999.00,99999.00,99999.00,99999.00,99999.00,99999.00,99999.00
99999.00,99999.00,99999.00,99999.00,99999.00,99999.00,99999.00,99999.00,99999.00,99999.00,99999.00,99999.00,99999.00,99999.00,99999.00,99999.00,99999.00,99999.00,99999.00,99999.00,99999.00,99999.00,99999.00,99999.00,99999.00,99999.00,99999.00,99999.00,99999.00,99999.00,99999.00,99999.00,99999.00,99999.00,99999.00,99999.00,99999.00,99999.00,99999.00,99999.00,99999.00,99999.00,99999.00,99999.00,99999.00,99999.00,99999.00,99999.00,99999.00,99999.00,99999.00,99999.00,99999.00,99999.00,99999.00,99999.00,99999.00,99999.00,99999.00,99999.00,99999.00,99999.00,99999.00,99999.00,99999.00,99999.00,99999.00,99999.00,99999.00,99999.00,99999.00,99999.00,99999.00,99999.00,99999.00,99999.00,99999.00,99999.00,99999.00,99999.00,99999.00,99999.00,99999.00,99999.00,99999.00,99999.00,99999.00,99999.00,99999.00,99999.00,99999.00,99999.00,99999.00,99999.00,99999.00,99999.00,99999.00,99999.00,99999.00,99999.00,99999.00,99999.00,99999.00,99999.00,99999.00,99999.00,99999.00,99999.00,99999.00,99999.00,99999.00,99999.00,99999.00,99999.00,99999.00,99999.00,99999.00,99999.00,99999.00,99999.00,99999.00,99999.00,99999.00,99999.00,99999.00,99999.00,99999.00,99999.00,99999.00,99999.00,99999.00,99999.00,99999.00,99999.00,99999.00,99999.00,99999.00,99999.00,99999.00,99999.00,99999.00,99999.00,99999.00,99999.00,99999.00,99999.00,99999.00,99999.00,99999.00,99999.00,99999.00,99999.00,99999.00,99999.00,99999.00,99999.00,99999.00,99999.00,99999.00,99999.00,99999.00,99999.00,99999.00,99999.00,99999.00,99999.00,99999.00,99999.00,99999.00,99999.00,99999.00,99999.00,99999.00,99999.00,99999.00,99999.00,99999.00,99999.00,99999.00,99999.00,99999.00,99999.00,99999.00,99999.00,99999.00,99999.00,99999.00,99999.00,99999.00,99999.00,99999.00,99999.00,99999.00,99999.00,99999.00,99999.00,99999.00,99999.00,99999.00,99999.00,99999.00,99999.00,99999.00,99999.00,99999.00,99999.00,99999.00,99999.00,99999.00,99999.00,99999.00,99999.00,99999.00,99999.00,99999.00,99999.00
99999.00,99999.00,99999.00,99999.00,99999.00,99999.00,99999.00,99999.00,99999.00,99999.00,99999.00,99999.00,99999.00,99999.00,99999.00,99999.00,99999.00,99999.00,99999.00,99999.00,99999.00,99999.00,99999.00,99999.00,99999.00,99999.00,99999.00,99999.00,99999.00,99999.00,99999.00,99999.00,99999.00,99999.00,99999.00,99999.00,99999.00,99999.00,99999.00,99999.00,99999.00,99999.00,99999.00,99999.00,99999.00,99999.00,99999.00,99999.00,99999.00,99999.00,99999.00,99999.00,99999.00,99999.00,99999.00,99999.00,99999.00,99999.00,99999.00,99999.00,99999.00,99999.00,99999.00,99999.00,99999.00,99999.00,99999.00,99999.00,99999.00,99999.00,99999.00,99999.00,99999.00,99999.00,99999.00,99999.00,99999.00,99999.00,99999.00,99999.00,99999.00,99999.00,99999.00,99999.00,99999.00,99999.00,99999.00,99999.00,99999.00,99999.00,99999.00,99999.00,99999.00,99999.00,99999.00,99999.00,99999.00,99999.00,99999.00,99999.00,99999.00,99999.00,99999.00,99999.00,99999.00,99999.00,99999.00,99999.00,99999.00,99999.00,99999.00,99999.00,99999.00,99999.00,99999.00,99999.00,99999.00,99999.00,99999.00,99999.00,99999.00,99999.00,99999.00,99999.00,99999.00,99999.00,99999.00,99999.00,99999.00,99999.00,99999.00,99999.00,99999.00,99999.00,99999.00,99999.00,99999.00,99999.00,99999.00,99999.00,99999.00,99999.00,99999.00,99999.00,99999.00,99999.00,99999.00,99999.00,99999.00,99999.00,99999.00,99999.00,99999.00,99999.00,99999.00,99999.00,99999.00,99999.00,99999.00,99999.00,99999.00,99999.00,99999.00,99999.00,99999.00,99999.00,99999.00,99999.00,99999.00,99999.00,99999.00,99999.00,99999.00,99999.00,99999.00,99999.00,99999.00,99999.00,99999.00,99999.00,99999.00,99999.00,99999.00,99999.00,99999.00,99999.00,99999.00,99999.00,99999.00,99999.00,99999.00,99999.00,99999.00,99999.00,99999.00,99999.00,99999.00,99999.00,99999.00,99999.00,99999.00,99999.00,99999.00,99999.00,99999.00,99999.00,99999.00,99999.00,99999.00,99999.00,99999.00,99999.00,99999.00,99999.00,99999.00,99999.00
99999.00,99999.00,99999.00,99999.00,99999.00,99999.00,99999.00,99999.00,99999.00,99999.00,99999.00,99999.00,99999.00,99999.00,99999.00,99999.00,99999.00,99999.00,99999.00,99999.00,99999.00,99999.00,99999.00,99999.00,99999.00,99999.00,99999.00,99999.00,99999.00,99999.00,99999.00,99999.00,99999.00,99999.00,99999.00,99999.00,99999.00,99999.00,99999.00,99999.00,99999.00,99999.00,99999.00,99999.00,99999.00,99999.00,99999.00,99999.00,99999.00,99999.00,99999.00,99999.00,99999.00,99999.00,99999.00,99999.00,99999.00,99999.00,99999.00,99999.00,99999.00,99999.00,99999.00,99999.00,99999.00,99999.00,99999.00,99999.00,99999.00,99999.00,99999.00,99999.00,99999.00,99999.00,99999.00,99999.00,99999.00,99999.00,99999.00,99999.00,99999.00,99999.00,99999.00,99999.00,99999.00,99999.00,99999.00,99999.00,99999.00,99999.00,99999.00,99999.00,99999.00,99999.00,99999.00,99999.00,99999.00,99999.00,99999.00,99999.00,99999.00,99999.00,99999.00,99999.00,99999.00,99999.00,99999.00,99999.00,99999.00,99999.00,99999.00,99999.00,99999.00,99999.00,99999.00,99999.00,99999.00,99999.00,99999.00,99999.00,99999.00,99999.00,99999.00,99999.00,99999.00,99999.00,99999.00,99999.00,99999.00,99999.00,99999.00,99999.00,99999.00,99999.00,99999.00,99999.00,99999.00,99999.00,99999.00,99999.00,99999.00,99999.00,99999.00,99999.00,99999.00,99999.00,99999.00,99999.00,99999.00,99999.00,99999.00,99999.00,99999.00,99999.00,99999.00,99999.00,99999.00,99999.00,99999.00,99999.00,99999.00,99999.00,99999.00,99999.00,99999.00,99999.00,99999.00,99999.00,99999.00,99999.00,99999.00,99999.00,99999.00,99999.00,99999.00,99999.00,99999.00,99999.00,99999.00,99999.00,99999.00,99999.00,99999.00,99999.00,99999.00,99999.00,99999.00,99999.00,99999.00,99999.00,99999.00,99999.00,99999.00,99999.00,99999.00,99999.00,99999.00,99999.00,99999.00,99999.00,99999.00,99999.00,99999.00,99999.00,99999.00,99999.00,99999.00,99999.00,99999.00,99999.00,99999.00,99999.00,99999.00,99999.00,99999.00,99999.00
99999.00,99999.00,99999.00,99999.00,99999.00,99999.00,99999.00,99999.00,99999.00,99999.00,99999.00,99999.00,99999.00,99999.00,99999.00,99999.00,99999.00,99999.00,99999.00,99999.00,99999.00,99999.00,99999.00,99999.00,99999.00,99999.00,99999.00,99999.00,99999.00,99999.00,99999.00,99999.00,99999.00,99999.00,99999.00,99999.00,99999.00,99999.00,99999.00,99999.00,99999.00,99999.00,99999.00,99999.00,99999.00,99999.00,99999.00,99999.00,99999.00,99999.00,99999.00,99999.00,99999.00,99999.00,99999.00,99999.00,99999.00,99999.00,99999.00,99999.00,99999.00,99999.00,99999.00,99999.00,99999.00,99999.00,99999.00,99999.00,99999.00,99999.00,99999.00,99999.00,99999.00,99999.00,99999.00,99999.00,99999.00,99999.00,99999.00,99999.00,99999.00,99999.00,99999.00,99999.00,99999.00,99999.00,99999.00,99999.00,99999.00,99999.00,99999.00,99999.00,99999.00,99999.00,99999.00,99999.00,99999.00,99999.00,99999.00,99999.00,99999.00,99999.00,99999.00,99999.00,99999.00,99999.00,99999.00,99999.00,99999.00,99999.00,99999.00,99999.00,99999.00,99999.00,99999.00,99999.00,99999.00,99999.00,99999.00,99999.00,99999.00,99999.00,99999.00,99999.00,99999.00,99999.00,99999.00,99999.00,99999.00,99999.00,99999.00,99999.00,99999.00,99999.00,99999.00,99999.00,99999.00,99999.00,99999.00,99999.00,99999.00,99999.00,99999.00,99999.00,99999.00,99999.00,99999.00,99999.00,99999.00,99999.00,99999.00,99999.00,99999.00,99999.00,99999.00,99999.00,99999.00,99999.00,99999.00,99999.00,99999.00,99999.00,99999.00,99999.00,99999.00,99999.00,99999.00,99999.00,99999.00,99999.00,99999.00,99999.00,99999.00,99999.00,99999.00,99999.00,99999.00,99999.00,99999.00,99999.00,99999.00,99999.00,99999.00,99999.00,99999.00,99999.00,99999.00,99999.00,99999.00,99999.00,99999.00,99999.00,99999.00,99999.00,99999.00,99999.00,99999.00,99999.00,99999.00,99999.00,99999.00,99999.00,99999.00,99999.00,99999.00,99999.00,99999.00,99999.00,99999.00,99999.00,99999.00,99999.00,99999.00,99999.00,99999.00,99999.00
99999.00,99999.00,99999.00,99999.00,99999.00,99999.00,99999.00,99999.00,99999.00,99999.00,99999.00,99999.00,99999.00,99999.00,99999.00,99999.00,99999.00,99999.00,99999.00,99999.00,99999.00,99999.00,99999.00,99999.00,99999.00,99999.00,99999.00,99999.00,99999.00,99999.00,99999.00,99999.00,99999.00,99999.00,99999.00,99999.00,99999.00,99999.00,99999.00,99999.00,99999.00,99999.00,99999.00,99999.00,99999.00,99999.00,99999.00,99999.00,99999.00,99999.00,99999.00,99999.00,99999.00,99999.00,99999.00,99999.00,99999.00,99999.00,99999.00,99999.00,99999.00,99999.00,99999.00,99999.00,99999.00,99999.00,99999.00,99999.00,99999.00,99999.00,99999.00,99999.00,99999.00,99999.00,99999.00,99999.00,99999.00,99999.00,99999.00,99999.00,99999.00,99999.00,99999.00,99999.00,99999.00,99999.00,99999.00,99999.00,99999.00,99999.00,99999.00,99999.00,99999.00,99999.00,99999.00,99999.00,99999.00,99999.00,99999.00,99999.00,99999.00,99999.00,99999.00,99999.00,99999.00,99999.00,99999.00,99999.00,99999.00,99999.00,99999.00,99999.00,99999.00,99999.00,99999.00,99999.00,99999.00,99999.00,99999.00,99999.00,99999.00,99999.00,99999.00,99999.00,99999.00,99999.00,99999.00,99999.00,99999.00,99999.00,99999.00,99999.00,99999.00,99999.00,99999.00,99999.00,99999.00,99999.00,99999.00,99999.00,99999.00,99999.00,99999.00,99999.00,99999.00,99999.00,99999.00,99999.00,99999.00,99999.00,99999.00,99999.00,99999.00,99999.00,99999.00,99999.00,99999.00,99999.00,99999.00,99999.00,99999.00,99999.00,99999.00,99999.00,99999.00,99999.00,99999.00,99999.00,99999.00,99999.00,99999.00,99999.00,99999.00,99999.00,99999.00,99999.00,99999.00,99999.00,99999.00,99999.00,99999.00,99999.00,99999.00,99999.00,99999.00,99999.00,99999.00,99999.00,99999.00,99999.00,99999.00,99999.00,99999.00,99999.00,99999.00,99999.00,99999.00,99999.00,99999.00,99999.00,99999.00,99999.00,99999.00,99999.00,99999.00,99999.00,99999.00,99999.00,99999.00,99999.00,99999.00,99999.00,99999.00,99999.00,99999.00,99999.00
99999.00,99999.00,99999.00,99999.00,99999.00,99999.00,99999.00,99999.00,99999.00,99999.00,99999.00,99999.00,99999.00,99999.00,99999.00,99999.00,99999.00,99999.00,99999.00,99999.00,99999.00,99999.00,99999.00,99999.00,99999.00,99999.00,99999.00,99999.00,99999.00,99999.00,99999.00,99999.00,99999.00,99999.00,99999.00,99999.00,99999.00,99999.00,99999.00,99999.00,99999.00,99999.00,99999.00,99999.00,99999.00,99999.00,99999.00,99999.00,99999.00,99999.00,99999.00,99999.00,99999.00,99999.00,99999.00,99999.00,99999.00,99999.00,99999.00,99999.00,99999.00,99999.00,99999.00,99999.00,99999.00,99999.00,99999.00,99999.00,99999.00,99999.00,99999.00,99999.00,99999.00,99999.00,99999.00,99999.00,99999.00,99999.00,99999.00,99999.00,99999.00,99999.00,99999.00,99999.00,99999.00,99999.00,99999.00,99999.00,99999.00,99999.00,99999.00,99999.00,99999.00,99999.00,99999.00,99999.00,99999.00,99999.00,99999.00,99999.00,99999.00,99999.00,99999.00,99999.00,99999.00,99999.00,99999.00,99999.00,99999.00,99999.00,99999.00,99999.00,99999.00,99999.00,99999.00,99999.00,99999.00,99999.00,99999.00,99999.00,99999.00,99999.00,99999.00,99999.00,99999.00,99999.00,99999.00,99999.00,99999.00,99999.00,99999.00,99999.00,99999.00,99999.00,99999.00,99999.00,99999.00,99999.00,99999.00,99999.00,99999.00,99999.00,99999.00,99999.00,99999.00,99999.00,99999.00,99999.00,99999.00,99999.00,99999.00,99999.00,99999.00,99999.00,99999.00,99999.00,99999.00,99999.00,99999.00,99999.00,99999.00,99999.00,99999.00,99999.00,99999.00,99999.00,99999.00,99999.00,99999.00,99999.00,99999.00,99999.00,99999.00,99999.00,99999.00,99999.00,99999.00,99999.00,99999.00,99999.00,99999.00,99999.00,99999.00,99999.00,99999.00,99999.00,99999.00,99999.00,99999.00,99999.00,99999.00,99999.00,99999.00,99999.00,99999.00,99999.00,99999.00,99999.00,99999.00,99999.00,99999.00,99999.00,99999.00,99999.00,99999.00,99999.00,99999.00,99999.00,99999.00,99999.00,99999.00,99999.00,99999.00,99999.00,99999.00,99999.00
99999.00,99999.00,99999.00,99999.00,99999.00,99999.00,99999.00,99999.00,99999.00,99999.00,99999.00,99999.00,99999.00,99999.00,99999.00,99999.00,99999.00,99999.00,99999.00,99999.00,99999.00,99999.00,99999.00,99999.00,99999.00,99999.00,99999.00,99999.00,99999.00,99999.00,99999.00,99999.00,99999.00,99999.00,99999.00,99999.00,99999.00,99999.00,99999.00,99999.00,99999.00,99999.00,99999.00,99999.00,99999.00,99999.00,99999.00,99999.00,99999.00,99999.00,99999.00,99999.00,99999.00,99999.00,99999.00,99999.00,99999.00,99999.00,99999.00,99999.00,99999.00,99999.00,99999.00,99999.00,99999.00,99999.00,99999.00,99999.00,99999.00,99999.00,99999.00,99999.00,99999.00,99999.00,99999.00,99999.00,99999.00,99999.00,99999.00,99999.00,99999.00,99999.00,99999.00,99999.00,99999.00,99999.00,99999.00,99999.00,99999.00,99999.00,99999.00,99999.00,99999.00,99999.00,99999.00,99999.00,99999.00,99999.00,99999.00,99999.00,99999.00,99999.00,99999.00,99999.00,99999.00,99999.00,99999.00,99999.00,99999.00,99999.00,99999.00,99999.00,99999.00,99999.00,99999.00,99999.00,99999.00,99999.00,99999.00,99999.00,99999.00,99999.00,99999.00,99999.00,99999.00,99999.00,99999.00,99999.00,99999.00,99999.00,99999.00,99999.00,99999.00,99999.00,99999.00,99999.00,99999.00,99999.00,99999.00,99999.00,99999.00,99999.00,99999.00,99999.00,99999.00,99999.00,99999.00,99999.00,99999.00,99999.00,99999.00,99999.00,99999.00,99999.00,99999.00,99999.00,99999.00,99999.00,99999.00,99999.00,99999.00,99999.00,99999.00,99999.00,99999.00,99999.00,99999.00,99999.00,99999.00,99999.00,99999.00,99999.00,99999.00,99999.00,99999.00,99999.00,99999.00,99999.00,99999.00,99999.00,99999.00,99999.00,99999.00,99999.00,99999.00,99999.00,99999.00,99999.00,99999.00,99999.00,99999.00,99999.00,99999.00,99999.00,99999.00,99999.00,99999.00,99999.00,99999.00,99999.00,99999.00,99999.00,99999.00,99999.00,99999.00,99999.00,99999.00,99999.00,99999.00,99999.00,99999.00,99999.00,99999.00,99999.00,99999.00,99999.00
99999.00,99999.00,99999.00,99999.00,99999.00,99999.00,99999.00,99999.00,99999.00,99999.00,99999.00,99999.00,99999.00,99999.00,99999.00,99999.00,99999.00,99999.00,99999.00,99999.00,99999.00,99999.00,99999.00,99999.00,99999.00,99999.00,99999.00,99999.00,99999.00,99999.00,99999.00,99999.00,99999.00,99999.00,99999.00,99999.00,99999.00,99999.00,99999.00,99999.00,99999.00,99999.00,99999.00,99999.00,99999.00,99999.00,99999.00,99999.00,99999.00,99999.00,99999.00,99999.00,99999.00,99999.00,99999.00,99999.00,99999.00,99999.00,99999.00,99999.00,99999.00,99999.00,99999.00,99999.00,99999.00,99999.00,99999.00,99999.00,99999.00,99999.00,99999.00,99999.00,99999.00,99999.00,99999.00,99999.00,99999.00,99999.00,99999.00,99999.00,99999.00,99999.00,99999.00,99999.00,99999.00,99999.00,99999.00,99999.00,99999.00,99999.00,99999.00,99999.00,99999.00,99999.00,99999.00,99999.00,99999.00,99999.00,99999.00,99999.00,99999.00,99999.00,99999.00,99999.00,99999.00,99999.00,99999.00,99999.00,99999.00,99999.00,99999.00,99999.00,99999.00,99999.00,99999.00,99999.00,99999.00,99999.00,99999.00,99999.00,99999.00,99999.00,99999.00,99999.00,99999.00,99999.00,99999.00,99999.00,99999.00,99999.00,99999.00,99999.00,99999.00,99999.00,99999.00,99999.00,99999.00,99999.00,99999.00,99999.00,99999.00,99999.00,99999.00,99999.00,99999.00,99999.00,99999.00,99999.00,99999.00,99999.00,99999.00,99999.00,99999.00,99999.00,99999.00,99999.00,99999.00,99999.00,99999.00,99999.00,99999.00,99999.00,99999.00,99999.00,99999.00,99999.00,99999.00,99999.00,99999.00,99999.00,99999.00,99999.00,99999.00,99999.00,99999.00,99999.00,99999.00,99999.00,99999.00,99999.00,99999.00,99999.00,99999.00,99999.00,99999.00,99999.00,99999.00,99999.00,99999.00,99999.00,99999.00,99999.00,99999.00,99999.00,99999.00,99999.00,99999.00,99999.00,99999.00,99999.00,99999.00,99999.00,99999.00,99999.00,99999.00,99999.00,99999.00,99999.00,99999.00,99999.00,99999.00,99999.00,99999.00,99999.00,99999.00,99999.00
99999.00,99999.00,99999.00,99999.00,99999.00,99999.00,99999.00,99999.00,99999.00,99999.00,99999.00,99999.00,99999.00,99999.00,99999.00,99999.00,99999.00,99999.00,99999.00,99999.00,99999.00,99999.00,99999.00,99999.00,99999.00,99999.00,99999.00,99999.00,99999.00,99999.00,99999.00,99999.00,99999.00,99999.00,99999.00,99999.00,99999.00,99999.00,99999.00,99999.00,99999.00,99999.00,99999.00,99999.00,99999.00,99999.00,99999.00,99999.00,99999.00,99999.00,99999.00,99999.00,99999.00,99999.00,99999.00,99999.00,99999.00,99999.00,99999.00,99999.00,99999.00,99999.00,99999.00,99999.00,99999.00,99999.00,99999.00,99999.00,99999.00,99999.00,99999.00,99999.00,99999.00,99999.00,99999.00,99999.00,99999.00,99999.00,99999.00,99999.00,99999.00,99999.00,99999.00,99999.00,99999.00,99999.00,99999.00,99999.00,99999.00,99999.00,99999.00,99999.00,99999.00,99999.00,99999.00,99999.00,99999.00,99999.00,99999.00,99999.00,99999.00,99999.00,99999.00,99999.00,99999.00,99999.00,99999.00,99999.00,99999.00,99999.00,99999.00,99999.00,99999.00,99999.00,99999.00,99999.00,99999.00,99999.00,99999.00,99999.00,99999.00,99999.00,99999.00,99999.00,99999.00,99999.00,99999.00,99999.00,99999.00,99999.00,99999.00,99999.00,99999.00,99999.00,99999.00,99999.00,99999.00,99999.00,99999.00,99999.00,99999.00,99999.00,99999.00,99999.00,99999.00,99999.00,99999.00,99999.00,99999.00,99999.00,99999.00,99999.00,99999.00,99999.00,99999.00,99999.00,99999.00,99999.00,99999.00,99999.00,99999.00,99999.00,99999.00,99999.00,99999.00,99999.00,99999.00,99999.00,99999.00,99999.00,99999.00,99999.00,99999.00,99999.00,99999.00,99999.00,99999.00,99999.00,99999.00,99999.00,99999.00,99999.00,99999.00,99999.00,99999.00,99999.00,99999.00,99999.00,99999.00,99999.00,99999.00,99999.00,99999.00,99999.00,99999.00,99999.00,99999.00,99999.00,99999.00,99999.00,99999.00,99999.00,99999.00,99999.00,99999.00,99999.00,99999.00,99999.00,99999.00,99999.00,99999.00,99999.00,99999.00,99999.00,99999.00,99999.00
99999.00,99999.00,99999.00,99999.00,99999.00,99999.00,99999.00,99999.00,99999.00,99999.00,99999.00,99999.00,99999.00,99999.00,99999.00,99999.00,99999.00,99999.00,99999.00,99999.00,99999.00,99999.00,99999.00,99999.00,99999.00,99999.00,99999.00,99999.00,99999.00,99999.00,99999.00,99999.00,99999.00,99999.00,99999.00,99999.00,99999.00,99999.00,99999.00,99999.00,99999.00,99999.00,99999.00,99999.00,99999.00,99999.00,99999.00,99999.00,99999.00,99999.00,99999.00,99999.00,99999.00,99999.00,99999.00,99999.00,99999.00,99999.00,99999.00,99999.00,99999.00,99999.00,99999.00,99999.00,99999.00,99999.00,99999.00,99999.00,99999.00,99999.00,99999.00,99999.00,99999.00,99999.00,99999.00,99999.00,99999.00,99999.00,99999.00,99999.00,99999.00,99999.00,99999.00,99999.00,99999.00,99999.00,99999.00,99999.00,99999.00,99999.00,99999.00,99999.00,99999.00,99999.00,99999.00,99999.00,99999.00,99999.00,99999.00,99999.00,99999.00,99999.00,99999.00,99999.00,99999.00,99999.00,99999.00,99999.00,99999.00,99999.00,99999.00,99999.00,99999.00,99999.00,99999.00,99999.00,99999.00,99999.00,99999.00,99999.00,99999.00,99999.00,99999.00,99999.00,99999.00,99999.00,99999.00,99999.00,99999.00,99999.00,99999.00,99999.00,99999.00,99999.00,99999.00,99999.00,99999.00,99999.00,99999.00,99999.00,99999.00,99999.00,99999.00,99999.00,99999.00,99999.00,99999.00,99999.00,99999.00,99999.00,99999.00,99999.00,99999.00,99999.00,99999.00,99999.00,99999.00,99999.00,99999.00,99999.00,99999.00,99999.00,99999.00,99999.00,99999.00,99999.00,99999.00,99999.00,99999.00,99999.00,99999.00,99999.00,99999.00,99999.00,99999.00,99999.00,99999.00,99999.00,99999.00,99999.00,99999.00,99999.00,99999.00,99999.00,99999.00,99999.00,99999.00,99999.00,99999.00,99999.00,99999.00,99999.00,99999.00,99999.00,99999.00,99999.00,99999.00,99999.00,99999.00,99999.00,99999.00,99999.00,99999.00,99999.00,99999.00,99999.00,99999.00,99999.00,99999.00,99999.00,99999.00,99999.00,99999.00,99999.00,99999.00,99999.00
99999.00,99999.00,99999.00,99999.00,99999.00,99999.00,99999.00,99999.00,99999.00,99999.00,99999.00,99999.00,99999.00,99999.00,99999.00,99999.00,99999.00,99999.00,99999.00,99999.00,99999.00,99999.00,99999.00,99999.00,99999.00,99999.00,99999.00,99999.00,99999.00,99999.00,99999.00,99999.00,99999.00,99999.00,99999.00,99999.00,99999.00,99999.00,99999.00,99999.00,99999.00,99999.00,99999.00,99999.00,99999.00,99999.00,99999.00,99999.00,99999.00,99999.00,99999.00,99999.00,99999.00,99999.00,99999.00,99999.00,99999.00,99999.00,99999.00,99999.00,99999.00,99999.00,99999.00,99999.00,99999.00,99999.00,99999.00,99999.00,99999.00,99999.00,99999.00,99999.00,99999.00,99999.00,99999.00,99999.00,99999.00,99999.00,99999.00,99999.00,99999.00,99999.00,99999.00,99999.00,99999.00,99999.00,99999.00,99999.00,99999.00,99999.00,99999.00,99999.00,99999.00,99999.00,99999.00,99999.00,99999.00,99999.00,99999.00,99999.00,99999.00,99999.00,99999.00,99999.00,99999.00,99999.00,99999.00,99999.00,99999.00,99999.00,99999.00,99999.00,99999.00,99999.00,99999.00,99999.00,99999.00,99999.00,99999.00,99999.00,99999.00,99999.00,99999.00,99999.00,99999.00,99999.00,99999.00,99999.00,99999.00,99999.00,99999.00,99999.00,99999.00,99999.00,99999.00,99999.00,99999.00,99999.00,99999.00,99999.00,99999.00,99999.00,99999.00,99999.00,99999.00,99999.00,99999.00,99999.00,99999.00,99999.00,99999.00,99999.00,99999.00,99999.00,99999.00,99999.00,99999.00,99999.00,99999.00,99999.00,99999.00,99999.00,99999.00,99999.00,99999.00,99999.00,99999.00,99999.00,99999.00,99999.00,99999.00,99999.00,99999.00,99999.00,99999.00,99999.00,99999.00,99999.00,99999.00,99999.00,99999.00,99999.00,99999.00,99999.00,99999.00,99999.00,99999.00,99999.00,99999.00,99999.00,99999.00,99999.00,99999.00,99999.00,99999.00,99999.00,99999.00,99999.00,99999.00,99999.00,99999.00,99999.00,99999.00,99999.00,99999.00,99999.00,99999.00,99999.00,99999.00,99999.00,99999.00,99999.00,99999.00,99999.00,99999.00,99999.00
99999.00,99999.00,99999.00,99999.00,99999.00,99999.00,99999.00,99999.00,99999.00,99999.00,99999.00,99999.00,99999.00,99999.00,99999.00,99999.00,99999.00,99999.00,99999.00,99999.00,99999.00,99999.00,99999.00,99999.00,99999.00,99999.00,99999.00,99999.00,99999.00,99999.00,99999.00,99999.00,99999.00,99999.00,99999.00,99999.00,99999.00,99999.00,99999.00,99999.00,99999.00,99999.00,99999.00,99999.00,99999.00,99999.00,99999.00,99999.00,99999.00,99999.00,99999.00,99999.00,99999.00,99999.00,99999.00,99999.00,99999.00,99999.00,99999.00,99999.00,99999.00,99999.00,99999.00,99999.00,99999.00,99999.00,99999.00,99999.00,99999.00,99999.00,99999.00,99999.00,99999.00,99999.00,99999.00,99999.00,99999.00,99999.00,99999.00,99999.00,99999.00,99999.00,99999.00,99999.00,99999.00,99999.00,99999.00,99999.00,99999.00,99999.00,99999.00,99999.00,99999.00,99999.00,99999.00,99999.00,99999.00,99999.00,99999.00,99999.00,99999.00,99999.00,99999.00,99999.00,99999.00,99999.00,99999.00,99999.00,99999.00,99999.00,99999.00,99999.00,99999.00,99999.00,99999.00,99999.00,99999.00,99999.00,99999.00,99999.00,99999.00,99999.00,99999.00,99999.00,99999.00,99999.00,99999.00,99999.00,99999.00,99999.00,99999.00,99999.00,99999.00,99999.00,99999.00,99999.00,99999.00,99999.00,99999.00,99999.00,99999.00,99999.00,99999.00,99999.00,99999.00,99999.00,99999.00,99999.00,99999.00,99999.00,99999.00,99999.00,99999.00,99999.00,99999.00,99999.00,99999.00,99999.00,99999.00,99999.00,99999.00,99999.00,99999.00,99999.00,99999.00,99999.00,99999.00,99999.00,99999.00,99999.00,99999.00,99999.00,99999.00,99999.00,99999.00,99999.00,99999.00,99999.00,99999.00,99999.00,99999.00,99999.00,99999.00,99999.00,99999.00,99999.00,99999.00,99999.00,99999.00,99999.00,99999.00,99999.00,99999.00,99999.00,99999.00,99999.00,99999.00,99999.00,99999.00,99999.00,99999.00,99999.00,99999.00,99999.00,99999.00,99999.00,99999.00,99999.00,99999.00,99999.00,99999.00,99999.00,99999.00,99999.00,99999.00,99999.00
99999.00,99999.00,99999.00,99999.00,99999.00,99999.00,99999.00,99999.00,99999.00,99999.00,99999.00,99999.00,99999.00,99999.00,99999.00,99999.00,99999.00,99999.00,99999.00,99999.00,99999.00,99999.00,99999.00,99999.00,99999.00,99999.00,99999.00,99999.00,99999.00,99999.00,99999.00,99999.00,99999.00,99999.00,99999.00,99999.00,99999.00,99999.00,99999.00,99999.00,99999.00,99999.00,99999.00,99999.00,99999.00,99999.00,99999.00,99999.00,99999.00,99999.00,99999.00,99999.00,99999.00,99999.00,99999.00,99999.00,99999.00,99999.00,99999.00,99999.00,99999.00,99999.00,99999.00,99999.00,99999.00,99999.00,99999.00,99999.00,99999.00,99999.00,99999.00,99999.00,99999.00,99999.00,99999.00,99999.00,99999.00,99999.00,99999.00,99999.00,99999.00,99999.00,99999.00,99999.00,99999.00,99999.00,99999.00,99999.00,99999.00,99999.00,99999.00,99999.00,99999.00,99999.00,99999.00,99999.00,99999.00,99999.00,99999.00,99999.00,99999.00,99999.00,99999.00,99999.00,99999.00,99999.00,99999.00,99999.00,99999.00,99999.00,99999.00,99999.00,99999.00,99999.00,99999.00,99999.00,99999.00,99999.00,99999.00,99999.00,99999.00,99999.00,99999.00,99999.00,99999.00,99999.00,99999.00,99999.00,99999.00,99999.00,99999.00,99999.00,99999.00,99999.00,99999.00,99999.00,99999.00,99999.00,99999.00,99999.00,99999.00,99999.00,99999.00,99999.00,99999.00,99999.00,99999.00,99999.00,99999.00,99999.00,99999.00,99999.00,99999.00,99999.00,99999.00,99999.00,99999.00,99999.00,99999.00,99999.00,99999.00,99999.00,99999.00,99999.00,99999.00,99999.00,99999.00,99999.00,99999.00,99999.00,99999.00,99999.00,99999.00,99999.00,99999.00,99999.00,99999.00,99999.00,99999.00,99999.00,99999.00,99999.00,99999.00,99999.00,99999.00,99999.00,99999.00,99999.00,99999.00,99999.00,99999.00,99999.00,99999.00,99999.00,99999.00,99999.00,99999.00,99999.00,99999.00,99999.00,99999.00,99999.00,99999.00,99999.00,99999.00,99999.00,99999.00,99999.00,99999.00,99999.00,99999.00,99999.00,99999.00,99999.00,99999.00,99999.00
99999.00,99999.00,99999.00,99999.00,99999.00,99999.00,99999.00,99999.00,99999.00,99999.00,99999.00,99999.00,99999.00,99999.00,99999.00,99999.00,99999.00,99999.00,99999.00,99999.00,99999.00,99999.00,99999.00,99999.00,99999.00,99999.00,99999.00,99999.00,99999.00,99999.00,99999.00,99999.00,99999.00,99999.00,99999.00,99999.00,99999.00,99999.00,99999.00,99999.00,99999.00,99999.00,99999.00,99999.00,99999.00,99999.00,99999.00,99999.00,99999.00,99999.00,99999.00,99999.00,99999.00,99999.00,99999.00,99999.00,99999.00,99999.00,99999.00,99999.00,99999.00,99999.00,99999.00,99999.00,99999.00,99999.00,99999.00,99999.00,99999.00,99999.00,99999.00,99999.00,99999.00,99999.00,99999.00,99999.00,99999.00,99999.00,99999.00,99999.00,99999.00,99999.00,99999.00,99999.00,99999.00,99999.00,99999.00,99999.00,99999.00,99999.00,99999.00,99999.00,99999.00,99999.00,99999.00,99999.00,99999.00,99999.00,99999.00,99999.00,99999.00,99999.00,99999.00,99999.00,99999.00,99999.00,99999.00,99999.00,99999.00,99999.00,99999.00,99999.00,99999.00,99999.00,99999.00,99999.00,99999.00,99999.00,99999.00,99999.00,99999.00,99999.00,99999.00,99999.00,99999.00,99999.00,99999.00,99999.00,99999.00,99999.00,99999.00,99999.00,99999.00,99999.00,99999.00,99999.00,99999.00,99999.00,99999.00,99999.00,99999.00,99999.00,99999.00,99999.00,99999.00,99999.00,99999.00,99999.00,99999.00,99999.00,99999.00,99999.00,99999.00,99999.00,99999.00,99999.00,99999.00,99999.00,99999.00,99999.00,99999.00,99999.00,99999.00,99999.00,99999.00,99999.00,99999.00,99999.00,99999.00,99999.00,99999.00,99999.00,99999.00,99999.00,99999.00,99999.00,99999.00,99999.00,99999.00,99999.00,99999.00,99999.00,99999.00,99999.00,99999.00,99999.00,99999.00,99999.00,99999.00,99999.00,99999.00,99999.00,99999.00,99999.00,99999.00,99999.00,99999.00,99999.00,99999.00,99999.00,99999.00,99999.00,99999.00,99999.00,99999.00,99999.00,99999.00,99999.00,99999.00,99999.00,99999.00,99999.00,99999.00,99999.00,99999.00,99999.00
99999.00,99999.00,99999.00,99999.00,99999.00,99999.00,99999.00,99999.00,99999.00,99999.00,99999.00,99999.00,99999.00,99999.00,99999.00,99999.00,99999.00,99999.00,99999.00,99999.00,99999.00,99999.00,99999.00,99999.00,99999.00,99999.00,99999.00,99999.00,99999.00,99999.00,99999.00,99999.00,99999.00,99999.00,99999.00,99999.00,99999.00,99999.00,99999.00,99999.00,99999.00,99999.00,99999.00,99999.00,99999.00,99999.00,99999.00,99999.00,99999.00,99999.00,99999.00,99999.00,99999.00,99999.00,99999.00,99999.00,99999.00,99999.00,99999.00,99999.00,99999.00,99999.00,99999.00,99999.00,99999.00,99999.00,99999.00,99999.00,99999.00,99999.00,99999.00,99999.00,99999.00,99999.00,99999.00,99999.00,99999.00,99999.00,99999.00,99999.00,99999.00,99999.00,99999.00,99999.00,99999.00,99999.00,99999.00,99999.00,99999.00,99999.00,99999.00,99999.00,99999.00,99999.00,99999.00,99999.00,99999.00,99999.00,99999.00,99999.00,99999.00,99999.00,99999.00,99999.00,99999.00,99999.00,99999.00,99999.00,99999.00,99999.00,99999.00,99999.00,99999.00,99999.00,99999.00,99999.00,99999.00,99999.00,99999.00,99999.00,99999.00,99999.00,99999.00,99999.00,99999.00,99999.00,99999.00,99999.00,99999.00,99999.00,99999.00,99999.00,99999.00,99999.00,99999.00,99999.00,99999.00,99999.00,99999.00,99999.00,99999.00,99999.00,99999.00,99999.00,99999.00,99999.00,99999.00,99999.00,99999.00,99999.00,99999.00,99999.00,99999.00,99999.00,99999.00,99999.00,99999.00,99999.00,99999.00,99999.00,99999.00,99999.00,99999.00,99999.00,99999.00,99999.00,99999.00,99999.00,99999.00,99999.00,99999.00,99999.00,99999.00,99999.00,99999.00,99999.00,99999.00,99999.00,99999.00,99999.00,99999.00,99999.00,99999.00,99999.00,99999.00,99999.00,99999.00,99999.00,99999.00,99999.00,99999.00,99999.00,99999.00,99999.00,99999.00,99999.00,99999.00,99999.00,99999.00,99999.00,99999.00,99999.00,99999.00,99999.00,99999.00,99999.00,99999.00,99999.00,99999.00,99999.00,99999.00,99999.00,99999.00,99999.00,99999.00,99999.00
99999.00,99999.00,99999.00,99999.00,99999.00,99999.00,99999.00,99999.00,99999.00,99999.00,99999.00,99999.00,99999.00,99999.00,99999.00,99999.00,99999.00,99999.00,99999.00,99999.00,99999.00,99999.00,99999.00,99999.00,99999.00,99999.00,99999.00,99999.00,99999.00,99999.00,99999.00,99999.00,99999.00,99999.00,99999.00,99999.00,99999.00,99999.00,99999.00,99999.00,99999.00,99999.00,99999.00,99999.00,99999.00,99999.00,99999.00,99999.00,99999.00,99999.00,99999.00,99999.00,99999.00,99999.00,99999.00,99999.00,99999.00,99999.00,99999.00,99999.00,99999.00,99999.00,99999.00,99999.00,99999.00,99999.00,99999.00,99999.00,99999.00,99999.00,99999.00,99999.00,99999.00,99999.00,99999.00,99999.00,99999.00,99999.00,99999.00,99999.00,99999.00,99999.00,99999.00,99999.00,99999.00,99999.00,99999.00,99999.00,99999.00,99999.00,99999.00,99999.00,99999.00,99999.00,99999.00,99999.00,99999.00,99999.00,99999.00,99999.00,99999.00,99999.00,99999.00,99999.00,99999.00,99999.00,99999.00,99999.00,99999.00,99999.00,99999.00,99999.00,99999.00,99999.00,99999.00,99999.00,99999.00,99999.00,99999.00,99999.00,99999.00,99999.00,99999.00,99999.00,99999.00,99999.00,99999.00,99999.00,99999.00,99999.00,99999.00,99999.00,99999.00,99999.00,99999.00,99999.00,99999.00,99999.00,99999.00,99999.00,99999.00,99999.00,99999.00,99999.00,99999.00,99999.00,99999.00,99999.00,99999.00,99999.00,99999.00,99999.00,99999.00,99999.00,99999.00,99999.00,99999.00,99999.00,99999.00,99999.00,99999.00,99999.00,99999.00,99999.00,99999.00,99999.00,99999.00,99999.00,99999.00,99999.00,99999.00,99999.00,99999.00,99999.00,99999.00,99999.00,99999.00,99999.00,99999.00,99999.00,99999.00,99999.00,99999.00,99999.00,99999.00,99999.00,99999.00,99999.00,99999.00,99999.00,99999.00,99999.00,99999.00,99999.00,99999.00,99999.00,99999.00,99999.00,99999.00,99999.00,99999.00,99999.00,99999.00,99999.00,99999.00,99999.00,99999.00,99999.00,99999.00,99999.00,99999.00,99999.00,99999.00,99999.00,99999.00,99999.00
99999.00,99999.00,99999.00,99999.00,99999.00,99999.00,99999.00,99999.00,99999.00,99999.00,99999.00,99999.00,99999.00,99999.00,99999.00,99999.00,99999.00,99999.00,99999.00,99999.00,99999.00,99999.00,99999.00,99999.00,99999.00,99999.00,99999.00,99999.00,99999.00,99999.00,99999.00,99999.00,99999.00,99999.00,99999.00,99999.00,99999.00,99999.00,99999.00,99999.00,99999.00,99999.00,99999.00,99999.00,99999.00,99999.00,99999.00,99999.00,99999.00,99999.00,99999.00,99999.00,99999.00,99999.00,99999.00,99999.00,99999.00,99999.00,99999.00,99999.00,99999.00,99999.00,99999.00,99999.00,99999.00,99999.00,99999.00,99999.00,99999.00,99999.00,99999.00,99999.00,99999.00,99999.00,99999.00,99999.00,99999.00,99999.00,99999.00,99999.00,99999.00,99999.00,99999.00,99999.00,99999.00,99999.00,99999.00,99999.00,99999.00,99999.00,99999.00,99999.00,99999.00,99999.00,99999.00,99999.00,99999.00,99999.00,99999.00,99999.00,99999.00,99999.00,99999.00,99999.00,99999.00,99999.00,99999.00,99999.00,99999.00,99999.00,99999.00,99999.00,99999.00,99999.00,99999.00,99999.00,99999.00,99999.00,99999.00,99999.00,99999.00,99999.00,99999.00,99999.00,99999.00,99999.00,99999.00,99999.00,99999.00,99999.00,99999.00,99999.00,99999.00,99999.00,99999.00,99999.00,99999.00,99999.00,99999.00,99999.00,99999.00,99999.00,99999.00,99999.00,99999.00,99999.00,99999.00,99999.00,99999.00,99999.00,99999.00,99999.00,99999.00,99999.00,99999.00,99999.00,99999.00,99999.00,99999.00,99999.00,99999.00,99999.00,99999.00,99999.00,99999.00,99999.00,99999.00,99999.00,99999.00,99999.00,99999.00,99999.00,99999.00,99999.00,99999.00,99999.00,99999.00,99999.00,99999.00,99999.00,99999.00,99999.00,99999.00,99999.00,99999.00,99999.00,99999.00,99999.00,99999.00,99999.00,99999.00,99999.00,99999.00,99999.00,99999.00,99999.00,99999.00,99999.00,99999.00,99999.00,99999.00,99999.00,99999.00,99999.00,99999.00,99999.00,99999.00,99999.00,99999.00,99999.00,99999.00,99999.00,99999.00,99999.00,99999.00,99999.00
99999.00,99999.00,99999.00,99999.00,99999.00,99999.00,99999.00,99999.00,99999.00,99999.00,99999.00,99999.00,99999.00,99999.00,99999.00,99999.00,99999.00,99999.00,99999.00,99999.00,99999.00,99999.00,99999.00,99999.00,99999.00,99999.00,99999.00,99999.00,99999.00,99999.00,99999.00,99999.00,99999.00,99999.00,99999.00,99999.00,99999.00,99999.00,99999.00,99999.00,99999.00,99999.00,99999.00,99999.00,99999.00,99999.00,99999.00,99999.00,99999.00,99999.00,99999.00,99999.00,99999.00,99999.00,99999.00,99999.00,99999.00,99999.00,99999.00,99999.00,99999.00,99999.00,99999.00,99999.00,99999.00,99999.00,99999.00,99999.00,99999.00,99999.00,99999.00,99999.00,99999.00,99999.00,99999.00,99999.00,99999.00,99999.00,99999.00,99999.00,99999.00,99999.00,99999.00,99999.00,99999.00,99999.00,99999.00,99999.00,99999.00,99999.00,99999.00,99999.00,99999.00,99999.00,99999.00,99999.00,99999.00,99999.00,99999.00,99999.00,99999.00,99999.00,99999.00,99999.00,99999.00,99999.00,99999.00,99999.00,99999.00,99999.00,99999.00,99999.00,99999.00,99999.00,99999.00,99999.00,99999.00,99999.00,99999.00,99999.00,99999.00,99999.00,99999.00,99999.00,99999.00,99999.00,99999.00,99999.00,99999.00,99999.00,99999.00,99999.00,99999.00,99999.00,99999.00,99999.00,99999.00,99999.00,99999.00,99999.00,99999.00,99999.00,99999.00,99999.00,99999.00,99999.00,99999.00,99999.00,99999.00,99999.00,99999.00,99999.00,99999.00,99999.00,99999.00,99999.00,99999.00,99999.00,99999.00,99999.00,99999.00,99999.00,99999.00,99999.00,99999.00,99999.00,99999.00,99999.00,99999.00,99999.00,99999.00,99999.00,99999.00,99999.00,99999.00,99999.00,99999.00,99999.00,99999.00,99999.00,99999.00,99999.00,99999.00,99999.00,99999.00,99999.00,99999.00,99999.00,99999.00,99999.00,99999.00,99999.00,99999.00,99999.00,99999.00,99999.00,99999.00,99999.00,99999.00,99999.00,99999.00,99999.00,99999.00,99999.00,99999.00,99999.00,99999.00,99999.00,99999.00,99999.00,99999.00,99999.00,99999.00,99999.00,99999.00,99999.00
99999.00,99999.00,99999.00,99999.00,99999.00,99999.00,99999.00,99999.00,99999.00,99999.00,99999.00,99999.00,99999.00,99999.00,99999.00,99999.00,99999.00,99999.00,99999.00,99999.00,99999.00,99999.00,99999.00,99999.00,99999.00,99999.00,99999.00,99999.00,99999.00,99999.00,99999.00,99999.00,99999.00,99999.00,99999.00,99999.00,99999.00,99999.00,99999.00,99999.00,99999.00,99999.00,99999.00,99999.00,99999.00,99999.00,99999.00,99999.00,99999.00,99999.00,99999.00,99999.00,99999.00,99999.00,99999.00,99999.00,99999.00,99999.00,99999.00,99999.00,99999.00,99999.00,99999.00,99999.00,99999.00,99999.00,99999.00,99999.00,99999.00,99999.00,99999.00,99999.00,99999.00,99999.00,99999.00,99999.00,99999.00,99999.00,99999.00,99999.00,99999.00,99999.00,99999.00,99999.00,99999.00,99999.00,99999.00,99999.00,99999.00,99999.00,99999.00,99999.00,99999.00,99999.00,99999.00,99999.00,99999.00,99999.00,99999.00,99999.00,99999.00,99999.00,99999.00,99999.00,99999.00,99999.00,99999.00,99999.00,99999.00,99999.00,99999.00,99999.00,99999.00,99999.00,99999.00,99999.00,99999.00,99999.00,99999.00,99999.00,99999.00,99999.00,99999.00,99999.00,99999.00,99999.00,99999.00,99999.00,99999.00,99999.00,99999.00,99999.00,99999.00,99999.00,99999.00,99999.00,99999.00,99999.00,99999.00,99999.00,99999.00,99999.00,99999.00,99999.00,99999.00,99999.00,99999.00,99999.00,99999.00,99999.00,99999.00,99999.00,99999.00,99999.00,99999.00,99999.00,99999.00,99999.00,99999.00,99999.00,99999.00,99999.00,99999.00,99999.00,99999.00,99999.00,99999.00,99999.00,99999.00,99999.00,99999.00,99999.00,99999.00,99999.00,99999.00,99999.00,99999.00,99999.00,99999.00,99999.00,99999.00,99999.00,99999.00,99999.00,99999.00,99999.00,99999.00,99999.00,99999.00,99999.00,99999.00,99999.00,99999.00,99999.00,99999.00,99999.00,99999.00,99999.00,99999.00,99999.00,99999.00,99999.00,99999.00,99999.00,99999.00,99999.00,99999.00,99999.00,99999.00,99999.00,99999.00,99999.00,99999.00,99999.00,99999.00,99999.00
99999.00,99999.00,99999.00,99999.00,99999.00,99999.00,99999.00,99999.00,99999.00,99999.00,99999.00,99999.00,99999.00,99999.00,99999.00,99999.00,99999.00,99999.00,99999.00,99999.00,99999.00,99999.00,99999.00,99999.00,99999.00,99999.00,99999.00,99999.00,99999.00,99999.00,99999.00,99999.00,99999.00,99999.00,99999.00,99999.00,99999.00,99999.00,99999.00,99999.00,99999.00,99999.00,99999.00,99999.00,99999.00,99999.00,99999.00,99999.00,99999.00,99999.00,99999.00,99999.00,99999.00,99999.00,99999.00,99999.00,99999.00,99999.00,99999.00,99999.00,99999.00,99999.00,99999.00,99999.00,99999.00,99999.00,99999.00,99999.00,99999.00,99999.00,99999.00,99999.00,99999.00,99999.00,99999.00,99999.00,99999.00,99999.00,99999.00,99999.00,99999.00,99999.00,99999.00,99999.00,99999.00,99999.00,99999.00,99999.00,99999.00,99999.00,99999.00,99999.00,99999.00,99999.00,99999.00,99999.00,99999.00,99999.00,99999.00,99999.00,99999.00,99999.00,99999.00,99999.00,99999.00,99999.00,99999.00,99999.00,99999.00,99999.00,99999.00,99999.00,99999.00,99999.00,99999.00,99999.00,99999.00,99999.00,99999.00,99999.00,99999.00,99999.00,99999.00,99999.00,99999.00,99999.00,99999.00,99999.00,99999.00,99999.00,99999.00,99999.00,99999.00,99999.00,99999.00,99999.00,99999.00,99999.00,99999.00,99999.00,99999.00,99999.00,99999.00,99999.00,99999.00,99999.00,99999.00,99999.00,99999.00,99999.00,99999.00,99999.00,99999.00,99999.00,99999.00,99999.00,99999.00,99999.00,99999.00,99999.00,99999.00,99999.00,99999.00,99999.00,99999.00,99999.00,99999.00,99999.00,99999.00,99999.00,99999.00,99999.00,99999.00,99999.00,99999.00,99999.00,99999.00,99999.00,99999.00,99999.00,99999.00,99999.00,99999.00,99999.00,99999.00,99999.00,99999.00,99999.00,99999.00,99999.00,99999.00,99999.00,99999.00,99999.00,99999.00,99999.00,99999.00,99999.00,99999.00,99999.00,99999.00,99999.00,99999.00,99999.00,99999.00,99999.00,99999.00,99999.00,99999.00,99999.00,99999.00,99999.00,99999.00,99999.00,99999.00,99999.00
99999.00,99999.00,99999.00,99999.00,99999.00,99999.00,99999.00,99999.00,99999.00,99999.00,99999.00,99999.00,99999.00,99999.00,99999.00,99999.00,99999.00,99999.00,99999.00,99999.00,99999.00,99999.00,99999.00,99999.00,99999.00,99999.00,99999.00,99999.00,99999.00,99999.00,99999.00,99999.00,99999.00,99999.00,99999.00,99999.00,99999.00,99999.00,99999.00,99999.00,99999.00,99999.00,99999.00,99999.00,99999.00,99999.00,99999.00,99999.00,99999.00,99999.00,99999.00,99999.00,99999.00,99999.00,99999.00,99999.00,99999.00,99999.00,99999.00,99999.00,99999.00,99999.00,99999.00,99999.00,99999.00,99999.00,99999.00,99999.00,99999.00,99999.00,99999.00,99999.00,99999.00,99999.00,99999.00,99999.00,99999.00,99999.00,99999.00,99999.00,99999.00,99999.00,99999.00,99999.00,99999.00,99999.00,99999.00,99999.00,99999.00,99999.00,99999.00,99999.00,99999.00,99999.00,99999.00,99999.00,99999.00,99999.00,99999.00,99999.00,99999.00,99999.00,99999.00,99999.00,99999.00,99999.00,99999.00,99999.00,99999.00,99999.00,99999.00,99999.00,99999.00,99999.00,99999.00,99999.00,99999.00,99999.00,99999.00,99999.00,99999.00,99999.00,99999.00,99999.00,99999.00,99999.00,99999.00,99999.00,99999.00,99999.00,99999.00,99999.00,99999.00,99999.00,99999.00,99999.00,99999.00,99999.00,99999.00,99999.00,99999.00,99999.00,99999.00,99999.00,99999.00,99999.00,99999.00,99999.00,99999.00,99999.00,99999.00,99999.00,99999.00,99999.00,99999.00,99999.00,99999.00,99999.00,99999.00,99999.00,99999.00,99999.00,99999.00,99999.00,99999.00,99999.00,99999.00,99999.00,99999.00,99999.00,99999.00,99999.00,99999.00,99999.00,99999.00,99999.00,99999.00,99999.00,99999.00,99999.00,99999.00,99999.00,99999.00,99999.00,99999.00,99999.00,99999.00,99999.00,99999.00,99999.00,99999.00,99999.00,99999.00,99999.00,99999.00,99999.00,99999.00,99999.00,99999.00,99999.00,99999.00,99999.00,99999.00,99999.00,99999.00,99999.00,99999.00,99999.00,99999.00,99999.00,99999.00,99999.00,99999.00,99999.00,99999.00,99999.00
99999.00,99999.00,99999.00,99999.00,99999.00,99999.00,99999.00,99999.00,99999.00,99999.00,99999.00,99999.00,99999.00,99999.00,99999.00,99999.00,99999.00,99999.00,99999.00,99999.00,99999.00,99999.00,99999.00,99999.00,99999.00,99999.00,99999.00,99999.00,99999.00,99999.00,99999.00,99999.00,99999.00,99999.00,99999.00,99999.00,99999.00,99999.00,99999.00,99999.00,99999.00,99999.00,99999.00,99999.00,99999.00,99999.00,99999.00,99999.00,99999.00,99999.00,99999.00,99999.00,99999.00,99999.00,99999.00,99999.00,99999.00,99999.00,99999.00,99999.00,99999.00,99999.00,99999.00,99999.00,99999.00,99999.00,99999.00,99999.00,99999.00,99999.00,99999.00,99999.00,99999.00,99999.00,99999.00,99999.00,99999.00,99999.00,99999.00,99999.00,99999.00,99999.00,99999.00,99999.00,99999.00,99999.00,99999.00,99999.00,99999.00,99999.00,99999.00,99999.00,99999.00,99999.00,99999.00,99999.00,99999.00,99999.00,99999.00,99999.00,99999.00,99999.00,99999.00,99999.00,99999.00,99999.00,99999.00,99999.00,99999.00,99999.00,99999.00,99999.00,99999.00,99999.00,99999.00,99999.00,99999.00,99999.00,99999.00,99999.00,99999.00,99999.00,99999.00,99999.00,99999.00,99999.00,99999.00,99999.00,99999.00,99999.00,99999.00,99999.00,99999.00,99999.00,99999.00,99999.00,99999.00,99999.00,99999.00,99999.00,99999.00,99999.00,99999.00,99999.00,99999.00,99999.00,99999.00,99999.00,99999.00,99999.00,99999.00,99999.00,99999.00,99999.00,99999.00,99999.00,99999.00,99999.00,99999.00,99999.00,99999.00,99999.00,99999.00,99999.00,99999.00,99999.00,99999.00,99999.00,99999.00,99999.00,99999.00,99999.00,99999.00,99999.00,99999.00,99999.00,99999.00,99999.00,99999.00,99999.00,99999.00,99999.00,99999.00,99999.00,99999.00,99999.00,99999.00,99999.00,99999.00,99999.00,99999.00,99999.00,99999.00,99999.00,99999.00,99999.00,99999.00,99999.00,99999.00,99999.00,99999.00,99999.00,99999.00,99999.00,99999.00,99999.00,99999.00,99999.00,99999.00,99999.00,99999.00,99999.00,99999.00,99999.00,99999.00,99999.00
99999.00,99999.00,99999.00,99999.00,99999.00,99999.00,99999.00,99999.00,99999.00,99999.00,99999.00,99999.00,99999.00,99999.00,99999.00,99999.00,99999.00,99999.00,99999.00,99999.00,99999.00,99999.00,99999.00,99999.00,99999.00,99999.00,99999.00,99999.00,99999.00,99999.00,99999.00,99999.00,99999.00,99999.00,99999.00,99999.00,99999.00,99999.00,99999.00,99999.00,99999.00,99999.00,99999.00,99999.00,99999.00,99999.00,99999.00,99999.00,99999.00,99999.00,99999.00,99999.00,99999.00,99999.00,99999.00,99999.00,99999.00,99999.00,99999.00,99999.00,99999.00,99999.00,99999.00,99999.00,99999.00,99999.00,99999.00,99999.00,99999.00,99999.00,99999.00,99999.00,99999.00,99999.00,99999.00,99999.00,99999.00,99999.00,99999.00,99999.00,99999.00,99999.00,99999.00,99999.00,99999.00,99999.00,99999.00,99999.00,99999.00,99999.00,99999.00,99999.00,99999.00,99999.00,99999.00,99999.00,99999.00,99999.00,99999.00,99999.00,99999.00,99999.00,99999.00,99999.00,99999.00,99999.00,99999.00,99999.00,99999.00,99999.00,99999.00,99999.00,99999.00,99999.00,99999.00,99999.00,99999.00,99999.00,99999.00,99999.00,99999.00,99999.00,99999.00,99999.00,99999.00,99999.00,99999.00,99999.00,99999.00,99999.00,99999.00,99999.00,99999.00,99999.00,99999.00,99999.00,99999.00,99999.00,99999.00,99999.00,99999.00,99999.00,99999.00,99999.00,99999.00,99999.00,99999.00,99999.00,99999.00,99999.00,99999.00,99999.00,99999.00,99999.00,99999.00,99999.00,99999.00,99999.00,99999.00,99999.00,99999.00,99999.00,99999.00,99999.00,99999.00,99999.00,99999.00,99999.00,99999.00,99999.00,99999.00,99999.00,99999.00,99999.00,99999.00,99999.00,99999.00,99999.00,99999.00,99999.00,99999.00,99999.00,99999.00,99999.00,99999.00,99999.00,99999.00,99999.00,99999.00,99999.00,99999.00,99999.00,99999.00,99999.00,99999.00,99999.00,99999.00,99999.00,99999.00,99999.00,99999.00,99999.00,99999.00,99999.00,99999.00,99999.00,99999.00,99999.00,99999.00,99999.00,99999.00,99999.00,99999.00,99999.00,99999.00,99999.00
99999.00,99999.00,99999.00,99999.00,99999.00,99999.00,99999.00,99999.00,99999.00,99999.00,99999.00,99999.00,99999.00,99999.00,99999.00,99999.00,99999.00,99999.00,99999.00,99999.00,99999.00,99999.00,99999.00,99999.00,99999.00,99999.00,99999.00,99999.00,99999.00,99999.00,99999.00,99999.00,99999.00,99999.00,99999.00,99999.00,99999.00,99999.00,99999.00,99999.00,99999.00,99999.00,99999.00,99999.00,99999.00,99999.00,99999.00,99999.00,99999.00,99999.00,99999.00,99999.00,99999.00,99999.00,99999.00,99999.00,99999.00,99999.00,99999.00,99999.00,99999.00,99999.00,99999.00,99999.00,99999.00,99999.00,99999.00,99999.00,99999.00,99999.00,99999.00,99999.00,99999.00,99999.00,99999.00,99999.00,99999.00,99999.00,99999.00,99999.00,99999.00,99999.00,99999.00,99999.00,99999.00,99999.00,99999.00,99999.00,99999.00,99999.00,99999.00,99999.00,99999.00,99999.00,99999.00,99999.00,99999.00,99999.00,99999.00,99999.00,99999.00,99999.00,99999.00,99999.00,99999.00,99999.00,99999.00,99999.00,99999.00,99999.00,99999.00,99999.00,99999.00,99999.00,99999.00,99999.00,99999.00,99999.00,99999.00,99999.00,99999.00,99999.00,99999.00,99999.00,99999.00,99999.00,99999.00,99999.00,99999.00,99999.00,99999.00,99999.00,99999.00,99999.00,99999.00,99999.00,99999.00,99999.00,99999.00,99999.00,99999.00,99999.00,99999.00,99999.00,99999.00,99999.00,99999.00,99999.00,99999.00,99999.00,99999.00,99999.00,99999.00,99999.00,99999.00,99999.00,99999.00,99999.00,99999.00,99999.00,99999.00,99999.00,99999.00,99999.00,99999.00,99999.00,99999.00,99999.00,99999.00,99999.00,99999.00,99999.00,99999.00,99999.00,99999.00,99999.00,99999.00,99999.00,99999.00,99999.00,99999.00,99999.00,99999.00,99999.00,99999.00,99999.00,99999.00,99999.00,99999.00,99999.00,99999.00,99999.00,99999.00,99999.00,99999.00,99999.00,99999.00,99999.00,99999.00,99999.00,99999.00,99999.00,99999.00,99999.00,99999.00,99999.00,99999.00,99999.00,99999.00,99999.00,99999.00,99999.00,99999.00,99999.00,99999.00,99999.00
99999.00,99999.00,99999.00,99999.00,99999.00,99999.00,99999.00,99999.00,99999.00,99999.00,99999.00,99999.00,99999.00,99999.00,99999.00,99999.00,99999.00,99999.00,99999.00,99999.00,99999.00,99999.00,99999.00,99999.00,99999.00,99999.00,99999.00,99999.00,99999.00,99999.00,99999.00,99999.00,99999.00,99999.00,99999.00,99999.00,99999.00,99999.00,99999.00,99999.00,99999.00,99999.00,99999.00,99999.00,99999.00,99999.00,99999.00,99999.00,99999.00,99999.00,99999.00,99999.00,99999.00,99999.00,99999.00,99999.00,99999.00,99999.00,99999.00,99999.00,99999.00,99999.00,99999.00,99999.00,99999.00,99999.00,99999.00,99999.00,99999.00,99999.00,99999.00,99999.00,99999.00,99999.00,99999.00,99999.00,99999.00,99999.00,99999.00,99999.00,99999.00,99999.00,99999.00,99999.00,99999.00,99999.00,99999.00,99999.00,99999.00,99999.00,99999.00,99999.00,99999.00,99999.00,99999.00,99999.00,99999.00,99999.00,99999.00,99999.00,99999.00,99999.00,99999.00,99999.00,99999.00,99999.00,99999.00,99999.00,99999.00,99999.00,99999.00,99999.00,99999.00,99999.00,99999.00,99999.00,99999.00,99999.00,99999.00,99999.00,99999.00,99999.00,99999.00,99999.00,99999.00,99999.00,99999.00,99999.00,99999.00,99999.00,99999.00,99999.00,99999.00,99999.00,99999.00,99999.00,99999.00,99999.00,99999.00,99999.00,99999.00,99999.00,99999.00,99999.00,99999.00,99999.00,99999.00,99999.00,99999.00,99999.00,99999.00,99999.00,99999.00,99999.00,99999.00,99999.00,99999.00,99999.00,99999.00,99999.00,99999.00,99999.00,99999.00,99999.00,99999.00,99999.00,99999.00,99999.00,99999.00,99999.00,99999.00,99999.00,99999.00,99999.00,99999.00,99999.00,99999.00,99999.00,99999.00,99999.00,99999.00,99999.00,99999.00,99999.00,99999.00,99999.00,99999.00,99999.00,99999.00,99999.00,99999.00,99999.00,99999.00,99999.00,99999.00,99999.00,99999.00,99999.00,99999.00,99999.00,99999.00,99999.00,99999.00,99999.00,99999.00,99999.00,99999.00,99999.00,99999.00,99999.00,99999.00,99999.00,99999.00,99999.00,99999.00,99999.00
99999.00,99999.00,99999.00,99999.00,99999.00,99999.00,99999.00,99999.00,99999.00,99999.00,99999.00,99999.00,99999.00,99999.00,99999.00,99999.00,99999.00,99999.00,99999.00,99999.00,99999.00,99999.00,99999.00,99999.00,99999.00,99999.00,99999.00,99999.00,99999.00,99999.00,99999.00,99999.00,99999.00,99999.00,99999.00,99999.00,99999.00,99999.00,99999.00,99999.00,99999.00,99999.00,99999.00,99999.00,99999.00,99999.00,99999.00,99999.00,99999.00,99999.00,1353.98,1339.88,1327.30,1315.78,1306.18,1298.02,1291.21,1285.07,1279.54,1274.45,1269.88,1265.75,1262.14,1259.10,1256.71,1255.10,1254.37,1254.71,1256.86,1261.40,1268.80,1277.78,99999.00,99999.00,99999.00,99999.00,99999.00,99999.00,99999.00,99999.00,99999.00,99999.00,99999.00,99999.00,99999.00,99999.00,99999.00,99999.00,99999.00,99999.00,99999.00,99999.00,99999.00,99999.00,99999.00,99999.00,99999.00,99999.00,99999.00,99999.00,99999.00,99999.00,99999.00,99999.00,1370.12,1361.02,1353.91,1348.76,1345.05,1342.37,1340.48,1339.31,1338.75,1338.69,1339.27,1340.27,1341.79,1343.62,1345.82,1348.34,1351.12,1354.27,1357.59,1361.22,1365.06,1369.07,1373.34,1377.69,1382.24,1386.88,1391.78,1396.97,1402.43,1408.17,1414.00,1420.06,1426.13,1432.47,1439.01,1445.62,1452.42,1459.42,1466.57,1473.79,1481.07,1488.47,1495.92,1503.36,1510.80,1518.26,1525.76,1533.26,1540.85,1548.53,1556.26,1564.08,1571.99,1579.97,1588.14,1596.31,1604.62,1613.03,1621.56,1630.23,1638.98,1647.92,1656.88,1665.83,1674.76,1683.69,1692.59,1701.47,1710.31,1719.13,1727.96,1736.75,1745.50,1754.20,1762.89,1771.56,1780.16,1788.70,1797.21,1805.66,1814.03,1822.41,1830.74,1838.98,1847.19,1855.33,1863.38,1871.44,1879.38,1887.27,1895.12,1903.00,1910.91,1919.08,1927.30,1935.59,1943.93,99999.00,99999.00,99999.00,99999.00,99999.00,99999.00,99999.00,99999.00,99999.00,99999.00,99999.00,99999.00,99999.00,99999.00,99999.00
99999.00,99999.00,99999.00,99999.00,99999.00,99999.00,99999.00,99999.00,99999.00,99999.00,99999.00,99999.00,99999.00,99999.00,99999.00,99999.00,99999.00,99999.00,99999.00,99999.00,99999.00,99999.00,99999.00,99999.00,99999.00,99999.00,99999.00,99999.00,99999.00,99999.00,99999.00,99999.00,99999.00,99999.00,99999.00,99999.00,99999.00,99999.00,99999.00,99999.00,99999.00,99999.00,99999.00,99999.00,99999.00,99999.00,99999.00,99999.00,99999.00,99999.00,1334.57,1320.69,1308.18,1296.76,1286.71,1278.44,1271.36,1265.44,1260.08,1255.09,1250.59,1246.48,1242.85,1239.73,1237.19,1235.37,1234.36,1234.34,1236.01,1239.93,1246.51,1254.96,99999.00,99999.00,99999.00,99999.00,99999.00,99999.00,99999.00,99999.00,99999.00,99999.00,99999.00,99999.00,99999.00,99999.00,99999.00,99999.00,99999.00,99999.00,99999.00,99999.00,99999.00,99999.00,99999.00,99999.00,99999.00,99999.00,99999.00,99999.00,99999.00,99999.00,99999.00,99999.00,1347.83,1339.27,1333.10,1328.69,1325.58,1323.41,1321.95,1321.15,1320.93,1321.16,1322.00,1323.24,1324.97,1327.00,1329.38,1332.06,1334.99,1338.29,1341.74,1345.50,1349.46,1353.57,1357.95,1362.40,1367.03,1371.76,1376.71,1382.08,1387.62,1393.46,1399.39,1405.45,1411.71,1418.05,1424.66,1431.46,1438.32,1445.32,1452.47,1459.75,1467.15,1474.60,1482.04,1489.48,1496.94,1504.44,1511.94,1519.53,1527.21,1534.94,1542.76,1550.67,1558.65,1566.82,1574.99,1583.30,1591.71,1600.24,1608.91,1617.66,1626.60,1635.56,1644.51,1653.44,1662.37,1671.27,1680.15,1688.99,1697.81,1706.64,1715.43,1724.18,1732.88,1741.57,1750.24,1758.84,1767.38,1775.89,1784.34,1792.71,1801.09,1809.42,1817.66,1825.87,1834.01,1842.06,1850.11,1858.06,1865.95,1873.80,1881.68,1889.59,1897.76,1905.97,1914.27,1922.61,1936.71,99999.00,99999.00,99999.00,99999.00,99999.00,99999.00,99999.00,99999.00,99999.00,99999.00,99999.00,99999.00,99999.00,99999.00,99999.00
99999.00,99999.00,99999.00,99999.00,99999.00,99999.00,99999.00,99999.00,99999.00,99999.00,99999.00,99999.00,99999.00,99999.00,99999.00,99999.00,99999.00,99999.00,99999.00,99999.00,99999.00,99999.00,99999.00,99999.00,99999.00,99999.00,99999.00,99999.00,99999.00,99999.00,99999.00,99999.00,99999.00,99999.00,99999.00,99999.00,99999.00,99999.00,99999.00,99999.00,99999.00,99999.00,99999.00,99999.00,99999.00,99999.00,99999.00,99999.00,99999.00,99999.00,1316.62,1302.86,1290.56,1279.22,1268.87,1260.33,1252.99,1246.93,1241.73,1236.86,1232.42,1228.33,1224.68,1221.49,1218.83,1216.83,1215.56,1215.17,1216.37,1219.68,1225.43,1233.48,99999.00,99999.00,99999.00,99999.00,99999.00,99999.00,99999.00,99999.00,99999.00,99999.00,99999.00,99999.00,99999.00,99999.00,99999.00,99999.00,99999.00,99999.00,99999.00,99999.00,99999.00,99999.00,99999.00,99999.00,99999.00,99999.00,99999.00,99999.00,99999.00,99999.00,99999.00,99999.00,1326.11,1318.72,1313.49,1309.82,1307.32,1305.65,1304.63,1304.21,1304.31,1304.84,1305.94,1307.42,1309.37,1311.59,1314.14,1316.99,1320.08,1323.51,1327.10,1330.98,1335.06,1339.28,1343.76,1348.43,1353.20,1358.16,1363.26,1368.72,1374.46,1380.29,1386.35,1392.42,1398.76,1405.30,1411.91,1418.71,1425.71,1432.86,1440.14,1447.54,1454.99,1462.43,1469.87,1477.33,1484.83,1492.33,1499.91,1507.60,1515.33,1523.15,1531.06,1539.04,1547.21,1555.38,1563.69,1572.09,1580.63,1589.30,1598.05,1606.99,1615.95,1624.90,1633.83,1642.76,1651.66,1660.53,1669.38,1678.19,1687.02,1695.82,1704.56,1713.26,1721.95,1730.63,1739.23,1747.76,1756.28,1764.72,1773.10,1781.48,1789.81,1798.05,1806.26,1814.39,1822.45,1830.50,1838.45,1846.34,1854.19,1862.07,1869.98,1878.14,1886.36,1894.66,1903.00,1915.75,1930.17,99999.00,99999.00,99999.00,99999.00,99999.00,99999.00,99999.00,99999.00,99999.00,99999.00,99999.00,99999.00,99999.00,99999.00,99999.00
99999.00,99999.00,99999.00,99999.00,99999.00,99999.00,99999.00,99999.00,99999.00,99999.00,99999.00,99999.00,99999.00,99999.00,99999.00,99999.00,99999.00,99999.00,99999.00,99999.00,99999.00,99999.00,99999.00,99999.00,99999.00,99999.00,99999.00,99999.00,99999.00,99999.00,99999.00,99999.00,99999.00,99999.00,99999.00,99999.00,99999.00,99999.00,99999.00,99999.00,99999.00,99999.00,99999.00,99999.00,99999.00,99999.00,99999.00,99999.00,99999.00,99999.00,1299.98,1286.13,1273.95,1262.82,1252.34,1243.35,1235.91,1229.47,1224.24,1219.49,1215.12,1211.06,1207.38,1204.13,1201.35,1199.17,1197.66,1196.94,1197.69,1200.37,1205.31,1212.72,99999.00,99999.00,99999.00,99999.00,99999.00,99999.00,99999.00,99999.00,99999.00,99999.00,99999.00,99999.00,99999.00,99999.00,99999.00,99999.00,99999.00,99999.00,99999.00,99999.00,99999.00,99999.00,99999.00,99999.00,99999.00,99999.00,99999.00,99999.00,99999.00,99999.00,99999.00,99999.00,1305.29,1299.13,1294.84,1291.91,1290.02,1288.86,1288.27,1288.23,1288.66,1289.48,1290.84,1292.55,1294.71,1297.13,1299.87,1302.88,1306.12,1309.70,1313.42,1317.45,1321.69,1326.25,1330.89,1335.73,1340.66,1345.70,1351.07,1356.61,1362.45,1368.38,1374.44,1380.70,1387.05,1393.65,1400.46,1407.45,1414.61,1421.88,1429.28,1436.73,1444.17,1451.61,1459.07,1466.57,1474.08,1481.66,1489.34,1497.07,1504.89,1512.80,1520.78,1528.95,1537.12,1545.44,1553.84,1562.37,1571.04,1579.79,1588.73,1597.69,1606.64,1615.57,1624.50,1633.40,1642.28,1651.12,1659.94,1668.77,1677.56,1686.31,1695.01,1703.70,1712.37,1720.97,1729.51,1738.02,1746.47,1754.84,1763.22,1771.55,1779.79,1788.00,1796.14,1804.19,1812.25,1820.20,1828.08,1835.93,1843.81,1851.72,1859.89,1868.11,1876.40,1884.74,1896.46,1909.49,1924.16,99999.00,99999.00,99999.00,99999.00,99999.00,99999.00,99999.00,99999.00,99999.00,99999.00,99999.00,99999.00,99999.00,99999.00,99999.00
99999.00,99999.00,99999.00,99999.00,99999.00,99999.00,99999.00,99999.00,99999.00,99999.00,99999.00,99999.00,99999.00,99999.00,99999.00,99999.00,99999.00,99999.00,99999.00,99999.00,99999.00,99999.00,99999.00,99999.00,99999.00,99999.00,99999.00,99999.00,99999.00,99999.00,99999.00,99999.00,99999.00,99999.00,99999.00,99999.00,99999.00,99999.00,99999.00,99999.00,99999.00,99999.00,99999.00,99999.00,99999.00,99999.00,99999.00,99999.00,99999.00,99999.00,1284.28,1270.45,1258.18,1247.16,1236.90,1227.44,1219.72,1213.03,1207.46,1202.81,1198.51,1194.47,1190.78,1187.46,1184.56,1182.21,1180.46,1179.41,1179.73,1181.84,1185.98,1192.26,99999.00,99999.00,99999.00,99999.00,99999.00,99999.00,99999.00,99999.00,99999.00,99999.00,99999.00,99999.00,99999.00,99999.00,99999.00,99999.00,99999.00,99999.00,99999.00,99999.00,99999.00,99999.00,99999.00,99999.00,99999.00,99999.00,99999.00,99999.00,99999.00,99999.00,99999.00,99999.00,1285.25,1280.33,1276.97,1274.78,1273.50,1272.85,1272.69,1273.02,1273.78,1274.90,1276.52,1278.47,1280.84,1283.46,1286.37,1289.55,1292.94,1296.71,1300.66,1305.00,1309.46,1314.18,1319.07,1324.04,1329.20,1334.40,1339.86,1345.60,1351.43,1357.48,1363.55,1369.90,1376.50,1383.31,1390.30,1397.46,1404.73,1412.13,1419.58,1427.02,1434.46,1441.92,1449.42,1456.93,1464.51,1472.19,1479.92,1487.74,1495.66,1503.63,1511.80,1519.97,1528.29,1536.69,1545.22,1553.89,1562.64,1571.58,1580.55,1589.49,1598.42,1607.35,1616.25,1625.13,1633.97,1642.79,1651.62,1660.41,1669.16,1677.86,1686.55,1695.22,1703.82,1712.36,1720.87,1729.32,1737.69,1746.07,1754.40,1762.64,1770.85,1778.99,1787.04,1795.10,1803.05,1810.93,1818.78,1826.66,1834.57,1842.74,1850.96,1859.25,1867.59,1878.48,1890.45,1903.71,1918.74,99999.00,99999.00,99999.00,99999.00,99999.00,99999.00,99999.00,99999.00,99999.00,99999.00,99999.00,99999.00,99999.00,99999.00,99999.00
99999.00,99999.00,99999.00,99999.00,99999.00,99999.00,99999.00,99999.00,99999.00,99999.00,99999.00,99999.00,99999.00,99999.00,99999.00,99999.00,99999.00,99999.00,99999.00,99999.00,99999.00,99999.00,99999.00,99999.00,99999.00,99999.00,99999.00,99999.00,99999.00,99999.00,99999.00,99999.00,99999.00,99999.00,99999.00,99999.00,99999.00,99999.00,99999.00,99999.00,99999.00,99999.00,99999.00,99999.00,99999.00,99999.00,99999.00,99999.00,99999.00,99999.00,1269.42,1255.52,1243.27,1232.17,1222.02,1212.43,1204.27,1197.47,1191.53,1186.67,1182.45,1178.44,1174.74,1171.35,1168.34,1165.83,1163.83,1162.46,1162.35,1163.90,1167.26,1172.46,99999.00,99999.00,99999.00,99999.00,99999.00,99999.00,99999.00,99999.00,99999.00,99999.00,99999.00,99999.00,99999.00,99999.00,99999.00,99999.00,99999.00,99999.00,99999.00,99999.00,99999.00,99999.00,99999.00,99999.00,99999.00,99999.00,99999.00,99999.00,99999.00,99999.00,99999.00,99999.00,1265.87,1262.18,1259.75,1258.31,1257.63,1257.49,1257.77,1258.48,1259.57,1260.97,1262.86,1265.04,1267.63,1270.44,1273.53,1276.88,1280.55,1284.57,1288.89,1293.38,1298.19,1303.06,1308.12,1313.25,1318.49,1323.95,1329.50,1335.33,1341.26,1347.33,1353.67,1360.28,1367.08,1374.08,1381.23,1388.51,1395.91,1403.36,1410.80,1418.24,1425.70,1433.20,1440.70,1448.29,1455.97,1463.70,1471.52,1479.43,1487.41,1495.58,1503.75,1512.06,1520.47,1529.00,1537.67,1546.42,1555.36,1564.32,1573.27,1582.20,1591.13,1600.03,1608.91,1617.75,1626.56,1635.40,1644.19,1652.93,1661.63,1670.32,1679.00,1687.60,1696.14,1704.65,1713.09,1721.47,1729.85,1738.18,1746.42,1754.63,1762.76,1770.82,1778.87,1786.82,1794.71,1802.56,1810.44,1818.35,1826.52,1834.73,1843.03,1851.37,1861.59,1872.71,1885.03,1898.90,1913.98,99999.00,99999.00,99999.00,99999.00,99999.00,99999.00,99999.00,99999.00,99999.00,99999.00,99999.00,99999.00,99999.00,99999.00,99999.00
99999.00,99999.00,99999.00,99999.00,99999.00,99999.00,99999.00,99999.00,99999.00,99999.00,99999.00,99999.00,99999.00,99999.00,99999.00,99999.00,99999.00,99999.00,99999.00,99999.00,99999.00,99999.00,99999.00,99999.00,99999.00,99999.00,99999.00,99999.00,99999.00,99999.00,99999.00,99999.00,99999.00,99999.00,99999.00,99999.00,99999.00,99999.00,99999.00,99999.00,99999.00,99999.00,99999.00,99999.00,99999.00,99999.00,99999.00,99999.00,99999.00,99999.00,1255.37,1241.29,1228.97,1217.89,1207.66,1198.23,1189.58,1182.51,1176.32,1171.13,1166.84,1162.87,1159.15,1155.71,1152.59,1149.91,1147.68,1145.99,1145.46,1146.43,1149.02,1153.16,99999.00,99999.00,99999.00,99999.00,99999.00,99999.00,99999.00,99999.00,99999.00,99999.00,99999.00,99999.00,99999.00,99999.00,99999.00,99999.00,99999.00,99999.00,99999.00,99999.00,99999.00,99999.00,99999.00,99999.00,99999.00,99999.00,99999.00,99999.00,99999.00,99999.00,99999.00,99999.00,1247.05,1244.59,1243.10,1242.40,1242.33,1242.69,1243.41,1244.49,1245.91,1247.61,1249.76,1252.18,1254.98,1257.98,1261.32,1264.95,1269.03,1273.28,1277.89,1282.62,1287.58,1292.70,1297.89,1303.26,1308.65,1314.21,1319.95,1325.78,1331.84,1338.18,1344.79,1351.59,1358.59,1365.74,1373.02,1380.42,1387.87,1395.31,1402.75,1410.21,1417.71,1425.21,1432.80,1440.48,1448.21,1456.03,1463.94,1471.92,1480.09,1488.26,1496.57,1504.98,1513.51,1522.18,1530.93,1539.88,1548.86,1557.82,1566.77,1575.70,1584.60,1593.47,1602.32,1611.13,1619.97,1628.76,1637.50,1646.20,1654.89,1663.57,1672.17,1680.70,1689.22,1697.66,1706.04,1714.42,1722.75,1730.99,1739.20,1747.33,1755.39,1763.44,1771.39,1779.28,1787.13,1795.01,1802.92,1811.09,1819.30,1827.60,1835.94,1845.59,1856.17,1867.94,1880.85,1894.72,1909.80,99999.00,99999.00,99999.00,99999.00,99999.00,99999.00,99999.00,99999.00,99999.00,99999.00,99999.00,99999.00,99999.00,99999.00,99999.00
99999.00,99999.00,99999.00,99999.00,99999.00,99999.00,99999.00,99999.00,99999.00,99999.00,99999.00,99999.00,99999.00,99999.00,99999.00,99999.00,99999.00,99999.00,99999.00,99999.00,99999.00,99999.00,99999.00,99999.00,99999.00,99999.00,99999.00,99999.00,99999.00,99999.00,99999.00,99999.00,99999.00,99999.00,99999.00,99999.00,99999.00,99999.00,99999.00,99999.00,99999.00,99999.00,99999.00,99999.00,99999.00,99999.00,99999.00,99999.00,99999.00,99999.00,1241.87,1227.75,1215.26,1204.09,1193.88,1184.32,1175.56,1168.05,1161.76,1156.19,1151.61,1147.67,1143.95,1140.45,1137.23,1134.38,1131.92,1129.92,1128.97,1129.38,1131.20,1134.27,99999.00,99999.00,99999.00,99999.00,99999.00,99999.00,99999.00,99999.00,99999.00,99999.00,99999.00,99999.00,99999.00,99999.00,99999.00,99999.00,99999.00,99999.00,99999.00,99999.00,99999.00,99999.00,99999.00,99999.00,99999.00,99999.00,99999.00,99999.00,99999.00,99999.00,99999.00,99999.00,1228.72,1227.49,1226.93,1226.98,1227.51,1228.38,1229.53,1230.99,1232.74,1234.73,1237.14,1239.79,1242.81,1246.08,1249.79,1253.81,1258.15,1262.76,1267.53,1272.60,1277.71,1283.01,1288.36,1293.80,1299.43,1305.05,1310.86,1316.91,1323.26,1329.86,1336.67,1343.66,1350.82,1358.09,1365.49,1372.94,1380.38,1387.82,1395.28,1402.78,1410.29,1417.87,1425.55,1433.28,1441.10,1449.02,1456.99,1465.16,1473.33,1481.65,1490.05,1498.58,1507.33,1516.29,1525.28,1534.26,1543.24,1552.20,1561.14,1570.06,1578.96,1587.82,1596.65,1605.44,1614.19,1622.89,1631.58,1640.25,1648.87,1657.43,1665.96,1674.47,1682.92,1691.30,1699.67,1708.00,1716.24,1724.45,1732.59,1740.65,1748.70,1756.65,1764.53,1772.38,1780.26,1788.17,1796.34,1804.56,1812.86,1821.19,1830.52,1840.83,1852.11,1864.24,1877.15,1891.02,1906.09,99999.00,99999.00,99999.00,99999.00,99999.00,99999.00,99999.00,99999.00,99999.00,99999.00,99999.00,99999.00,99999.00,99999.00,99999.00
99999.00,99999.00,99999.00,99999.00,99999.00,99999.00,99999.00,99999.00,99999.00,99999.00,99999.00,99999.00,99999.00,99999.00,99999.00,99999.00,99999.00,99999.00,99999.00,99999.00,99999.00,99999.00,99999.00,99999.00,99999.00,99999.00,99999.00,99999.00,99999.00,99999.00,99999.00,99999.00,99999.00,99999.00,99999.00,99999.00,99999.00,99999.00,99999.00,99999.00,99999.00,99999.00,99999.00,99999.00,99999.00,99999.00,99999.00,99999.00,99999.00,99999.00,1228.97,1214.66,1202.13,1190.79,1180.51,1170.97,1162.17,1154.17,1147.61,1141.80,1136.89,1132.79,1129.06,1125.51,1122.19,1119.19,1116.50,1114.19,1112.83,1112.68,1113.76,1115.77,99999.00,99999.00,99999.00,99999.00,99999.00,99999.00,99999.00,99999.00,99999.00,99999.00,99999.00,99999.00,99999.00,99999.00,99999.00,99999.00,99999.00,99999.00,99999.00,99999.00,99999.00,99999.00,99999.00,99999.00,99999.00,99999.00,99999.00,99999.00,99999.00,99999.00,99999.00,99999.00,1210.85,1210.84,1211.21,1211.99,1213.12,1214.50,1216.08,1217.92,1220.00,1222.28,1224.95,1227.84,1231.21,1234.95,1238.95,1243.38,1247.94,1252.85,1257.86,1263.08,1268.40,1273.77,1279.31,1284.86,1290.58,1296.43,1302.47,1308.81,1315.41,1322.21,1329.21,1336.36,1343.63,1351.04,1358.48,1365.93,1373.37,1380.83,1388.33,1395.83,1403.41,1411.10,1418.83,1426.65,1434.56,1442.54,1450.71,1458.88,1467.19,1475.72,1484.47,1493.43,1502.42,1511.41,1520.40,1529.39,1538.36,1547.32,1556.26,1565.17,1574.06,1582.91,1591.72,1600.50,1609.22,1617.89,1626.51,1635.07,1643.60,1652.11,1660.56,1668.94,1677.31,1685.64,1693.90,1702.10,1710.31,1718.45,1726.51,1734.56,1742.51,1750.39,1758.24,1766.12,1774.03,1782.20,1790.50,1798.83,1807.20,1816.43,1826.46,1837.38,1848.85,1860.97,1873.88,1887.75,1902.83,99999.00,99999.00,99999.00,99999.00,99999.00,99999.00,99999.00,99999.00,99999.00,99999.00,99999.00,99999.00,99999.00,99999.00,99999.00
99999.00,99999.00,99999.00,99999.00,99999.00,99999.00,99999.00,99999.00,99999.00,99999.00,99999.00,99999.00,99999.00,99999.00,99999.00,99999.00,99999.00,99999.00,99999.00,99999.00,99999.00,99999.00,99999.00,99999.00,99999.00,99999.00,99999.00,99999.00,99999.00,99999.00,99999.00,99999.00,99999.00,99999.00,99999.00,99999.00,99999.00,99999.00,99999.00,99999.00,99999.00,99999.00,99999.00,99999.00,99999.00,99999.00,99999.00,99999.00,99999.00,99999.00,1216.42,1202.10,1189.38,1178.01,1167.55,1157.93,1148.92,1140.82,1133.82,1127.91,1122.64,1118.24,1114.45,1110.86,1107.45,1104.30,1101.41,1098.82,1097.06,1096.40,1096.79,1097.88,1099.69,99999.00,99999.00,99999.00,99999.00,99999.00,99999.00,99999.00,99999.00,99999.00,99999.00,99999.00,99999.00,99999.00,99999.00,99999.00,99999.00,99999.00,99999.00,99999.00,99999.00,99999.00,99999.00,99999.00,99999.00,99999.00,99999.00,99999.00,99999.00,99999.00,99999.00,1192.70,1193.65,1194.74,1195.98,1197.46,1199.18,1201.05,1203.05,1205.25,1207.66,1210.23,1213.15,1216.56,1220.26,1224.38,1228.77,1233.45,1238.37,1243.40,1248.68,1253.99,1259.47,1265.00,1270.60,1276.42,1282.37,1288.44,1294.76,1301.35,1308.15,1315.15,1322.30,1329.57,1336.97,1344.42,1351.86,1359.31,1366.77,1374.27,1381.77,1389.35,1397.04,1404.77,1412.59,1420.50,1428.48,1436.65,1444.96,1453.49,1462.24,1471.20,1480.19,1489.18,1498.17,1507.16,1516.15,1525.14,1534.11,1543.06,1552.00,1560.90,1569.78,1578.62,1587.41,1596.16,1604.86,1613.50,1622.08,1630.60,1639.04,1647.42,1655.79,1664.13,1672.38,1680.58,1688.80,1696.93,1704.99,1713.04,1721.01,1728.90,1736.78,1744.63,1752.51,1760.68,1768.98,1777.31,1785.69,1794.07,1803.15,1813.05,1823.52,1834.47,1845.99,1858.16,1871.11,1885.02,1900.13,99999.00,99999.00,99999.00,99999.00,99999.00,99999.00,99999.00,99999.00,99999.00,99999.00,99999.00,99999.00,99999.00,99999.00,99999.00
99999.00,99999.00,99999.00,99999.00,99999.00,99999.00,99999.00,99999.00,99999.00,99999.00,99999.00,99999.00,99999.00,99999.00,99999.00,99999.00,99999.00,99999.00,99999.00,99999.00,99999.00,99999.00,99999.00,99999.00,99999.00,99999.00,99999.00,99999.00,99999.00,99999.00,99999.00,99999.00,99999.00,99999.00,99999.00,99999.00,99999.00,99999.00,99999.00,99999.00,99999.00,99999.00,99999.00,99999.00,99999.00,99999.00,99999.00,99999.00,99999.00,99999.00,1204.53,1189.82,1177.09,1165.53,1155.04,1145.25,1136.17,1127.97,1120.49,1114.33,1108.83,1104.11,1100.11,1096.48,1093.00,1089.73,1086.65,1083.80,1081.71,1080.60,1080.41,1080.75,1081.60,1082.68,99999.00,99999.00,99999.00,99999.00,99999.00,99999.00,99999.00,99999.00,99999.00,99999.00,99999.00,99999.00,99999.00,99999.00,99999.00,99999.00,99999.00,99999.00,99999.00,99999.00,99999.00,99999.00,99999.00,99999.00,99999.00,99999.00,99999.00,99999.00,1172.84,1175.21,1177.29,1179.32,1181.32,1183.44,1185.69,1188.03,1190.43,1192.98,1195.70,1198.61,1201.98,1205.83,1210.01,1214.40,1219.19,1224.05,1229.19,1234.41,1239.83,1245.34,1250.89,1256.60,1262.51,1268.56,1274.73,1281.07,1287.64,1294.43,1301.42,1308.57,1315.84,1323.25,1330.69,1338.14,1345.58,1353.04,1360.54,1368.04,1375.62,1383.31,1391.04,1398.86,1406.77,1414.94,1423.25,1431.78,1440.53,1449.49,1458.48,1467.47,1476.46,1485.46,1494.45,1503.44,1512.43,1521.41,1530.38,1539.33,1548.26,1557.16,1566.02,1574.84,1583.62,1592.34,1601.01,1609.61,1618.16,1626.63,1635.03,1643.36,1651.62,1659.82,1668.03,1676.17,1684.23,1692.28,1700.25,1708.14,1716.02,1723.87,1731.75,1739.92,1748.22,1756.52,1764.87,1773.23,1781.55,1790.60,1800.33,1810.46,1821.02,1832.06,1843.66,1855.91,1868.95,1882.95,1898.16,99999.00,99999.00,99999.00,99999.00,99999.00,99999.00,99999.00,99999.00,99999.00,99999.00,99999.00,99999.00,99999.00,99999.00,99999.00
99999.00,99999.00,99999.00,99999.00,99999.00,99999.00,99999.00,99999.00,99999.00,99999.00,99999.00,99999.00,99999.00,99999.00,99999.00,99999.00,99999.00,99999.00,99999.00,99999.00,99999.00,99999.00,99999.00,99999.00,99999.00,99999.00,99999.00,99999.00,99999.00,99999.00,99999.00,99999.00,99999.00,99999.00,99999.00,99999.00,99999.00,99999.00,99999.00,99999.00,99999.00,99999.00,99999.00,99999.00,99999.00,99999.00,99999.00,99999.00,99999.00,99999.00,1193.13,1178.15,1165.03,1153.46,1142.79,1132.96,1123.72,1115.18,1107.61,1101.02,1095.43,1090.37,1086.10,1082.35,1078.81,1075.44,1072.22,1069.16,1066.79,1065.32,1064.68,1064.45,1064.64,1064.99,1065.06,1064.85,1064.78,1065.60,1066.60,1067.94,1069.53,1071.49,1073.87,1076.51,1079.37,1082.43,1085.57,1088.92,1092.53,1096.35,1100.29,1104.39,1108.75,1113.17,1117.70,1122.50,1127.35,1132.29,1137.31,1142.39,1147.40,1151.88,1155.65,1158.92,1161.84,1164.61,1167.26,1169.94,1172.68,1175.44,1178.22,1181.10,1184.12,1187.61,1191.52,1195.69,1200.23,1204.98,1209.93,1215.10,1220.35,1225.83,1231.33,1236.99,1242.80,1248.81,1254.95,1261.21,1267.64,1274.23,1280.99,1287.97,1295.12,1302.39,1309.79,1317.24,1324.68,1332.12,1339.58,1347.08,1354.59,1362.17,1369.85,1377.58,1385.50,1393.67,1401.98,1410.51,1419.26,1428.22,1437.21,1446.20,1455.19,1464.18,1473.18,1482.17,1491.16,1500.15,1509.14,1518.12,1527.09,1536.04,1544.96,1553.84,1562.69,1571.50,1580.25,1588.94,1597.58,1606.15,1614.66,1623.09,1631.45,1639.74,1647.95,1656.09,1664.15,1672.20,1680.17,1688.06,1695.94,1703.79,1711.67,1719.79,1728.04,1736.30,1744.61,1752.93,1761.22,1769.57,1778.53,1788.03,1797.87,1808.09,1818.74,1829.87,1841.57,1853.92,1867.05,1881.14,1896.44,99999.00,99999.00,99999.00,99999.00,99999.00,99999.00,99999.00,99999.00,99999.00,99999.00,99999.00,99999.00,99999.00,99999.00,99999.00
99999.00,99999.00,99999.00,99999.00,99999.00,99999.00,99999.00,99999.00,99999.00,99999.00,99999.00,99999.00,99999.00,99999.00,99999.00,99999.00,99999.00,99999.00,99999.00,99999.00,99999.00,99999.00,99999.00,99999.00,99999.00,99999.00,99999.00,99999.00,99999.00,99999.00,99999.00,99999.00,99999.00,99999.00,99999.00,99999.00,99999.00,99999.00,99999.00,99999.00,99999.00,99999.00,99999.00,99999.00,99999.00,99999.00,99999.00,99999.00,99999.00,99999.00,1182.33,1166.90,1153.52,1141.56,1130.88,1120.89,1111.61,1102.80,1095.15,1088.10,1082.28,1077.01,1072.45,1068.53,1064.89,1061.45,1058.11,1054.89,1052.30,1050.56,1049.58,1048.96,1048.71,1048.65,1048.38,1048.04,1048.03,1048.92,1049.99,1051.33,1052.92,1054.88,1057.25,1059.90,1062.75,1065.81,1068.96,1072.31,1075.91,1079.74,1083.67,1087.77,1092.14,1096.56,1101.08,1105.88,1110.74,1115.68,1120.70,1125.77,1130.82,1135.60,1139.88,1143.75,1147.28,1150.63,1153.82,1156.97,1160.15,1163.30,1166.52,1169.81,1173.31,1177.23,1181.57,1186.20,1190.91,1195.99,1201.09,1206.47,1211.90,1217.51,1223.27,1229.18,1235.28,1241.52,1247.87,1254.38,1261.05,1267.81,1274.77,1281.90,1289.16,1296.56,1304.01,1311.45,1318.90,1326.36,1333.86,1341.36,1348.94,1356.67,1364.58,1372.75,1381.06,1389.59,1398.35,1407.30,1416.29,1425.29,1434.28,1443.27,1452.26,1461.25,1470.25,1479.24,1488.23,1497.22,1506.21,1515.19,1524.16,1533.10,1542.01,1550.88,1559.72,1568.50,1577.23,1585.90,1594.50,1603.05,1611.52,1619.92,1628.24,1636.49,1644.67,1652.74,1660.71,1668.59,1676.48,1684.33,1692.17,1700.22,1708.40,1716.60,1724.85,1733.13,1741.37,1749.69,1758.00,1766.84,1776.12,1785.71,1795.65,1805.97,1816.72,1827.95,1839.74,1852.19,1865.41,1879.60,1895.00,99999.00,99999.00,99999.00,99999.00,99999.00,99999.00,99999.00,99999.00,99999.00,99999.00,99999.00,99999.00,99999.00,99999.00,99999.00
99999.00,99999.00,99999.00,99999.00,99999.00,99999.00,99999.00,99999.00,99999.00,99999.00,99999.00,99999.00,99999.00,99999.00,99999.00,99999.00,99999.00,99999.00,99999.00,99999.00,99999.00,99999.00,99999.00,99999.00,99999.00,99999.00,99999.00,99999.00,99999.00,99999.00,99999.00,99999.00,99999.00,99999.00,99999.00,99999.00,99999.00,99999.00,99999.00,99999.00,99999.00,99999.00,99999.00,99999.00,99999.00,99999.00,99999.00,99999.00,99999.00,99999.00,1171.79,1156.22,1142.39,1130.17,1119.10,1109.11,1099.66,1090.83,1082.67,1075.55,1069.33,1064.01,1059.15,1054.99,1051.26,1047.74,1044.33,1041.00,1038.26,1036.32,1035.11,1034.23,1033.72,1033.41,1032.99,1032.63,1032.72,1033.68,1034.82,1036.20,1037.79,1039.75,1042.12,1044.77,1047.62,1050.68,1053.83,1057.18,1060.78,1064.61,1068.54,1072.64,1077.01,1081.43,1085.96,1090.76,1095.61,1100.55,1105.57,1110.67,1115.85,1120.77,1125.36,1129.62,1133.60,1137.42,1141.07,1144.68,1148.27,1151.82,1155.40,1159.04,1163.09,1167.52,1172.15,1177.01,1182.05,1187.25,1192.65,1198.12,1203.84,1209.71,1215.71,1221.91,1228.23,1234.66,1241.26,1248.01,1254.84,1261.77,1268.88,1276.13,1283.52,1290.97,1298.41,1305.85,1313.31,1320.81,1328.31,1336.04,1343.95,1352.12,1360.44,1368.97,1377.72,1386.67,1395.67,1404.66,1413.65,1422.64,1431.63,1440.63,1449.62,1458.61,1467.60,1476.59,1485.59,1494.58,1503.57,1512.55,1521.51,1530.44,1539.35,1548.21,1557.02,1565.79,1574.50,1583.15,1591.73,1600.25,1608.69,1617.06,1625.36,1633.55,1641.64,1649.65,1657.58,1665.43,1673.23,1681.19,1689.29,1697.41,1705.59,1713.80,1721.99,1730.24,1738.51,1746.75,1755.56,1764.64,1774.02,1783.72,1793.76,1804.18,1815.03,1826.36,1838.26,1850.81,1864.14,1878.43,1893.93,99999.00,99999.00,99999.00,99999.00,99999.00,99999.00,99999.00,99999.00,99999.00,99999.00,99999.00,99999.00,99999.00,99999.00,99999.00
99999.00,99999.00,99999.00,99999.00,99999.00,99999.00,99999.00,99999.00,99999.00,99999.00,99999.00,99999.00,99999.00,99999.00,99999.00,99999.00,99999.00,99999.00,99999.00,99999.00,99999.00,99999.00,99999.00,99999.00,99999.00,99999.00,99999.00,99999.00,99999.00,99999.00,99999.00,99999.00,99999.00,99999.00,99999.00,99999.00,99999.00,99999.00,99999.00,99999.00,99999.00,99999.00,99999.00,99999.00,99999.00,99999.00,99999.00,99999.00,99999.00,99999.00,1161.86,1145.73,1131.76,1119.10,1107.78,1097.40,1087.96,1078.98,1070.54,1063.37,1056.71,1051.20,1046.17,1041.77,1037.92,1034.29,1030.85,1027.46,1024.63,1022.57,1021.21,1020.18,1019.52,1019.11,1018.63,1018.32,1018.52,1019.56,1020.77,1022.22,1023.83,1025.79,1028.16,1030.81,1033.66,1036.72,1039.87,1043.22,1046.82,1050.65,1054.58,1058.68,1063.05,1067.46,1072.15,1076.95,1081.88,1086.90,1091.94,1097.05,1102.23,1107.25,1112.05,1116.59,1120.96,1125.11,1129.18,1133.18,1137.10,1141.02,1144.94,1149.02,1153.47,1158.26,1163.21,1168.22,1173.56,1178.90,1184.49,1190.32,1196.29,1202.38,1208.66,1215.06,1221.57,1228.24,1235.07,1241.98,1248.95,1256.02,1263.25,1270.62,1278.06,1285.50,1292.94,1300.40,1307.91,1315.64,1323.55,1331.72,1340.03,1348.56,1357.31,1366.27,1375.26,1384.25,1393.24,1402.24,1411.23,1420.22,1429.21,1438.20,1447.20,1456.19,1465.18,1474.17,1483.16,1492.16,1501.15,1510.12,1519.08,1528.01,1536.90,1545.75,1554.56,1563.32,1572.01,1580.64,1589.21,1597.71,1606.13,1614.45,1622.68,1630.82,1638.88,1646.86,1654.76,1662.69,1670.69,1678.72,1686.82,1694.94,1703.05,1711.23,1719.44,1727.61,1735.85,1744.51,1753.43,1762.62,1772.10,1781.91,1792.06,1802.59,1813.55,1824.99,1836.99,1849.65,1863.10,1877.50,1893.11,99999.00,99999.00,99999.00,99999.00,99999.00,99999.00,99999.00,99999.00,99999.00,99999.00,99999.00,99999.00,99999.00,99999.00,99999.00
99999.00,99999.00,99999.00,99999.00,99999.00,99999.00,99999.00,99999.00,99999.00,99999.00,99999.00,99999.00,99999.00,99999.00,99999.00,99999.00,99999.00,99999.00,99999.00,99999.00,99999.00,99999.00,99999.00,99999.00,99999.00,99999.00,99999.00,99999.00,99999.00,99999.00,99999.00,99999.00,99999.00,99999.00,99999.00,99999.00,99999.00,99999.00,99999.00,99999.00,99999.00,99999.00,99999.00,99999.00,99999.00,99999.00,99999.00,99999.00,99999.00,99999.00,1152.58,1135.81,1121.29,1108.49,1096.73,1086.10,1076.29,1067.33,1058.75,1051.10,1044.41,1038.53,1033.50,1028.85,1024.83,1021.19,1017.66,1014.26,1011.39,1009.28,1007.85,1006.75,1006.03,1005.58,1005.13,1004.90,1005.22,1006.34,1007.64,1009.16,1010.82,1012.78,1015.16,1017.80,1020.65,1023.71,1026.86,1030.21,1033.82,1037.64,1041.58,1045.80,1050.22,1054.74,1059.54,1064.39,1069.33,1074.35,1079.45,1084.66,1089.86,1094.95,1099.88,1104.62,1109.23,1113.67,1118.04,1122.35,1126.57,1130.77,1134.99,1139.58,1144.45,1149.40,1154.56,1159.85,1165.30,1171.00,1176.94,1183.00,1189.18,1195.54,1202.02,1208.59,1215.33,1222.22,1229.19,1236.23,1243.32,1250.50,1257.85,1265.27,1272.70,1280.16,1287.66,1295.39,1303.30,1311.47,1319.78,1328.31,1337.07,1346.02,1355.01,1364.00,1373.00,1381.99,1390.98,1399.97,1408.96,1417.96,1426.95,1435.94,1444.93,1453.92,1462.92,1471.91,1480.90,1489.89,1498.88,1507.86,1516.81,1525.74,1534.63,1543.49,1552.29,1561.04,1569.73,1578.35,1586.91,1595.37,1603.74,1612.02,1620.22,1628.35,1636.39,1644.36,1652.40,1660.47,1668.51,1676.54,1684.56,1692.65,1700.77,1708.86,1717.03,1725.24,1733.76,1742.52,1751.55,1760.85,1770.45,1780.37,1790.64,1801.28,1812.36,1823.92,1836.04,1848.82,1862.38,1876.89,1892.62,99999.00,99999.00,99999.00,99999.00,99999.00,99999.00,99999.00,99999.00,99999.00,99999.00,99999.00,99999.00,99999.00,99999.00,99999.00
99999.00,99999.00,99999.00,99999.00,99999.00,99999.00,99999.00,99999.00,99999.00,99999.00,99999.00,99999.00,99999.00,99999.00,99999.00,99999.00,99999.00,99999.00,99999.00,99999.00,99999.00,99999.00,99999.00,99999.00,99999.00,99999.00,99999.00,99999.00,99999.00,99999.00,99999.00,99999.00,99999.00,99999.00,99999.00,99999.00,99999.00,99999.00,99999.00,99999.00,99999.00,99999.00,99999.00,99999.00,99999.00,99999.00,99999.00,99999.00,99999.00,99999.00,1143.44,1126.60,1111.32,1097.98,1086.08,1075.02,1064.98,1055.66,1047.12,1039.10,1032.40,1026.15,1020.97,1016.21,1012.02,1008.33,1004.78,1001.38, 998.52, 996.41, 994.97, 993.86, 993.14, 992.73, 992.34, 992.23, 992.67, 993.88, 995.26, 996.86, 998.60,1000.58,1002.95,1005.60,1008.45,1011.51,1014.66,1018.01,1021.63,1025.51,1029.60,1033.96,1038.38,1043.06,1047.86,1052.80,1057.82,1062.86,1067.96,1073.18,1078.38,1083.55,1088.59,1093.53,1098.31,1103.01,1107.66,1112.19,1116.69,1121.17,1125.77,1130.66,1135.76,1141.00,1146.27,1151.84,1157.65,1163.69,1169.84,1176.11,1182.54,1189.08,1195.71,1202.51,1209.45,1216.47,1223.57,1230.71,1237.87,1245.18,1252.57,1260.01,1267.51,1275.24,1283.15,1291.32,1299.63,1308.16,1316.92,1325.87,1334.86,1343.86,1352.85,1361.84,1370.83,1379.82,1388.82,1397.81,1406.80,1415.79,1424.78,1433.78,1442.77,1451.76,1460.75,1469.74,1478.74,1487.73,1496.72,1505.70,1514.66,1523.60,1532.50,1541.36,1550.17,1558.92,1567.62,1576.22,1584.73,1593.17,1601.52,1609.80,1617.99,1626.10,1634.18,1642.28,1650.36,1658.42,1666.47,1674.50,1682.51,1690.51,1698.59,1706.71,1714.84,1723.23,1731.86,1740.74,1749.88,1759.30,1769.02,1779.06,1789.45,1800.23,1811.43,1823.11,1835.35,1848.25,1861.94,1876.58,1892.43,99999.00,99999.00,99999.00,99999.00,99999.00,99999.00,99999.00,99999.00,99999.00,99999.00,99999.00,99999.00,99999.00,99999.00,99999.00
99999.00,99999.00,99999.00,99999.00,99999.00,99999.00,99999.00,99999.00,99999.00,99999.00,99999.00,99999.00,99999.00,99999.00,99999.00,99999.00,99999.00,99999.00,99999.00,99999.00,99999.00,99999.00,99999.00,99999.00,99999.00,99999.00,99999.00,99999.00,99999.00,99999.00,99999.00,99999.00,99999.00,99999.00,99999.00,99999.00,99999.00,99999.00,99999.00,99999.00,99999.00,99999.00,99999.00,99999.00,99999.00,99999.00,99999.00,99999.00,99999.00,99999.00,1134.73,1117.59,1102.01,1087.91,1075.47,1064.29,1053.82,1044.29,1035.42,1027.39,1020.26,1014.02,1008.54,1003.84, 999.47, 995.68, 992.20, 988.79, 985.99, 983.92, 982.53, 981.46, 980.80, 980.45, 980.17, 980.20, 980.76, 982.06, 983.52, 985.21, 987.03, 989.07, 991.44, 994.09, 996.94,1000.00,1003.15,1006.53,1010.36,1014.29,1018.52,1022.93,1027.45,1032.25,1037.11,1042.05,1047.06,1052.16,1057.38,1062.60,1067.83,1073.02,1078.14,1083.21,1088.15,1093.04,1097.88,1102.63,1107.34,1112.05,1117.06,1122.23,1127.46,1132.86,1138.54,1144.46,1150.60,1156.83,1163.16,1169.66,1176.25,1182.94,1189.78,1196.76,1203.82,1210.96,1218.14,1225.35,1232.59,1239.97,1247.43,1255.14,1263.05,1271.21,1279.53,1288.06,1296.81,1305.76,1314.76,1323.76,1332.76,1341.77,1350.77,1359.77,1368.77,1377.77,1386.77,1395.77,1404.77,1413.77,1422.77,1431.77,1440.77,1449.77,1458.77,1467.77,1476.77,1485.77,1494.77,1503.75,1512.72,1521.66,1530.55,1539.40,1548.19,1556.92,1565.58,1574.18,1582.69,1591.13,1599.49,1607.77,1615.97,1624.11,1632.23,1640.33,1648.41,1656.48,1664.52,1672.56,1680.57,1688.58,1696.58,1704.63,1712.90,1721.41,1730.15,1739.15,1748.42,1757.97,1767.81,1777.98,1788.51,1799.41,1810.74,1822.56,1834.94,1847.97,1861.79,1876.56,1892.54,99999.00,99999.00,99999.00,99999.00,99999.00,99999.00,99999.00,99999.00,99999.00,99999.00,99999.00,99999.00,99999.00,99999.00,99999.00
99999.00,99999.00,99999.00,99999.00,99999.00,99999.00,99999.00,99999.00,99999.00,99999.00,99999.00,99999.00,99999.00,99999.00,99999.00,99999.00,99999.00,99999.00,99999.00,99999.00,99999.00,99999.00,99999.00,99999.00,99999.00,99999.00,99999.00,99999.00,99999.00,99999.00,99999.00,99999.00,99999.00,99999.00,99999.00,99999.00,99999.00,99999.00,99999.00,99999.00,99999.00,99999.00,99999.00,99999.00,99999.00,99999.00,99999.00,99999.00,99999.00,99999.00,1126.27,1108.75,1093.02,1078.43,1065.24,1053.53,1042.95,1033.02,1023.97,1015.77,1008.32,1002.14, 996.34, 991.56, 987.15, 983.26, 979.82, 976.48, 973.77, 971.79, 970.48, 969.50, 968.92, 968.68, 968.53, 968.71, 969.41, 970.80, 972.35, 974.13, 976.03, 978.15, 980.54, 983.18, 986.04, 989.10, 992.27, 995.89, 999.77,1003.86,1008.23,1012.64,1017.32,1022.12,1027.06,1032.08,1037.12,1042.22,1047.44,1052.66,1057.93,1063.18,1068.41,1073.55,1078.66,1083.74,1088.72,1093.67,1098.60,1103.61,1108.76,1114.12,1119.63,1125.42,1131.44,1137.65,1143.96,1150.36,1156.90,1163.54,1170.27,1177.14,1184.15,1191.24,1198.40,1205.61,1212.84,1220.07,1227.44,1235.08,1242.95,1251.09,1259.40,1267.93,1276.69,1285.64,1294.68,1303.71,1312.75,1321.78,1330.82,1339.85,1348.89,1357.92,1366.96,1375.99,1385.03,1394.06,1403.10,1412.13,1421.17,1430.20,1439.24,1448.27,1457.31,1466.34,1475.38,1484.42,1493.45,1502.47,1511.47,1520.43,1529.34,1538.20,1547.00,1555.73,1564.38,1572.95,1581.43,1589.83,1598.14,1606.37,1614.53,1622.67,1630.78,1638.87,1646.93,1654.98,1663.02,1671.04,1679.04,1687.04,1695.02,1703.18,1711.56,1720.19,1729.05,1738.18,1747.57,1757.26,1767.24,1777.55,1788.22,1799.26,1810.74,1822.70,1835.22,1848.39,1862.35,1877.27,1893.39,99999.00,99999.00,99999.00,99999.00,99999.00,99999.00,99999.00,99999.00,99999.00,99999.00,99999.00,99999.00,99999.00,99999.00,99999.00
99999.00,99999.00,99999.00,99999.00,99999.00,99999.00,99999.00,99999.00,99999.00,99999.00,99999.00,99999.00,99999.00,99999.00,99999.00,99999.00,99999.00,99999.00,99999.00,99999.00,99999.00,99999.00,99999.00,99999.00,99999.00,99999.00,99999.00,99999.00,99999.00,99999.00,99999.00,99999.00,99999.00,99999.00,99999.00,99999.00,99999.00,99999.00,99999.00,99999.00,99999.00,99999.00,99999.00,99999.00,99999.00,99999.00,99999.00,99999.00,99999.00,99999.00,1118.21,1100.42,1084.16,1069.20,1055.53,1043.07,1031.98,1021.97,1012.56,1004.00, 996.60, 990.05, 984.34, 979.34, 975.06, 971.07, 967.61, 964.41, 961.84, 959.99, 958.79, 957.92, 957.47, 957.37, 957.36, 957.70, 958.54, 960.03, 961.68, 963.54, 965.53, 967.73, 970.17, 972.81, 975.67, 978.77, 982.15, 985.97, 989.91, 994.13, 998.55,1003.07,1007.87,1012.72,1017.66,1022.68,1027.78,1032.99,1038.21,1043.46,1048.74,1054.01,1059.31,1064.54,1069.76,1074.97,1080.09,1085.19,1090.29,1095.55,1101.01,1106.62,1112.50,1118.60,1124.89,1131.25,1137.70,1144.29,1150.97,1157.72,1164.61,1171.64,1178.74,1185.91,1193.13,1200.37,1207.63,1215.15,1222.91,1230.97,1239.23,1247.73,1256.48,1265.44,1274.54,1283.63,1292.73,1301.83,1310.93,1320.03,1329.13,1338.23,1347.33,1356.43,1365.52,1374.62,1383.72,1392.82,1401.92,1411.02,1420.12,1429.22,1438.32,1447.42,1456.51,1465.61,1474.71,1483.81,1492.91,1501.99,1511.05,1520.06,1529.02,1537.91,1546.74,1555.48,1564.14,1572.70,1581.17,1589.55,1597.83,1606.03,1614.20,1622.34,1630.46,1638.55,1646.61,1654.66,1662.69,1670.71,1678.72,1686.71,1694.85,1703.13,1711.64,1720.40,1729.42,1738.72,1748.29,1758.16,1768.33,1778.84,1789.69,1800.94,1812.61,1824.76,1837.48,1850.85,1865.00,1880.11,1896.43,99999.00,99999.00,99999.00,99999.00,99999.00,99999.00,99999.00,99999.00,99999.00,99999.00,99999.00,99999.00,99999.00,99999.00,99999.00
99999.00,99999.00,99999.00,99999.00,99999.00,99999.00,99999.00,99999.00,99999.00,99999.00,99999.00,99999.00,99999.00,99999.00,99999.00,99999.00,99999.00,99999.00,99999.00,99999.00,99999.00,99999.00,99999.00,99999.00,99999.00,99999.00,99999.00,99999.00,99999.00,99999.00,99999.00,99999.00,99999.00,99999.00,99999.00,99999.00,99999.00,99999.00,99999.00,99999.00,99999.00,99999.00,99999.00,99999.00,99999.00,99999.00,99999.00,99999.00,99999.00,99999.00,1111.11,1092.32,1075.55,1060.33,1045.97,1033.04,1021.22,1010.74,1001.29, 992.42, 984.90, 978.11, 972.53, 967.29, 963.02, 959.07, 955.59, 952.58, 950.18, 948.48, 947.43, 946.71, 946.40, 946.45, 946.60, 947.12, 948.11, 949.71, 951.45, 953.41, 955.48, 957.77, 960.28, 962.92, 965.91, 969.09, 972.71, 976.59, 980.67, 985.04, 989.46, 994.14, 998.94,1003.88,1008.90,1013.94,1019.04,1024.25,1029.47,1034.75,1040.07,1045.44,1050.76,1056.11,1061.46,1066.74,1072.02,1077.28,1082.62,1088.16,1093.86,1099.81,1105.97,1112.32,1118.73,1125.22,1131.84,1138.54,1145.31,1152.21,1159.23,1166.33,1173.49,1180.70,1187.95,1195.42,1203.02,1210.94,1219.08,1227.49,1236.17,1245.09,1254.25,1263.44,1272.63,1281.83,1291.02,1300.21,1309.41,1318.60,1327.79,1336.99,1346.18,1355.37,1364.57,1373.76,1382.95,1392.15,1401.34,1410.53,1419.73,1428.92,1438.11,1447.31,1456.50,1465.69,1474.89,1484.08,1493.27,1502.45,1511.59,1520.68,1529.71,1538.67,1547.54,1556.32,1565.00,1573.58,1582.05,1590.42,1598.69,1606.91,1615.11,1623.26,1631.39,1639.49,1647.57,1655.63,1663.67,1671.69,1679.71,1687.88,1696.22,1704.73,1713.45,1722.42,1731.67,1741.20,1751.01,1761.12,1771.54,1782.20,1793.17,1804.54,1816.35,1828.68,1841.60,1855.22,1869.63,1885.00,1901.57,99999.00,99999.00,99999.00,99999.00,99999.00,99999.00,99999.00,99999.00,99999.00,99999.00,99999.00,99999.00,99999.00,99999.00,99999.00
99999.00,99999.00,99999.00,99999.00,99999.00,99999.00,99999.00,99999.00,99999.00,99999.00,99999.00,99999.00,99999.00,99999.00,99999.00,99999.00,99999.00,99999.00,99999.00,99999.00,99999.00,99999.00,99999.00,99999.00,99999.00,99999.00,99999.00,99999.00,99999.00,99999.00,99999.00,99999.00,99999.00,99999.00,99999.00,99999.00,99999.00,99999.00,99999.00,99999.00,99999.00,99999.00,99999.00,99999.00,99999.00,99999.00,99999.00,99999.00,99999.00,99999.00,1104.64,1084.98,1067.73,1051.51,1036.65,1023.04,1010.78, 999.62, 989.76, 981.01, 972.96, 966.32, 960.47, 955.41, 951.00, 947.26, 943.76, 940.96, 938.75, 937.24, 936.37, 935.81, 935.68, 935.90, 936.23, 936.93, 938.07, 939.77, 941.62, 943.67, 945.83, 948.21, 950.81, 953.56, 956.65, 960.03, 963.86, 967.80, 972.02, 976.44, 980.96, 985.75, 990.61, 995.55,1000.57,1005.67,1010.88,1016.10,1021.38,1026.70,1032.10,1037.48,1042.91,1048.36,1053.77,1059.18,1064.59,1070.02,1075.61,1081.36,1087.37,1093.58,1099.96,1106.41,1112.93,1119.57,1126.28,1133.05,1139.94,1146.96,1154.04,1161.17,1168.37,1175.79,1183.34,1191.10,1199.05,1207.29,1215.84,1224.65,1233.74,1242.99,1252.29,1261.61,1270.93,1280.26,1289.58,1298.90,1308.22,1317.54,1326.86,1336.19,1345.51,1354.83,1364.15,1373.47,1382.79,1392.11,1401.44,1410.76,1420.08,1429.40,1438.72,1448.04,1457.37,1466.69,1476.01,1485.33,1494.65,1503.95,1513.21,1522.41,1531.54,1540.58,1549.52,1558.36,1567.05,1575.57,1583.98,1592.30,1600.61,1608.87,1617.07,1625.21,1633.33,1641.42,1649.49,1657.55,1665.62,1673.72,1681.97,1690.38,1698.91,1707.48,1716.25,1725.32,1734.66,1744.27,1754.18,1764.38,1774.90,1785.76,1796.98,1808.52,1820.44,1832.89,1845.96,1859.75,1874.43,1890.06,1906.91,99999.00,99999.00,99999.00,99999.00,99999.00,99999.00,99999.00,99999.00,99999.00,99999.00,99999.00,99999.00,99999.00,99999.00,99999.00
99999.00,99999.00,99999.00,99999.00,99999.00,99999.00,99999.00,99999.00,99999.00,99999.00,99999.00,99999.00,99999.00,99999.00,99999.00,99999.00,99999.00,99999.00,99999.00,99999.00,99999.00,99999.00,99999.00,99999.00,99999.00,99999.00,99999.00,99999.00,99999.00,99999.00,99999.00,99999.00,99999.00,99999.00,99999.00,99999.00,99999.00,99999.00,99999.00,99999.00,99999.00,99999.00,99999.00,99999.00,99999.00,99999.00,99999.00,99999.00,99999.00,99999.00,1098.59,1078.19,1060.29,1043.21,1027.88,1013.14,1000.24, 988.70, 978.25, 969.09, 961.13, 954.47, 948.49, 943.66, 939.11, 935.47, 932.09, 929.54, 927.55, 926.25, 925.58, 925.22, 925.27, 925.68, 926.20, 927.09, 928.39, 930.20, 932.15, 934.30, 936.55, 939.09, 941.78, 944.77, 947.94, 951.56, 955.44, 959.53, 963.90, 968.32, 973.00, 977.80, 982.74, 987.75, 992.85, 998.07,1003.29,1008.57,1013.89,1019.29,1024.69,1030.17,1035.69,1041.19,1046.70,1052.23,1057.76,1063.39,1069.17,1075.20,1081.44,1087.85,1094.32,1100.85,1107.50,1114.21,1120.96,1127.84,1134.83,1141.87,1149.00,1156.33,1163.79,1171.47,1179.29,1187.30,1195.63,1204.24,1213.16,1222.40,1231.74,1241.15,1250.61,1260.10,1269.58,1279.07,1288.56,1298.05,1307.54,1317.02,1326.51,1336.00,1345.49,1354.98,1364.46,1373.95,1383.44,1392.93,1402.42,1411.90,1421.39,1430.88,1440.37,1449.86,1459.34,1468.83,1478.32,1487.81,1497.22,1506.48,1515.70,1524.84,1533.90,1542.87,1551.75,1560.51,1569.17,1577.71,1586.10,1594.41,1602.69,1610.88,1619.08,1627.25,1635.36,1643.43,1651.54,1659.67,1667.79,1676.12,1684.61,1693.09,1701.74,1710.57,1719.54,1728.61,1738.02,1747.75,1757.76,1768.08,1778.70,1789.67,1801.00,1812.73,1824.91,1837.52,1850.70,1864.62,1879.44,1895.37,1912.50,99999.00,99999.00,99999.00,99999.00,99999.00,99999.00,99999.00,99999.00,99999.00,99999.00,99999.00,99999.00,99999.00,99999.00,99999.00
99999.00,99999.00,99999.00,99999.00,99999.00,99999.00,99999.00,99999.00,99999.00,99999.00,99999.00,99999.00,99999.00,99999.00,99999.00,99999.00,99999.00,99999.00,99999.00,99999.00,99999.00,99999.00,99999.00,99999.00,99999.00,99999.00,99999.00,99999.00,99999.00,99999.00,99999.00,99999.00,99999.00,99999.00,99999.00,99999.00,99999.00,99999.00,99999.00,99999.00,99999.00,99999.00,99999.00,99999.00,99999.00,99999.00,99999.00,99999.00,99999.00,99999.00,1094.49,1073.28,1053.27,1035.15,1019.17,1003.58, 989.62, 977.53, 966.82, 957.19, 949.38, 942.33, 936.62, 931.63, 927.35, 923.66, 920.58, 918.30, 916.57, 915.50, 915.05, 914.90, 915.16, 915.76, 916.48, 917.58, 919.03, 920.95, 923.01, 925.26, 927.66, 930.45, 933.30, 936.39, 939.78, 943.60, 947.54, 951.76, 956.18, 960.70, 965.50, 970.43, 975.45, 980.55, 985.77, 990.99, 996.27,1001.59,1006.99,1012.40,1017.89,1023.45,1029.01,1034.60,1040.22,1045.85,1051.51,1057.30,1063.34,1069.59,1076.01,1082.48,1089.01,1095.65,1102.35,1109.08,1115.93,1122.89,1129.92,1137.16,1144.50,1152.06,1159.75,1167.62,1175.69,1184.03,1192.69,1201.70,1210.99,1220.41,1229.93,1239.54,1249.20,1258.89,1268.59,1278.29,1287.99,1297.69,1307.39,1317.08,1326.78,1336.48,1346.18,1355.88,1365.58,1375.28,1384.97,1394.67,1404.37,1414.07,1423.77,1433.47,1443.08,1452.57,1462.05,1471.54,1481.03,1490.52,1500.00,1509.42,1518.70,1527.78,1536.75,1545.62,1554.38,1563.03,1571.57,1580.00,1588.34,1596.71,1604.95,1613.11,1621.27,1629.35,1637.48,1645.67,1653.82,1661.93,1670.35,1678.84,1687.33,1696.06,1704.97,1713.88,1722.99,1732.31,1741.91,1751.66,1761.77,1772.22,1782.97,1794.06,1805.50,1817.34,1829.63,1842.45,1855.88,1869.96,1884.89,1900.95,1918.41,99999.00,99999.00,99999.00,99999.00,99999.00,99999.00,99999.00,99999.00,99999.00,99999.00,99999.00,99999.00,99999.00,99999.00,99999.00
99999.00,99999.00,99999.00,99999.00,99999.00,99999.00,99999.00,99999.00,99999.00,99999.00,99999.00,99999.00,99999.00,99999.00,99999.00,99999.00,99999.00,99999.00,99999.00,99999.00,99999.00,99999.00,99999.00,99999.00,99999.00,99999.00,99999.00,99999.00,99999.00,99999.00,99999.00,99999.00,99999.00,99999.00,99999.00,99999.00,99999.00,99999.00,99999.00,99999.00,99999.00,99999.00,99999.00,99999.00,99999.00,99999.00,99999.00,99999.00,99999.00,99999.00,1093.64,1071.31,1050.21,1029.99,1010.44, 993.81, 979.09, 966.09, 955.01, 945.29, 937.03, 930.24, 924.65, 919.66, 915.72, 911.97, 909.22, 907.24, 905.79, 904.97, 904.76, 904.83, 905.31, 906.13, 907.05, 908.36, 909.98, 912.01, 914.18, 916.56, 919.30, 922.19, 925.32, 928.50, 932.11, 935.99, 940.08, 944.45, 948.87, 953.67, 958.61, 963.62, 968.72, 973.94, 979.16, 984.44, 989.76, 995.16,1000.57,1006.06,1011.64,1017.23,1022.88,1028.56,1034.27,1039.99,1045.77,1051.81,1058.05,1064.46,1070.92,1077.43,1084.05,1090.72,1097.42,1104.30,1111.24,1118.36,1125.58,1132.99,1140.52,1148.23,1156.12,1164.21,1172.54,1181.22,1190.27,1199.57,1209.03,1218.65,1228.39,1238.23,1248.15,1258.11,1268.07,1278.03,1287.99,1297.95,1307.91,1317.87,1327.83,1337.80,1347.76,1357.72,1367.68,1377.64,1387.60,1397.55,1407.25,1416.95,1426.64,1436.34,1446.04,1455.74,1465.35,1474.84,1484.33,1493.82,1503.29,1512.70,1522.01,1531.20,1540.19,1548.94,1557.55,1566.04,1574.42,1582.68,1590.96,1599.19,1607.35,1615.55,1623.64,1631.77,1639.93,1648.02,1656.20,1664.69,1673.17,1681.65,1690.46,1699.36,1708.29,1717.48,1726.88,1736.29,1746.00,1756.03,1766.35,1776.85,1787.72,1798.96,1810.54,1822.51,1834.91,1847.83,1861.37,1875.66,1890.84,1907.06,1924.69,99999.00,99999.00,99999.00,99999.00,99999.00,99999.00,99999.00,99999.00,99999.00,99999.00,99999.00,99999.00,99999.00,99999.00,99999.00
99999.00,99999.00,99999.00,99999.00,99999.00,99999.00,99999.00,99999.00,99999.00,99999.00,99999.00,99999.00,99999.00,99999.00,99999.00,99999.00,99999.00,99999.00,99999.00,99999.00,99999.00,99999.00,99999.00,99999.00,99999.00,99999.00,99999.00,99999.00,99999.00,99999.00,99999.00,99999.00,99999.00,99999.00,99999.00,99999.00,99999.00,99999.00,99999.00,99999.00,99999.00,99999.00,99999.00,99999.00,99999.00,99999.00,99999.00,99999.00,99999.00,99999.00,99999.00,99999.00,99999.00,99999.00,99999.00,99999.00, 968.01, 954.51, 942.78, 932.96, 924.62, 918.18, 912.36, 907.77, 903.78, 900.41, 898.01, 896.36, 895.20, 894.66, 894.70, 895.02, 895.72, 896.76, 897.90, 899.42, 901.21, 903.36, 905.75, 908.36, 911.36, 914.41, 917.69, 921.07, 924.90, 928.83, 933.06, 937.47, 942.27, 947.21, 952.23, 957.33, 962.54, 967.76, 973.05, 978.36, 983.76, 989.17, 994.67,1000.25,1005.86,1011.53,1017.26,1023.02,1028.81,1034.60,1040.61,1046.83,1053.21,1059.65,1066.14,1072.74,1079.37,1086.17,1093.00,1100.01,1107.09,1114.35,1121.72,1129.25,1136.94,1144.81,1152.89,1161.19,1169.84,1178.86,1188.14,1197.61,1207.28,1217.13,1227.13,1237.27,1247.51,1257.79,1268.07,1278.36,1288.65,1298.94,1309.22,1319.51,1329.80,1340.08,1350.37,1360.66,1370.76,1380.72,1390.68,1400.64,1410.60,1420.55,1430.25,1439.95,1449.65,1459.34,1469.04,1478.74,1488.35,1497.84,1507.32,1516.70,1525.97,1535.08,1544.03,1552.82,1561.37,1569.67,1577.84,1585.93,1594.05,1602.07,1610.13,1618.18,1626.30,1634.48,1642.56,1650.71,1659.16,1667.57,1676.10,1684.97,1693.86,1702.77,1712.04,1721.44,1730.88,1740.61,1750.56,1760.73,1771.20,1781.99,1793.10,1804.41,1816.12,1828.25,1840.79,1853.84,1867.50,1881.89,1897.18,1913.60,1931.49,99999.00,99999.00,99999.00,99999.00,99999.00,99999.00,99999.00,99999.00,99999.00,99999.00,99999.00,99999.00,99999.00,99999.00,99999.00
99999.00,99999.00,99999.00,99999.00,99999.00,99999.00,99999.00,99999.00,99999.00,99999.00,99999.00,99999.00,99999.00,99999.00,99999.00,99999.00,99999.00,99999.00,99999.00,99999.00,99999.00,99999.00,99999.00,99999.00,99999.00,99999.00,99999.00,99999.00,99999.00,99999.00,99999.00,99999.00,99999.00,99999.00,99999.00,99999.00,99999.00,99999.00,99999.00,99999.00,99999.00,99999.00,99999.00,99999.00,99999.00,99999.00,99999.00,99999.00,99999.00,99999.00,99999.00,99999.00,99999.00,99999.00,99999.00,99999.00,99999.00, 942.08, 930.27, 920.09, 912.15, 905.49, 900.12, 895.79, 891.91, 888.97, 886.96, 885.65, 884.80, 884.55, 884.86, 885.43, 886.38, 887.64, 889.01, 890.74, 892.70, 895.08, 897.69, 900.66, 903.75, 907.09, 910.45, 914.10, 917.98, 922.07, 926.49, 931.29, 936.23, 941.24, 946.34, 951.56, 956.78, 962.06, 967.38, 972.78, 978.19, 983.68, 989.27, 994.87,1000.56,1006.31,1012.11,1017.95,1023.80,1029.78,1035.95,1042.32,1048.74,1055.27,1061.82,1068.53,1075.27,1082.16,1089.12,1096.23,1103.43,1110.77,1118.26,1125.91,1133.73,1141.76,1150.00,1158.58,1167.52,1176.72,1186.15,1195.82,1205.73,1215.86,1226.19,1236.69,1247.31,1258.00,1268.69,1279.38,1290.08,1300.77,1311.46,1322.16,1332.85,1343.42,1353.71,1363.99,1374.28,1384.57,1394.67,1404.63,1414.59,1424.55,1434.51,1444.46,1454.16,1463.86,1473.56,1483.25,1492.95,1502.65,1512.25,1521.59,1530.79,1539.80,1548.62,1557.23,1565.66,1573.91,1581.94,1589.86,1597.72,1605.53,1613.43,1621.36,1629.36,1637.38,1645.49,1653.93,1662.31,1670.79,1679.60,1688.41,1697.36,1706.70,1716.08,1725.52,1735.34,1745.31,1755.34,1765.81,1776.57,1787.54,1798.82,1810.46,1822.43,1834.64,1847.30,1860.52,1874.31,1888.83,1904.23,1920.77,1938.76,99999.00,99999.00,99999.00,99999.00,99999.00,99999.00,99999.00,99999.00,99999.00,99999.00,99999.00,99999.00,99999.00,99999.00,99999.00
99999.00,99999.00,99999.00,99999.00,99999.00,99999.00,99999.00,99999.00,99999.00,99999.00,99999.00,99999.00,99999.00,99999.00,99999.00,99999.00,99999.00,99999.00,99999.00,99999.00,99999.00,99999.00,99999.00,99999.00,99999.00,99999.00,99999.00,99999.00,99999.00,99999.00,99999.00,99999.00,99999.00,99999.00,99999.00,99999.00,99999.00,99999.00,99999.00,99999.00,99999.00,99999.00,99999.00,99999.00,99999.00,99999.00,99999.00,99999.00,99999.00,99999.00,99999.00,99999.00,99999.00,99999.00,99999.00,99999.00,99999.00,99999.00, 916.81, 906.98, 899.24, 892.76, 887.93, 883.52, 880.15, 877.66, 876.06, 875.11, 874.60, 874.65, 875.24, 876.07, 877.27, 878.77, 880.36, 882.31, 884.61, 887.24, 890.10, 893.32, 896.58, 900.07, 903.64, 907.53, 911.46, 915.88, 920.68, 925.62, 930.64, 935.74, 940.95, 946.17, 951.45, 956.77, 962.17, 967.58, 973.08, 978.66, 984.26, 989.95, 995.71,1001.54,1007.42,1013.31,1019.30,1025.59,1031.93,1038.37,1044.83,1051.45,1058.08,1064.86,1071.69,1078.66,1085.71,1092.87,1100.16,1107.58,1115.16,1122.92,1130.86,1139.01,1147.46,1156.29,1165.36,1174.70,1184.31,1194.20,1204.39,1214.85,1225.57,1236.51,1247.62,1258.81,1270.01,1281.21,1292.41,1303.61,1314.81,1325.82,1336.51,1347.20,1357.90,1368.47,1378.75,1389.04,1399.33,1409.62,1419.72,1429.68,1439.64,1449.60,1459.56,1469.51,1479.21,1488.91,1498.60,1508.30,1517.98,1527.48,1536.71,1545.56,1554.19,1562.57,1570.74,1578.72,1586.57,1594.41,1602.07,1609.72,1617.42,1625.12,1632.95,1640.84,1649.06,1657.34,1665.75,1674.53,1683.29,1692.19,1701.46,1710.77,1720.25,1730.14,1740.12,1750.17,1760.63,1771.34,1782.22,1793.54,1805.16,1817.00,1829.17,1841.71,1854.65,1867.94,1881.86,1896.54,1912.08,1928.74,1946.85,99999.00,99999.00,99999.00,99999.00,99999.00,99999.00,99999.00,99999.00,99999.00,99999.00,99999.00,99999.00,99999.00,99999.00,99999.00
99999.00,99999.00,99999.00,99999.00,99999.00,99999.00,99999.00,99999.00,99999.00,99999.00,99999.00,99999.00,99999.00,99999.00,99999.00,99999.00,99999.00,99999.00,99999.00,99999.00,99999.00,99999.00,99999.00,99999.00,99999.00,99999.00,99999.00,99999.00,99999.00,99999.00,99999.00,99999.00,99999.00,99999.00,99999.00,99999.00,99999.00,99999.00,99999.00,99999.00,99999.00,99999.00,99999.00,99999.00,99999.00,99999.00,99999.00,99999.00,99999.00,99999.00,99999.00,99999.00,99999.00,99999.00,99999.00,99999.00,99999.00,99999.00, 902.88, 893.60, 885.85, 880.05, 875.19, 871.35, 868.53, 866.51, 865.33, 864.76, 864.59, 864.95, 865.84, 866.94, 868.38, 870.13, 871.95, 874.24, 876.89, 879.76, 882.97, 886.29, 889.84, 893.41, 897.25, 901.21, 905.63, 910.43, 915.36, 920.38, 925.48, 930.70, 935.92, 941.20, 946.52, 951.91, 957.32, 962.82, 968.40, 974.01, 979.70, 985.46, 991.30, 997.19,1003.25,1009.51,1015.74,1022.09,1028.45,1034.96,1041.49,1048.15,1054.85,1061.69,1068.58,1075.58,1082.68,1089.90,1097.25,1104.74,1112.40,1120.23,1128.25,1136.56,1145.20,1154.10,1163.28,1172.77,1182.57,1192.71,1203.20,1214.05,1225.24,1236.72,1248.44,1260.27,1272.12,1283.97,1295.82,1307.67,1318.91,1330.11,1341.31,1352.32,1363.01,1373.70,1384.39,1394.97,1405.25,1415.54,1425.83,1436.11,1446.21,1456.18,1466.14,1476.10,1486.06,1495.97,1505.66,1515.36,1525.04,1534.49,1543.66,1552.50,1560.91,1569.03,1576.86,1584.48,1592.05,1599.54,1607.01,1614.61,1622.09,1629.60,1637.21,1645.08,1653.13,1661.28,1669.82,1678.46,1687.27,1696.50,1705.75,1715.18,1725.01,1734.93,1745.05,1755.61,1766.28,1777.09,1788.46,1800.08,1811.87,1824.11,1836.64,1849.41,1862.54,1876.17,1890.36,1905.12,1920.79,1937.61,1955.85,99999.00,99999.00,99999.00,99999.00,99999.00,99999.00,99999.00,99999.00,99999.00,99999.00,99999.00,99999.00,99999.00,99999.00,99999.00
99999.00,99999.00,99999.00,99999.00,99999.00,99999.00,99999.00,99999.00,99999.00,99999.00,99999.00,99999.00,99999.00,99999.00,99999.00,99999.00,99999.00,99999.00,99999.00,99999.00,99999.00,99999.00,99999.00,99999.00,99999.00,99999.00,99999.00,99999.00,99999.00,99999.00,99999.00,99999.00,99999.00,99999.00,99999.00,99999.00,99999.00,99999.00,99999.00,99999.00,99999.00,99999.00,99999.00,99999.00,99999.00,99999.00,99999.00,99999.00,99999.00,99999.00,99999.00,99999.00,99999.00,99999.00,99999.00,99999.00,99999.00,99999.00, 888.54, 879.25, 872.40, 867.04, 862.52, 859.32, 857.06, 855.53, 854.78, 854.60, 854.78, 855.46, 856.64, 858.02, 859.72, 861.72, 864.00, 866.68, 869.59, 872.71, 876.18, 879.67, 883.37, 887.15, 891.23, 895.70, 900.50, 905.44, 910.46, 915.56, 920.78, 926.00, 931.28, 936.60, 941.99, 947.40, 952.90, 958.48, 964.09, 969.78, 975.61, 981.52, 987.61, 993.91,1000.20,1006.47,1012.71,1019.11,1025.51,1032.05,1038.63,1045.34,1052.09,1058.92,1065.85,1072.87,1080.01,1087.27,1094.67,1102.20,1109.90,1117.77,1125.91,1134.34,1143.03,1152.00,1161.29,1170.92,1180.91,1191.32,1202.16,1213.45,1225.20,1237.36,1249.85,1262.52,1275.22,1287.91,1300.51,1312.36,1324.21,1336.06,1347.30,1358.50,1369.70,1380.71,1391.40,1402.09,1412.78,1423.21,1433.50,1443.78,1454.07,1464.17,1474.13,1484.09,1494.05,1504.01,1513.92,1523.62,1533.28,1542.70,1551.69,1560.27,1568.47,1576.23,1583.74,1591.01,1598.21,1605.43,1612.70,1620.00,1627.33,1634.77,1642.35,1650.03,1657.86,1666.00,1674.38,1682.91,1691.88,1700.99,1710.33,1720.13,1729.99,1740.08,1750.60,1761.25,1772.13,1783.49,1795.15,1806.94,1819.29,1831.89,1844.64,1857.83,1871.33,1885.17,1899.57,1914.66,1930.57,1947.50,1965.87,99999.00,99999.00,99999.00,99999.00,99999.00,99999.00,99999.00,99999.00,99999.00,99999.00,99999.00,99999.00,99999.00,99999.00,99999.00
99999.00,99999.00,99999.00,99999.00,99999.00,99999.00,99999.00,99999.00,99999.00,99999.00,99999.00,99999.00,99999.00,99999.00,99999.00,99999.00,99999.00,99999.00,99999.00,99999.00,99999.00,99999.00,99999.00,99999.00,99999.00,99999.00,99999.00,99999.00,99999.00,99999.00,99999.00,99999.00,99999.00,99999.00,99999.00,99999.00,99999.00,99999.00,99999.00,99999.00,99999.00,99999.00,99999.00,99999.00,99999.00,99999.00,99999.00,99999.00,99999.00,99999.00,99999.00,99999.00,99999.00,99999.00,99999.00,99999.00,99999.00,99999.00, 873.52, 865.03, 858.99, 853.77, 850.01, 847.47, 845.77, 844.74, 844.42, 844.63, 845.17, 846.18, 847.66, 849.31, 851.30, 853.64, 856.43, 859.47, 862.62, 866.09, 869.66, 873.44, 877.23, 881.44, 886.04, 890.90, 895.84, 900.85, 905.96, 911.17, 916.39, 921.67, 926.99, 932.39, 937.80, 943.30, 948.90, 954.59, 960.43, 966.34, 972.42, 978.74, 985.05, 991.35, 997.65,1003.92,1010.20,1016.61,1023.06,1029.63,1036.23,1042.92,1049.68,1056.53,1063.47,1070.52,1077.68,1084.95,1092.35,1099.89,1107.59,1115.55,1123.75,1132.20,1140.92,1149.96,1159.34,1169.10,1179.30,1189.97,1201.18,1212.97,1225.37,1238.38,1251.89,1265.69,1279.53,1293.38,1306.17,1318.87,1331.47,1343.32,1355.17,1366.88,1378.08,1389.28,1400.28,1410.98,1421.67,1432.36,1442.79,1453.07,1463.36,1473.65,1483.75,1493.71,1503.67,1513.63,1523.59,1533.50,1543.14,1552.39,1561.09,1569.23,1576.94,1584.32,1591.33,1598.19,1604.97,1611.85,1618.81,1625.87,1633.02,1640.36,1647.87,1655.55,1663.37,1671.38,1679.59,1688.13,1696.96,1706.01,1715.54,1725.26,1735.27,1745.78,1756.40,1767.29,1778.67,1790.19,1802.13,1814.57,1827.28,1840.16,1853.53,1866.92,1880.72,1894.91,1909.53,1924.86,1941.07,1958.33,1976.97,99999.00,99999.00,99999.00,99999.00,99999.00,99999.00,99999.00,99999.00,99999.00,99999.00,99999.00,99999.00,99999.00,99999.00,99999.00
99999.00,99999.00,99999.00,99999.00,99999.00,99999.00,99999.00,99999.00,99999.00,99999.00,99999.00,99999.00,99999.00,99999.00,99999.00,99999.00,99999.00,99999.00,99999.00,99999.00,99999.00,99999.00,99999.00,99999.00,99999.00,99999.00,99999.00,99999.00,99999.00,99999.00,99999.00,99999.00,99999.00,99999.00,99999.00,99999.00,99999.00,99999.00,99999.00,99999.00,99999.00,99999.00,99999.00,99999.00,99999.00,99999.00,99999.00,99999.00,99999.00,99999.00,99999.00,99999.00,99999.00,99999.00,99999.00,99999.00,99999.00,99999.00, 858.30, 850.96, 844.96, 840.67, 837.68, 835.80, 834.66, 834.13, 834.26, 834.86, 835.76, 837.09, 838.87, 840.84, 843.38, 846.19, 849.37, 852.67, 856.07, 859.80, 863.53, 867.47, 871.81, 876.55, 881.53, 886.53, 891.54, 896.65, 901.86, 907.08, 912.36, 917.68, 923.08, 928.57, 934.18, 939.87, 945.70, 951.61, 957.70, 964.02, 970.33, 976.65, 982.96, 989.27, 995.56,1001.84,1008.15,1014.58,1021.04,1027.57,1034.18,1040.86,1047.63,1054.48,1061.43,1068.47,1075.61,1082.87,1090.24,1097.76,1105.49,1113.43,1121.61,1130.07,1138.82,1147.90,1157.36,1167.25,1177.62,1188.55,1200.13,1212.45,1225.61,1239.67,99999.00,99999.00,99999.00,99999.00,99999.00,99999.00,99999.00,99999.00,99999.00,99999.00,99999.00,99999.00,99999.00,99999.00,99999.00,99999.00,99999.00,99999.00,99999.00,99999.00,99999.00,99999.00,99999.00,99999.00,99999.00,99999.00,99999.00,99999.00,1572.27,1579.71,1586.66,1593.32,1599.78,1606.06,1612.44,1618.84,1625.42,1632.16,1639.17,1646.32,1653.72,1661.33,1669.16,1677.19,1685.45,1693.94,1702.78,1711.87,1721.31,1731.02,1741.27,1751.78,1762.62,1774.02,1785.58,1797.46,1809.99,1822.70,1835.85,1849.34,1862.90,1876.91,1890.92,1905.41,1920.39,1935.94,1952.38,1969.94,1988.90,99999.00,99999.00,99999.00,99999.00,99999.00,99999.00,99999.00,99999.00,99999.00,99999.00,99999.00,99999.00,99999.00,99999.00,99999.00
99999.00,99999.00,99999.00,99999.00,99999.00,99999.00,99999.00,99999.00,99999.00,99999.00,99999.00,99999.00,99999.00,99999.00,99999.00,99999.00,99999.00,99999.00,99999.00,99999.00,99999.00,99999.00,99999.00,99999.00,99999.00,99999.00,99999.00,99999.00,99999.00,99999.00,99999.00,99999.00,99999.00,99999.00,99999.00,99999.00,99999.00,99999.00,99999.00,99999.00,99999.00,99999.00,99999.00,99999.00,99999.00,99999.00,99999.00,99999.00,99999.00,99999.00,99999.00,99999.00,99999.00,99999.00,99999.00,99999.00,99999.00,99999.00, 843.29, 836.29, 831.09, 827.73, 825.52, 824.30, 823.73, 823.70, 824.27, 825.27, 826.53, 828.20, 830.30, 832.88, 835.77, 839.09, 842.63, 846.17, 849.92, 853.75, 857.84, 862.33, 867.20, 872.32, 877.42, 882.48, 887.57, 892.77, 897.99, 903.31, 908.71, 914.20, 919.81, 925.50, 931.33, 937.24, 943.33, 949.64, 955.96, 962.28, 968.59, 974.91, 981.22, 987.53, 993.83,1000.11,1006.43,1012.81,1019.27,1025.79,1032.39,1039.06,1045.81,1052.65,1059.58,1066.60,1073.73,1080.96,1088.35,1095.91,1103.66,1111.62,1119.80,1128.25,1137.00,1146.11,1155.62,1165.60,1176.11,1187.26,1199.18,1212.02,1226.00,99999.00,99999.00,99999.00,99999.00,99999.00,99999.00,99999.00,99999.00,99999.00,99999.00,99999.00,99999.00,99999.00,99999.00,99999.00,99999.00,99999.00,99999.00,99999.00,99999.00,99999.00,99999.00,99999.00,99999.00,99999.00,99999.00,99999.00,99999.00,99999.00,99999.00,1592.04,1597.87,1603.51,1609.09,1614.79,1620.54,1626.49,1632.57,1639.02,1645.69,1652.73,1659.97,1667.51,1675.31,1683.36,1691.66,1700.22,1709.04,1718.26,1727.77,1737.66,1747.86,1758.50,1769.67,1781.17,1793.07,1805.55,1818.25,1831.64,1845.22,1859.21,1873.47,1887.72,1902.33,1917.00,1932.25,1948.12,1964.78,1982.57,2001.84,99999.00,99999.00,99999.00,99999.00,99999.00,99999.00,99999.00,99999.00,99999.00,99999.00,99999.00,99999.00,99999.00,99999.00,99999.00
99999.00,99999.00,99999.00,99999.00,99999.00,99999.00,99999.00,99999.00,99999.00,99999.00,99999.00,99999.00,99999.00,99999.00,99999.00,99999.00,99999.00,99999.00,99999.00,99999.00,99999.00,99999.00,99999.00,99999.00,99999.00,99999.00,99999.00,99999.00,99999.00,99999.00,99999.00,99999.00,99999.00,99999.00,99999.00,99999.00,99999.00,99999.00,99999.00,99999.00,99999.00,99999.00,99999.00,99999.00,99999.00,99999.00,99999.00,99999.00,99999.00,99999.00,99999.00,99999.00,99999.00,99999.00,99999.00,99999.00,99999.00,99999.00, 827.25, 821.38, 817.37, 814.94, 813.51, 812.95, 812.96, 813.43, 814.45, 815.86, 817.48, 819.66, 822.26, 825.40, 828.76, 832.47, 836.28, 840.06, 844.07, 848.32, 852.94, 857.92, 863.14, 868.35, 873.52, 878.65, 883.85, 889.16, 894.56, 900.06, 905.66, 911.35, 917.19, 923.10, 929.18, 935.50, 941.81, 948.13, 954.44, 960.76, 967.08, 973.39, 979.71, 986.02, 992.32, 998.62,1004.93,1011.32,1017.78,1024.31,1030.91,1037.60,1044.37,1051.22,1058.18,1065.23,1072.41,1079.74,1087.24,1094.91,1102.78,1110.85,1119.15,1127.71,1136.55,1145.72,1155.28,1165.32,1175.92,1187.22,1199.39,1212.66,99999.00,99999.00,99999.00,99999.00,99999.00,99999.00,99999.00,99999.00,99999.00,99999.00,99999.00,99999.00,99999.00,99999.00,99999.00,99999.00,99999.00,99999.00,99999.00,99999.00,99999.00,99999.00,99999.00,99999.00,99999.00,99999.00,99999.00,99999.00,99999.00,99999.00,99999.00,99999.00,1609.38,1613.86,1618.62,1623.86,1629.21,1634.73,1640.46,1646.44,1652.86,1659.58,1666.71,1674.10,1681.84,1689.88,1698.21,1706.83,1715.76,1724.99,1734.65,1744.64,1755.07,1765.87,1777.14,1789.01,1801.26,1813.97,1827.38,1841.09,1855.51,1870.09,1885.00,1900.03,1914.89,1930.16,1945.58,1961.71,1978.65,1996.63,2016.10,99999.00,99999.00,99999.00,99999.00,99999.00,99999.00,99999.00,99999.00,99999.00,99999.00,99999.00,99999.00,99999.00,99999.00,99999.00
99999.00,99999.00,99999.00,99999.00,99999.00,99999.00,99999.00,99999.00,99999.00,99999.00,99999.00,99999.00,99999.00,99999.00,99999.00,99999.00,99999.00,99999.00,99999.00,99999.00,99999.00,99999.00,99999.00,99999.00,99999.00,99999.00,99999.00,99999.00,99999.00,99999.00,99999.00,99999.00,99999.00,99999.00,99999.00,99999.00,99999.00,99999.00,99999.00,99999.00,99999.00,99999.00,99999.00,99999.00,99999.00,99999.00,99999.00,99999.00,99999.00,99999.00,99999.00,99999.00,99999.00,99999.00,99999.00,99999.00,99999.00,99999.00, 810.90, 806.55, 803.74, 802.29, 801.64, 801.73, 802.30, 803.27, 804.73, 806.59, 808.70, 811.49, 814.71, 818.20, 822.08, 826.15, 830.20, 834.33, 838.72, 843.46, 848.56, 853.89, 859.22, 864.51, 869.78, 875.06, 880.45, 885.93, 891.54, 897.23, 903.06, 908.97, 915.06, 921.45, 927.85, 934.24, 940.64, 947.03, 953.42, 959.82, 966.21, 972.61, 979.00, 985.39, 991.78, 998.15,1004.55,1011.02,1017.57,1024.19,1030.89,1037.67,1044.54,1051.50,1058.58,1065.79,1073.15,1080.67,1088.35,1096.21,1104.25,1112.51,1121.00,1129.74,1138.77,1148.14,1157.88,1168.08,1178.84,1190.33,1202.72,1216.30,99999.00,99999.00,99999.00,99999.00,99999.00,99999.00,99999.00,99999.00,99999.00,99999.00,99999.00,99999.00,99999.00,99999.00,99999.00,99999.00,99999.00,99999.00,99999.00,99999.00,99999.00,99999.00,99999.00,99999.00,99999.00,99999.00,99999.00,99999.00,99999.00,99999.00,99999.00,99999.00,1622.21,1625.33,1629.05,1633.34,1638.12,1643.37,1648.97,1654.61,1660.58,1667.04,1673.87,1681.17,1688.77,1696.76,1705.10,1713.79,1722.80,1732.15,1741.86,1752.05,1762.63,1773.70,1785.19,1797.24,1809.95,1823.12,1836.90,1851.51,1866.47,1882.15,1897.91,1913.74,1929.41,1944.92,1960.94,1977.24,1994.44,2012.69,2032.32,99999.00,99999.00,99999.00,99999.00,99999.00,99999.00,99999.00,99999.00,99999.00,99999.00,99999.00,99999.00,99999.00,99999.00,99999.00
99999.00,99999.00,99999.00,99999.00,99999.00,99999.00,99999.00,99999.00,99999.00,99999.00,99999.00,99999.00,99999.00,99999.00,99999.00,99999.00,99999.00,99999.00,99999.00,99999.00,99999.00,99999.00,99999.00,99999.00,99999.00,99999.00,99999.00,99999.00,99999.00,99999.00,99999.00,99999.00,99999.00,99999.00,99999.00,99999.00,99999.00,99999.00,99999.00,99999.00,99999.00,99999.00,99999.00,99999.00,99999.00,99999.00,99999.00,99999.00,99999.00,99999.00,99999.00,99999.00,99999.00,99999.00,99999.00,99999.00,99999.00,99999.00, 794.53, 791.69, 790.05, 789.55, 789.71, 790.49, 791.65, 793.11, 795.02, 797.45, 800.38, 803.67, 807.45, 811.41, 815.69, 820.03, 824.32, 828.90, 833.77, 838.99, 844.43, 849.89, 855.31, 860.75, 866.20, 871.66, 877.25, 882.93, 888.77, 894.68, 900.76, 907.25, 913.73, 920.22, 926.71, 933.20, 939.68, 946.17, 952.66, 959.14, 965.63, 972.12, 978.61, 985.09, 991.57, 998.03,1004.53,1011.10,1017.75,1024.47,1031.27,1038.16,1045.17,1052.30,1059.56,1066.96,1074.51,1082.21,1090.07,1098.11,1106.34,1114.77,1123.43,1132.35,1141.55,1151.05,1160.93,1171.29,1182.20,1193.79,1206.28,1219.97,99999.00,99999.00,99999.00,99999.00,99999.00,99999.00,99999.00,99999.00,99999.00,99999.00,99999.00,99999.00,99999.00,99999.00,99999.00,99999.00,99999.00,99999.00,99999.00,99999.00,99999.00,99999.00,99999.00,99999.00,99999.00,99999.00,99999.00,99999.00,99999.00,99999.00,99999.00,99999.00,1635.68,1636.79,1639.43,1642.99,1647.51,1652.39,1657.61,1663.22,1669.00,1675.02,1681.62,1688.62,1696.15,1704.03,1712.35,1721.07,1730.17,1739.64,1749.51,1759.78,1770.60,1781.87,1793.70,1806.05,1819.04,1832.79,1847.21,1862.42,1878.60,1895.24,99999.00,99999.00,99999.00,99999.00,99999.00,99999.00,99999.00,99999.00,99999.00,99999.00,99999.00,99999.00,99999.00,99999.00,99999.00,99999.00,99999.00,99999.00,99999.00,99999.00,99999.00,99999.00,99999.00,99999.00
99999.00,99999.00,99999.00,99999.00,99999.00,99999.00,99999.00,99999.00,99999.00,99999.00,99999.00,99999.00,99999.00,99999.00,99999.00,99999.00,99999.00,99999.00,99999.00,99999.00,99999.00,99999.00,99999.00,99999.00,99999.00,99999.00,99999.00,99999.00,99999.00,99999.00,99999.00,99999.00,99999.00,99999.00,99999.00,99999.00,99999.00,99999.00,99999.00,99999.00,99999.00,99999.00,99999.00,99999.00,99999.00,99999.00,99999.00,99999.00,99999.00,99999.00,99999.00,99999.00,99999.00,99999.00,99999.00,99999.00,99999.00,99999.00, 778.08, 776.74, 776.28, 776.75, 777.71, 779.17, 780.93, 783.20, 785.78, 788.70, 792.24, 796.16, 800.29, 804.77, 809.41, 813.94, 818.79, 823.84, 829.19, 834.75, 840.34, 845.94, 851.54, 857.16, 862.80, 868.45, 874.27, 880.17, 886.26, 892.85, 899.44, 906.04, 912.63, 919.23, 925.82, 932.41, 939.01, 945.60, 952.20, 958.79, 965.39, 971.98, 978.57, 985.17, 991.75, 998.33,1004.94,1011.62,1018.39,1025.26,1032.24,1039.32,1046.53,1053.85,1061.31,1068.90,1076.64,1084.54,1092.51,1100.60,1108.88,1117.38,1126.11,1135.10,1144.39,1154.03,1164.08,1174.58,1185.64,1197.38,1209.98,1223.75,99999.00,99999.00,99999.00,99999.00,99999.00,99999.00,99999.00,99999.00,99999.00,99999.00,99999.00,99999.00,99999.00,99999.00,99999.00,99999.00,99999.00,99999.00,99999.00,99999.00,99999.00,99999.00,99999.00,99999.00,99999.00,99999.00,99999.00,99999.00,99999.00,99999.00,99999.00,99999.00,1649.08,1649.05,1650.92,1653.71,1657.30,1661.62,1666.61,1672.09,1677.75,1683.71,1689.88,1696.67,1703.93,1711.76,1719.99,1728.70,1737.86,1747.46,1757.47,1767.95,1778.90,1790.46,1802.56,1815.31,1828.69,1842.86,1858.03,1874.14,1891.34,99999.00,99999.00,99999.00,99999.00,99999.00,99999.00,99999.00,99999.00,99999.00,99999.00,99999.00,99999.00,99999.00,99999.00,99999.00,99999.00,99999.00,99999.00,99999.00,99999.00,99999.00,99999.00,99999.00,99999.00,99999.00
99999.00,99999.00,99999.00,99999.00,99999.00,99999.00,99999.00,99999.00,99999.00,99999.00,99999.00,99999.00,99999.00,99999.00,99999.00,99999.00,99999.00,99999.00,99999.00,99999.00,99999.00,99999.00,99999.00,99999.00,99999.00,99999.00,99999.00,99999.00,99999.00,99999.00,99999.00,99999.00,99999.00,99999.00,99999.00,99999.00,99999.00,99999.00,99999.00,99999.00,99999.00,99999.00,99999.00,99999.00,99999.00,99999.00,99999.00,99999.00,99999.00,99999.00,99999.00,99999.00,99999.00,99999.00,99999.00,99999.00,99999.00,99999.00, 761.56, 761.73, 762.44, 763.86, 765.62, 767.79, 770.33, 773.30, 776.64, 780.39, 784.43, 788.91, 793.52, 798.37, 803.18, 808.30, 813.62, 819.15, 824.83, 830.60, 836.35, 842.12, 847.92, 853.71, 859.59, 865.46, 871.52, 878.26, 885.02, 891.77, 898.53, 905.29, 912.05, 918.80, 925.56, 932.32, 939.08, 945.84, 952.59, 959.35, 966.11, 972.87, 979.62, 986.38, 993.14, 999.90,1006.70,1013.59,1020.54,1027.44,1034.45,1041.57,1048.80,1056.16,1063.66,1071.29,1079.07,1087.00,1095.10,1103.37,1111.77,1120.30,1129.08,1138.12,1147.47,1157.18,1167.30,1177.93,1189.16,1201.05,1213.81,1227.72,99999.00,99999.00,99999.00,99999.00,99999.00,99999.00,99999.00,99999.00,99999.00,99999.00,99999.00,99999.00,99999.00,99999.00,99999.00,99999.00,99999.00,99999.00,99999.00,99999.00,99999.00,99999.00,99999.00,99999.00,99999.00,99999.00,99999.00,99999.00,99999.00,99999.00,99999.00,99999.00,1662.49,1661.36,1662.53,1664.38,1667.26,1671.34,1675.96,1681.10,1686.74,1692.67,1698.84,1705.22,1712.28,1719.86,1728.07,1736.72,1745.91,1755.59,1765.76,1776.43,1787.62,1799.36,1811.80,1824.89,1838.77,1853.43,1869.18,1886.30,99999.00,99999.00,99999.00,99999.00,99999.00,99999.00,99999.00,99999.00,99999.00,99999.00,99999.00,99999.00,99999.00,99999.00,99999.00,99999.00,99999.00,99999.00,99999.00,99999.00,99999.00,99999.00,99999.00,99999.00,99999.00,99999.00
99999.00,99999.00,99999.00,99999.00,99999.00,99999.00,99999.00,99999.00,99999.00,99999.00,99999.00,99999.00,99999.00,99999.00,99999.00,99999.00,99999.00,99999.00,99999.00,99999.00,99999.00,99999.00,99999.00,99999.00,99999.00,99999.00,99999.00,99999.00,99999.00,99999.00,99999.00,99999.00,99999.00,99999.00,99999.00,99999.00,99999.00,99999.00,99999.00,99999.00,99999.00,99999.00,99999.00,99999.00,99999.00,99999.00,99999.00,99999.00,99999.00,99999.00,99999.00,99999.00,99999.00,99999.00,99999.00,99999.00,99999.00,99999.00, 745.01, 746.65, 748.53, 750.90, 753.69, 756.78, 760.23, 763.87, 767.75, 772.16, 776.87, 781.75, 786.79, 791.93, 797.35, 802.95, 808.73, 814.60, 820.52, 826.45, 832.39, 838.34, 844.35, 850.37, 856.48, 863.25, 870.19, 877.15, 884.12, 891.09, 898.07, 905.04, 912.02, 918.99, 925.97, 932.94, 939.92, 946.89, 953.87, 960.84, 967.82, 974.79, 981.71, 988.46, 995.22,1001.98,1008.83,1015.78,1022.79,1029.90,1037.09,1044.23,1051.50,1058.89,1066.42,1074.09,1081.91,1089.87,1098.00,1106.31,1114.81,1123.53,1132.41,1141.48,1150.87,1160.61,1170.78,1181.47,1192.78,1204.84,1217.75,1231.81,99999.00,99999.00,99999.00,99999.00,99999.00,99999.00,99999.00,99999.00,99999.00,99999.00,99999.00,99999.00,99999.00,99999.00,99999.00,99999.00,99999.00,99999.00,99999.00,99999.00,99999.00,99999.00,99999.00,99999.00,99999.00,99999.00,99999.00,99999.00,99999.00,99999.00,99999.00,99999.00,1675.93,1673.77,1674.25,1675.66,1678.24,1681.44,1685.54,1690.45,1696.00,1701.83,1708.06,1714.48,1721.15,1728.55,1736.53,1745.18,1754.33,1764.07,1774.37,1785.22,1796.64,1808.68,1821.35,1834.84,1849.12,1864.36,1880.71,1898.58,99999.00,99999.00,99999.00,99999.00,99999.00,99999.00,99999.00,99999.00,99999.00,99999.00,99999.00,99999.00,99999.00,99999.00,99999.00,99999.00,99999.00,99999.00,99999.00,99999.00,99999.00,99999.00,99999.00,99999.00,99999.00,99999.00
99999.00,99999.00,99999.00,99999.00,99999.00,99999.00,99999.00,99999.00,99999.00,99999.00,99999.00,99999.00,99999.00,99999.00,99999.00,99999.00,99999.00,99999.00,99999.00,99999.00,99999.00,99999.00,99999.00,99999.00,99999.00,99999.00,99999.00,99999.00,99999.00,99999.00,99999.00,99999.00,99999.00,99999.00,99999.00,99999.00,99999.00,99999.00,99999.00,99999.00,99999.00,99999.00,99999.00,99999.00,99999.00,99999.00,99999.00,99999.00,99999.00,99999.00,99999.00,99999.00,99999.00,99999.00,99999.00,99999.00,99999.00, 725.93, 728.69, 731.70, 734.96, 738.43, 742.12, 746.00, 750.15, 754.54, 759.24, 764.15, 769.41, 774.64, 780.14, 785.88, 791.77, 797.82, 803.94, 810.03, 816.14, 822.23, 828.39, 834.54, 840.79, 847.69, 854.92, 862.10, 869.27, 876.45, 883.65, 890.86, 898.06, 905.27, 912.47, 919.68, 926.88, 934.09, 941.29, 948.50, 955.71, 962.91, 969.98, 976.95, 983.93, 990.91, 997.82,1004.58,1011.43,1018.38,1025.44,1032.61,1039.85,1047.20,1054.65,1062.07,1069.64,1077.33,1085.18,1093.18,1101.34,1109.67,1118.20,1126.94,1135.92,1145.16,1154.64,1164.40,1174.60,1185.30,1196.65,1208.80,1221.88,1236.09,99999.00,99999.00,99999.00,99999.00,99999.00,99999.00,99999.00,99999.00,99999.00,99999.00,99999.00,99999.00,99999.00,99999.00,99999.00,99999.00,99999.00,99999.00,99999.00,99999.00,99999.00,99999.00,99999.00,99999.00,99999.00,99999.00,99999.00,99999.00,99999.00,99999.00,99999.00,99999.00,1689.48,1686.29,1686.10,1687.07,1689.24,1691.71,1695.59,1700.16,1705.38,1711.22,1717.45,1723.99,1730.71,1737.75,1745.57,1754.01,1763.19,1772.92,1783.31,1794.33,1805.98,1818.29,1831.31,1845.08,1859.80,1875.49,1892.46,1910.96,99999.00,99999.00,99999.00,99999.00,99999.00,99999.00,99999.00,99999.00,99999.00,99999.00,99999.00,99999.00,99999.00,99999.00,99999.00,99999.00,99999.00,99999.00,99999.00,99999.00,99999.00,99999.00,99999.00,99999.00,99999.00,99999.00
99999.00,99999.00,99999.00,99999.00,99999.00,99999.00,99999.00,99999.00,99999.00,99999.00,99999.00,99999.00,99999.00,99999.00,99999.00,99999.00,99999.00,99999.00,99999.00,99999.00,99999.00,99999.00,99999.00,99999.00,99999.00,99999.00,99999.00,99999.00,99999.00,99999.00,99999.00,99999.00,99999.00,99999.00,99999.00,99999.00,99999.00,99999.00,99999.00,99999.00,99999.00,99999.00,99999.00,99999.00,99999.00,99999.00,99999.00,99999.00,99999.00,99999.00,99999.00,99999.00,99999.00,99999.00,99999.00,99999.00, 704.41, 708.92, 713.25, 717.56, 721.96, 726.47, 731.05, 735.81, 740.60, 745.52, 750.87, 756.39, 761.94, 767.80, 773.88, 780.08, 786.42, 792.79, 799.14, 805.39, 811.69, 817.98, 824.36, 831.39, 838.95, 846.46, 853.92, 861.32, 868.73, 876.16, 883.60, 891.05, 898.50, 905.95, 913.40, 920.85, 928.30, 935.75, 943.20, 950.65, 957.95, 965.16, 972.37, 979.57, 986.64, 993.61,1000.59,1007.56,1014.57,1021.53,1028.58,1035.76,1043.05,1050.46,1057.96,1065.59,1073.34,1081.06,1088.93,1096.95,1105.14,1113.50,1122.05,1130.81,1139.80,1149.05,1158.62,1168.53,1178.80,1189.51,1200.87,1213.03,1226.26,1240.64,99999.00,99999.00,99999.00,99999.00,99999.00,99999.00,99999.00,99999.00,99999.00,99999.00,99999.00,99999.00,99999.00,99999.00,99999.00,99999.00,99999.00,99999.00,99999.00,99999.00,99999.00,99999.00,99999.00,99999.00,99999.00,99999.00,99999.00,99999.00,99999.00,99999.00,99999.00,99999.00,1703.13,1698.92,1698.05,1698.60,1700.48,1702.79,1706.02,1710.09,1715.11,1720.88,1727.04,1733.67,1740.54,1747.64,1755.12,1763.44,1772.44,1782.23,1792.65,1803.80,1815.66,1828.26,1841.60,1855.78,1870.84,1887.03,1904.48,1923.62,99999.00,99999.00,99999.00,99999.00,99999.00,99999.00,99999.00,99999.00,99999.00,99999.00,99999.00,99999.00,99999.00,99999.00,99999.00,99999.00,99999.00,99999.00,99999.00,99999.00,99999.00,99999.00,99999.00,99999.00,99999.00,99999.00
99999.00,99999.00,99999.00,99999.00,99999.00,99999.00,99999.00,99999.00,99999.00,99999.00,99999.00,99999.00,99999.00,99999.00,99999.00, 560.08, 548.17, 538.63, 530.59, 523.39, 516.70, 510.45, 506.27, 503.71, 502.48, 502.37, 503.12, 504.47, 506.43, 508.93, 511.95, 515.34, 519.25, 523.67, 528.59, 534.22, 540.58, 547.86, 555.68, 563.79, 572.14, 580.72, 589.45, 598.17, 606.37, 613.89, 620.59, 627.06, 633.50, 639.85, 646.04, 652.93, 659.95, 667.00, 674.16, 680.92, 687.33, 693.26, 698.90, 704.37, 709.72, 715.03, 720.32, 725.72, 731.23, 736.93, 742.71, 748.68, 754.93, 761.36, 767.88, 774.52, 781.16, 787.76, 794.27, 800.70, 807.21, 814.37, 822.24, 830.07, 837.86, 845.59, 853.29, 860.93, 868.59, 876.28, 883.98, 891.69, 899.40, 907.11, 914.82, 922.54, 930.25, 937.96, 945.54, 952.99, 960.44, 967.89, 975.20, 982.40, 989.61, 996.81,1003.88,1010.86,1017.93,1025.10,1032.31,1039.48,1046.77,1054.19,1061.74,1069.44,1077.23,1085.16,1093.21,1101.25,1109.45,1117.83,1126.39,1135.16,1144.16,1153.42,1162.98,1172.89,1183.23,1194.08,1205.49,1217.64,1230.86,1245.40,99999.00,99999.00,99999.00,99999.00,99999.00,99999.00,99999.00,99999.00,99999.00,99999.00,99999.00,99999.00,99999.00,99999.00,99999.00,99999.00,99999.00,99999.00,99999.00,99999.00,99999.00,99999.00,99999.00,99999.00,99999.00,99999.00,99999.00,99999.00,99999.00,99999.00,99999.00,99999.00,1716.88,1711.66,1710.12,1710.25,1711.86,1714.00,1716.63,1720.50,1725.21,1730.68,1736.87,1743.56,1750.54,1757.81,1765.39,1773.39,1782.29,1791.94,1802.46,1813.68,1825.74,1838.60,1852.31,1866.90,1882.45,1899.05,1917.06,1936.72,99999.00,99999.00,99999.00,99999.00,99999.00,99999.00,99999.00,99999.00,99999.00,99999.00,99999.00,99999.00,99999.00,99999.00,99999.00,99999.00,99999.00,99999.00,99999.00,99999.00,99999.00,99999.00,99999.00,99999.00,99999.00,99999.00
99999.00,99999.00,99999.00,99999.00,99999.00,99999.00,99999.00,99999.00,99999.00,99999.00,99999.00,99999.00,99999.00,99999.00,99999.00, 539.45, 527.66, 518.24, 510.50, 503.73, 497.50, 491.63, 487.76, 485.46, 484.45, 484.50, 485.38, 486.83, 488.86, 491.39, 494.42, 497.78, 501.61, 505.93, 510.71, 516.16, 522.59, 529.89, 537.43, 545.17, 553.03, 561.07, 569.08, 577.12, 584.82, 592.13, 598.92, 605.73, 612.63, 619.67, 626.69, 634.34, 641.95, 649.69, 657.49, 665.15, 672.33, 679.12, 685.62, 691.94, 698.13, 704.20, 710.27, 716.24, 722.22, 728.48, 734.89, 741.54, 748.34, 755.20, 762.14, 769.07, 775.92, 782.69, 789.36, 796.64, 804.63, 812.75, 820.84, 828.89, 836.91, 844.89, 852.83, 860.73, 868.66, 876.62, 884.60, 892.59, 900.58, 908.57, 916.56, 924.55, 932.54, 940.40, 948.11, 955.82, 963.41, 970.86, 978.31, 985.76, 993.06,1000.27,1007.47,1014.68,1021.84,1029.01,1036.29,1043.68,1051.12,1058.54,1066.09,1073.79,1081.63,1089.62,1097.72,1105.96,1114.33,1122.71,1131.28,1140.05,1149.05,1158.30,1167.85,1177.75,1188.07,1198.90,1210.36,1222.63,1235.89,1250.54,99999.00,99999.00,99999.00,99999.00,99999.00,99999.00,99999.00,99999.00,99999.00,99999.00,99999.00,99999.00,99999.00,99999.00,99999.00,99999.00,99999.00,99999.00,99999.00,99999.00,99999.00,99999.00,99999.00,99999.00,99999.00,99999.00,99999.00,99999.00,99999.00,99999.00,99999.00,99999.00,1729.89,1724.51,1722.31,1722.02,1723.37,1725.36,1727.92,1731.30,1735.52,1740.83,1746.99,1753.64,1760.75,1768.16,1775.93,1784.05,1792.67,1802.27,1812.68,1824.06,1836.26,1849.39,1863.47,1878.52,1894.59,1911.79,1930.30,1950.57,99999.00,99999.00,99999.00,99999.00,99999.00,99999.00,99999.00,99999.00,99999.00,99999.00,99999.00,99999.00,99999.00,99999.00,99999.00,99999.00,99999.00,99999.00,99999.00,99999.00,99999.00,99999.00,99999.00,99999.00,99999.00,99999.00
99999.00,99999.00,99999.00,99999.00,99999.00,99999.00,99999.00,99999.00,99999.00,99999.00,99999.00,99999.00,99999.00,99999.00,99999.00, 520.37, 508.68, 499.44, 491.86, 485.36, 479.55, 474.06, 470.51, 468.47, 467.67, 467.90, 468.92, 470.47, 472.54, 475.10, 478.11, 481.44, 485.21, 489.44, 494.10, 499.74, 506.44, 513.57, 520.86, 528.26, 535.76, 543.33, 550.92, 558.43, 565.81, 572.80, 579.69, 586.99, 594.41, 601.88, 609.98, 618.11, 626.16, 634.30, 642.49, 650.70, 658.58, 666.14, 673.39, 680.38, 687.17, 693.80, 700.40, 707.00, 713.75, 720.61, 727.67, 734.84, 742.04, 749.30, 756.51, 763.62, 770.64, 778.23, 786.34, 794.56, 802.94, 811.29, 819.61, 827.90, 836.16, 844.39, 852.60, 860.78, 869.00, 877.26, 885.54, 893.82, 902.11, 910.40, 918.69, 926.98, 935.09, 943.08, 951.07, 958.93, 966.65, 974.36, 981.94, 989.39, 996.84,1004.29,1011.60,1018.80,1026.10,1033.50,1040.87,1048.26,1055.77,1063.40,1071.11,1078.80,1086.65,1094.64,1102.78,1111.07,1119.47,1128.04,1136.77,1145.53,1154.51,1163.75,1173.27,1183.14,1193.42,1204.21,1215.62,1227.84,1241.11,1255.84,99999.00,99999.00,99999.00,99999.00,99999.00,99999.00,99999.00,99999.00,99999.00,99999.00,99999.00,99999.00,99999.00,99999.00,99999.00,99999.00,99999.00,99999.00,99999.00,99999.00,99999.00,99999.00,99999.00,99999.00,99999.00,99999.00,99999.00,99999.00,99999.00,99999.00,99999.00,99999.00,1716.99,1722.12,1728.33,1733.91,1735.00,1736.86,1739.36,1742.26,1746.32,1751.34,1757.23,1763.95,1771.16,1778.73,1786.66,1795.01,1803.78,1813.13,1823.54,1834.88,1847.29,1860.67,1875.13,1890.68,1907.38,1925.27,1944.52,1965.38,99999.00,99999.00,99999.00,99999.00,99999.00,99999.00,99999.00,99999.00,99999.00,99999.00,99999.00,99999.00,99999.00,99999.00,99999.00,99999.00,99999.00,99999.00,99999.00,99999.00,99999.00,99999.00,99999.00,99999.00,99999.00,99999.00
99999.00,99999.00,99999.00,99999.00,99999.00,99999.00,99999.00,99999.00,99999.00,99999.00,99999.00,99999.00,99999.00,99999.00,99999.00, 502.53, 490.93, 481.72, 474.26, 468.07, 462.56, 457.45, 454.22, 452.44, 451.86, 452.26, 453.38, 455.01, 457.14, 459.72, 462.73, 466.03, 469.75, 473.91, 478.69, 484.71, 491.53, 498.50, 505.58, 512.72, 519.97, 527.19, 534.50, 541.67, 548.76, 555.73, 562.92, 570.44, 578.30, 586.24, 594.80, 603.30, 611.87, 620.48, 629.25, 637.81, 646.13, 654.18, 661.96, 669.53, 676.88, 684.14, 691.36, 698.60, 705.90, 713.36, 720.90, 728.44, 736.01, 743.51, 750.89, 758.83, 767.25, 775.72, 784.42, 793.05, 801.65, 810.22, 818.77, 827.31, 835.83, 844.33, 852.81, 861.30, 869.84, 878.41, 887.01, 895.61, 904.22, 912.83, 921.37, 929.65, 937.94, 946.23, 954.35, 962.34, 970.33, 978.19, 985.90, 993.61,1001.19,1008.65,1016.10,1023.55,1030.94,1038.34,1045.84,1053.46,1061.03,1068.69,1076.46,1084.37,1092.25,1100.28,1108.45,1116.76,1125.19,1133.79,1142.53,1151.45,1160.56,1169.75,1179.23,1189.04,1199.25,1209.95,1221.26,1233.33,1246.40,1260.79,99999.00,99999.00,99999.00,99999.00,99999.00,99999.00,99999.00,99999.00,99999.00,99999.00,99999.00,99999.00,99999.00,99999.00,99999.00,99999.00,99999.00,99999.00,99999.00,99999.00,99999.00,99999.00,99999.00,99999.00,99999.00,99999.00,99999.00,99999.00,99999.00,99999.00,99999.00,99999.00,1705.07,1711.39,1718.22,1725.62,1733.71,1742.37,1750.92,1753.85,1757.46,1762.04,1767.80,1774.53,1781.79,1789.48,1797.60,1806.14,1815.17,1824.72,1834.93,1846.31,1858.77,1872.48,1887.31,1903.44,1920.87,1939.65,1959.84,1981.59,99999.00,99999.00,99999.00,99999.00,99999.00,99999.00,99999.00,99999.00,99999.00,99999.00,99999.00,99999.00,99999.00,99999.00,99999.00,99999.00,99999.00,99999.00,99999.00,99999.00,99999.00,99999.00,99999.00,99999.00,99999.00,99999.00
99999.00,99999.00,99999.00,99999.00,99999.00,99999.00,99999.00,99999.00,99999.00,99999.00,99999.00,99999.00,99999.00,99999.00,99999.00, 485.62, 474.13, 464.84, 457.59, 451.56, 446.33, 441.61, 438.71, 437.18, 436.78, 437.32, 438.56, 440.27, 442.45, 445.06, 448.08, 451.36, 455.04, 459.14, 464.51, 470.88, 477.61, 484.45, 491.35, 498.30, 505.31, 512.36, 519.41, 526.48, 533.39, 540.41, 547.86, 555.67, 563.68, 572.54, 581.37, 590.28, 599.24, 608.37, 617.37, 626.24, 634.90, 643.33, 651.57, 659.59, 667.49, 675.34, 683.11, 690.82, 698.67, 706.57, 714.44, 722.32, 730.10, 738.42, 747.19, 755.97, 764.96, 773.95, 782.83, 791.66, 800.48, 809.29, 818.09, 826.89, 835.68, 844.47, 853.25, 862.06, 870.93, 879.85, 888.79, 897.74, 906.70, 915.64, 924.25, 932.86, 941.39, 949.68, 957.97, 966.26, 974.38, 982.37, 990.36, 998.22,1005.93,1013.64,1021.22,1028.67,1036.20,1043.77,1051.30,1058.95,1066.71,1074.43,1082.26,1090.20,1098.29,1106.34,1114.54,1122.88,1131.37,1139.98,1148.77,1157.71,1166.85,1176.18,1185.68,1195.45,1205.54,1216.09,1227.21,1239.03,1251.74,1265.57,1280.86,99999.00,99999.00,99999.00,99999.00,99999.00,99999.00,99999.00,99999.00,99999.00,99999.00,99999.00,99999.00,99999.00,99999.00,99999.00,99999.00,99999.00,99999.00,99999.00,99999.00,99999.00,99999.00,99999.00,99999.00,99999.00,99999.00,99999.00,99999.00,99999.00,99999.00,1685.89,1693.22,1700.86,1708.77,1717.16,1725.99,1735.29,1744.82,1754.53,1764.74,1773.17,1778.70,1785.20,1792.64,1800.44,1808.71,1817.47,1826.73,1836.57,1847.02,1858.28,1870.87,1884.73,1900.05,1916.78,1935.10,1955.03,99999.00,99999.00,99999.00,99999.00,99999.00,99999.00,99999.00,99999.00,99999.00,99999.00,99999.00,99999.00,99999.00,99999.00,99999.00,99999.00,99999.00,99999.00,99999.00,99999.00,99999.00,99999.00,99999.00,99999.00,99999.00,99999.00,99999.00,99999.00
99999.00,99999.00,99999.00,99999.00,99999.00,99999.00,99999.00,99999.00,99999.00,99999.00,99999.00,99999.00,99999.00,99999.00,99999.00, 469.05, 458.08, 448.74, 441.57, 435.67, 430.75, 426.40, 423.78, 422.48, 422.27, 422.96, 424.31, 426.11, 428.35, 430.99, 434.03, 437.30, 440.96, 445.50, 451.30, 457.86, 464.52, 471.26, 478.01, 484.86, 491.68, 498.63, 505.52, 512.45, 519.41, 526.59, 534.17, 542.27, 551.28, 560.32, 569.48, 578.70, 588.11, 597.41, 606.64, 615.74, 624.68, 633.46, 642.03, 650.51, 658.93, 667.24, 675.39, 683.66, 691.91, 700.10, 708.31, 717.03, 726.17, 735.29, 744.59, 753.89, 763.15, 772.30, 781.35, 790.40, 799.45, 808.51, 817.57, 826.65, 835.73, 844.82, 853.92, 863.09, 872.32, 881.60, 890.92, 900.25, 909.59, 918.62, 927.58, 936.52, 945.13, 953.74, 962.27, 970.56, 978.85, 987.13, 995.25,1003.24,1011.23,1019.09,1026.80,1034.43,1041.91,1049.56,1057.26,1064.93,1072.71,1080.63,1088.51,1096.50,1104.62,1112.88,1121.10,1129.46,1137.95,1146.59,1155.37,1164.34,1173.46,1182.81,1192.38,1202.16,1212.26,1222.66,1233.51,1244.98,1257.21,1270.36,1284.61,1300.05,99999.00,99999.00,99999.00,99999.00,99999.00,99999.00,99999.00,99999.00,99999.00,99999.00,99999.00,99999.00,99999.00,99999.00,99999.00,99999.00,99999.00,99999.00,99999.00,99999.00,99999.00,99999.00,99999.00,99999.00,99999.00,99999.00,99999.00,99999.00,1665.82,1674.42,1683.02,1691.58,1700.37,1709.43,1718.84,1728.37,1738.29,1748.66,1759.48,1770.83,1782.72,1795.42,1803.64,1811.62,1820.03,1828.97,1838.48,1848.59,1859.38,1870.92,1883.46,1897.56,1913.21,1930.69,1950.04,99999.00,99999.00,99999.00,99999.00,99999.00,99999.00,99999.00,99999.00,99999.00,99999.00,99999.00,99999.00,99999.00,99999.00,99999.00,99999.00,99999.00,99999.00,99999.00,99999.00,99999.00,99999.00,99999.00,99999.00,99999.00,99999.00,99999.00,99999.00,99999.00
99999.00,99999.00,99999.00,99999.00,99999.00,99999.00,99999.00,99999.00,99999.00,99999.00,99999.00,99999.00,99999.00,99999.00,99999.00, 453.01, 442.24, 433.30, 426.10, 420.41, 415.66, 411.66, 409.32, 408.25, 408.23, 409.07, 410.53, 412.42, 414.73, 417.41, 420.47, 423.75, 427.55, 432.78, 438.98, 445.52, 452.13, 458.76, 465.44, 472.16, 478.94, 485.76, 492.66, 499.50, 506.54, 513.86, 521.94, 530.99, 540.12, 549.43, 558.83, 568.44, 577.96, 587.43, 596.83, 606.14, 615.33, 624.36, 633.32, 642.23, 651.03, 659.60, 668.25, 676.87, 685.60, 694.72, 704.23, 713.70, 723.33, 732.94, 742.55, 752.05, 761.45, 770.77, 780.03, 789.31, 798.60, 807.92, 817.25, 826.62, 836.01, 845.43, 854.89, 864.45, 874.07, 883.76, 893.48, 903.23, 912.71, 922.05, 931.38, 940.41, 949.37, 958.31, 966.92, 975.53, 984.06, 992.35,1000.64,1008.93,1017.02,1025.01,1032.87,1040.59,1048.23,1055.83,1063.61,1071.44,1079.25,1087.18,1095.26,1103.31,1111.47,1119.76,1128.17,1136.52,1145.01,1153.63,1162.41,1171.33,1180.44,1189.73,1199.27,1209.08,1219.12,1229.47,1240.18,1251.29,1262.97,1275.38,1288.62,1302.75,1317.58,1332.55,1347.40,1362.10,1376.66,1391.06,1405.33,1419.41,1432.41,1445.28,1458.08,1470.81,1482.96,1494.72,1506.41,1518.04,1529.60,1540.74,1551.55,1562.29,1572.97,1583.59,1593.92,1604.27,1614.72,1625.24,1635.74,1645.98,1655.50,1664.94,1674.18,1683.45,1692.78,1702.34,1712.17,1722.32,1732.79,1743.67,1755.00,1767.04,1779.53,1792.40,1805.63,1819.28,1831.55,1840.67,1850.39,1860.77,1871.86,1883.78,1896.67,1910.81,1926.85,1944.90,99999.00,99999.00,99999.00,99999.00,99999.00,99999.00,99999.00,99999.00,99999.00,99999.00,99999.00,99999.00,99999.00,99999.00,99999.00,99999.00,99999.00,99999.00,99999.00,99999.00,99999.00,99999.00,99999.00,99999.00,99999.00,99999.00,99999.00,99999.00,99999.00,99999.00
99999.00,99999.00,99999.00,99999.00,99999.00,99999.00,99999.00,99999.00,99999.00,99999.00,99999.00,99999.00,99999.00,99999.00,99999.00, 437.44, 426.81, 418.39, 411.18, 405.60, 400.97, 397.32, 395.26, 394.42, 394.58, 395.57, 397.16, 399.14, 401.51, 404.25, 407.33, 410.62, 415.10, 420.80, 427.24, 433.76, 440.33, 446.90, 453.55, 460.19, 466.96, 473.71, 480.55, 487.51, 494.60, 502.59, 511.61, 520.75, 530.10, 539.60, 549.35, 559.02, 568.66, 578.26, 587.81, 597.30, 606.68, 616.02, 625.34, 634.57, 643.54, 652.52, 661.75, 671.36, 681.35, 691.28, 701.25, 711.15, 721.08, 730.91, 740.64, 750.28, 759.83, 769.32, 778.81, 788.32, 797.86, 807.45, 817.08, 826.76, 836.48, 846.24, 856.11, 866.07, 876.13, 886.25, 896.42, 906.56, 916.29, 926.03, 935.52, 944.85, 954.19, 963.22, 972.18, 981.12, 989.73, 998.34,1006.78,1015.06,1023.35,1031.45,1039.44,1047.30,1055.01,1062.77,1070.50,1078.41,1086.38,1094.33,1102.42,1110.66,1118.88,1127.20,1135.61,1144.13,1152.59,1161.17,1169.90,1178.78,1187.80,1197.03,1206.46,1216.17,1226.17,1236.44,1246.95,1257.82,1269.10,1280.83,1293.14,1306.09,1319.68,1333.59,1347.36,1360.97,1374.42,1387.72,1400.86,1413.88,1426.82,1439.70,1451.99,1463.89,1475.72,1487.48,1499.17,1510.63,1521.58,1532.46,1543.29,1554.05,1564.71,1575.00,1585.32,1595.72,1606.18,1616.69,1627.19,1637.15,1647.09,1656.84,1666.56,1676.34,1686.26,1696.34,1706.62,1717.20,1728.10,1739.61,1751.48,1763.84,1776.52,1789.56,1802.98,1816.84,1831.17,1846.01,1861.43,1873.08,1884.46,1896.70,1910.00,1924.53,1940.67,1959.26,99999.00,99999.00,99999.00,99999.00,99999.00,99999.00,99999.00,99999.00,99999.00,99999.00,99999.00,99999.00,99999.00,99999.00,99999.00,99999.00,99999.00,99999.00,99999.00,99999.00,99999.00,99999.00,99999.00,99999.00,99999.00,99999.00,99999.00,99999.00,99999.00,99999.00
99999.00,99999.00,99999.00,99999.00,99999.00,99999.00,99999.00,99999.00,99999.00,99999.00,99999.00,99999.00,99999.00,99999.00,99999.00, 422.31, 411.77, 403.51, 396.72, 391.14, 386.62, 383.32, 381.54, 380.93, 381.28, 382.42, 384.13, 386.20, 388.65, 391.44, 394.56, 398.20, 403.40, 409.54, 415.99, 422.51, 429.04, 435.59, 442.19, 448.85, 455.56, 462.40, 469.21, 476.28, 484.14, 493.05, 502.14, 511.48, 521.00, 530.80, 540.56, 550.32, 560.05, 569.75, 579.45, 589.07, 598.70, 608.35, 617.93, 627.27, 636.95, 647.00, 657.42, 667.77, 678.16, 688.47, 698.79, 709.05, 719.17, 729.13, 738.98, 748.75, 758.47, 768.15, 777.87, 787.63, 797.44, 807.31, 817.25, 827.26, 837.33, 847.49, 857.79, 868.21, 878.73, 889.34, 899.98, 910.17, 920.35, 930.48, 940.22, 949.96, 959.45, 968.78, 978.11, 987.15, 996.10,1004.86,1013.47,1021.91,1030.20,1038.49,1046.58,1054.57,1062.43,1070.23,1078.12,1085.98,1094.02,1102.13,1110.24,1118.49,1126.89,1135.24,1143.67,1152.17,1160.76,1169.27,1177.92,1186.69,1195.63,1204.72,1214.05,1223.60,1233.44,1243.59,1254.01,1264.62,1275.49,1286.73,1298.34,1310.33,1322.74,1335.57,1348.59,1361.44,1374.13,1386.65,1399.02,1411.23,1423.35,1435.40,1447.38,1459.28,1471.12,1482.72,1493.81,1504.83,1515.78,1526.67,1537.46,1547.75,1558.00,1568.34,1578.72,1589.14,1599.59,1609.77,1620.00,1630.12,1640.26,1650.45,1660.60,1670.73,1680.95,1691.34,1701.95,1713.06,1724.42,1736.23,1748.39,1760.85,1773.65,1786.83,1800.44,1814.50,1829.06,1844.16,1859.84,1876.15,1893.16,1909.67,1923.28,1938.20,1954.74,1973.41,99999.00,99999.00,99999.00,99999.00,99999.00,99999.00,99999.00,99999.00,99999.00,99999.00,99999.00,99999.00,99999.00,99999.00,99999.00,99999.00,99999.00,99999.00,99999.00,99999.00,99999.00,99999.00,99999.00,99999.00,99999.00,99999.00,99999.00,99999.00,99999.00,99999.00
99999.00,99999.00,99999.00,99999.00,99999.00,99999.00,99999.00,99999.00,99999.00,99999.00,99999.00,99999.00,99999.00,99999.00,99999.00, 407.50, 397.10, 388.92, 382.60, 376.99, 372.57, 369.60, 368.10, 367.73, 368.27, 369.56, 371.39, 373.56, 376.08, 378.93, 382.10, 386.59, 392.29, 398.70, 405.17, 411.69, 418.20, 424.79, 431.35, 438.07, 444.77, 451.59, 458.70, 466.47, 475.25, 484.23, 493.51, 502.99, 512.78, 522.57, 532.38, 542.19, 552.00, 561.82, 571.61, 581.44, 591.46, 601.28, 611.43, 621.84, 632.63, 643.36, 654.12, 664.80, 675.48, 686.12, 696.66, 707.06, 717.33, 727.46, 737.47, 747.39, 757.27, 767.18, 777.14, 787.16, 797.25, 807.43, 817.70, 828.05, 838.51, 849.11, 859.87, 870.78, 881.82, 892.97, 903.81, 914.51, 925.16, 935.35, 945.53, 955.66, 965.39, 975.14, 984.63, 993.96,1003.07,1012.03,1020.79,1029.40,1037.83,1046.12,1054.41,1062.50,1070.49,1078.42,1086.34,1094.35,1102.34,1110.52,1118.79,1127.04,1135.45,1143.97,1152.40,1160.88,1169.40,1178.00,1186.56,1195.23,1204.04,1213.00,1222.13,1231.51,1241.12,1251.04,1261.29,1271.75,1282.34,1293.12,1304.11,1315.40,1326.95,1338.71,1350.73,1363.06,1375.23,1387.22,1399.04,1410.71,1422.25,1433.71,1445.09,1456.40,1467.64,1478.81,1489.91,1500.93,1511.87,1522.28,1532.63,1542.92,1553.25,1563.59,1573.96,1584.05,1594.16,1604.32,1614.63,1624.91,1635.22,1645.51,1655.78,1666.05,1676.46,1687.28,1698.26,1709.61,1721.34,1733.34,1745.63,1758.24,1771.21,1784.57,1798.37,1812.65,1827.46,1842.82,1858.78,1875.38,1892.67,1910.78,1929.83,1950.02,1968.72,1987.73,99999.00,99999.00,99999.00,99999.00,99999.00,99999.00,99999.00,99999.00,99999.00,99999.00,99999.00,99999.00,99999.00,99999.00,99999.00,99999.00,99999.00,99999.00,99999.00,99999.00,99999.00,99999.00,99999.00,99999.00,99999.00,99999.00,99999.00,99999.00,99999.00,99999.00
99999.00,99999.00,99999.00,99999.00,99999.00,99999.00,99999.00,99999.00,99999.00,99999.00,99999.00,99999.00,99999.00,99999.00,99999.00, 392.83, 382.68, 374.57, 368.32, 363.14, 358.77, 356.14, 354.92, 354.78, 355.50, 356.95, 358.90, 361.17, 363.77, 366.67, 370.38, 375.61, 381.76, 388.22, 394.72, 401.24, 407.78, 414.36, 420.99, 427.69, 434.54, 441.68, 449.50, 458.12, 466.97, 476.13, 485.54, 495.27, 505.03, 514.84, 524.68, 534.54, 544.43, 554.32, 564.60, 574.75, 585.27, 596.10, 607.23, 618.24, 629.30, 640.29, 651.28, 662.25, 673.15, 683.93, 694.60, 705.15, 715.58, 725.89, 736.10, 746.20, 756.28, 766.42, 776.63, 786.93, 797.32, 807.81, 818.42, 829.16, 840.03, 851.11, 862.38, 873.84, 885.45, 897.04, 908.29, 919.55, 930.40, 941.10, 951.75, 961.94, 972.12, 982.21, 991.96,1001.44,1010.78,1019.89,1028.85,1037.60,1046.21,1054.65,1062.94,1071.23,1079.32,1087.34,1095.38,1103.43,1111.57,1119.69,1128.02,1136.43,1144.84,1153.34,1161.90,1170.36,1178.85,1187.37,1195.96,1204.49,1213.13,1221.90,1230.84,1239.95,1249.32,1258.93,1268.86,1279.13,1289.51,1299.97,1310.53,1321.21,1332.01,1343.00,1354.13,1365.46,1377.06,1388.66,1400.08,1411.34,1422.43,1433.45,1444.38,1455.24,1466.02,1476.72,1487.35,1497.92,1508.41,1518.83,1529.19,1539.48,1549.79,1559.80,1569.83,1579.89,1590.00,1600.23,1610.56,1620.88,1631.11,1641.35,1651.66,1662.21,1672.86,1683.81,1695.06,1706.61,1718.41,1730.51,1742.93,1755.71,1768.89,1782.50,1796.58,1811.15,1826.25,1841.92,1858.20,1875.12,1892.73,1911.15,1930.50,1950.96,1972.79,1996.33,99999.00,99999.00,99999.00,99999.00,99999.00,99999.00,99999.00,99999.00,99999.00,99999.00,99999.00,99999.00,99999.00,99999.00,99999.00,99999.00,99999.00,99999.00,99999.00,99999.00,99999.00,99999.00,99999.00,99999.00,99999.00,99999.00,99999.00,99999.00,99999.00,99999.00
99999.00,99999.00,99999.00,99999.00,99999.00,99999.00,99999.00,99999.00,99999.00,99999.00,99999.00,99999.00,99999.00,99999.00,99999.00, 378.02, 368.46, 360.41, 354.23, 349.52, 345.19, 342.91, 341.96, 342.04, 342.96, 344.56, 346.63, 349.00, 351.68, 354.80, 359.37, 365.11, 371.56, 378.06, 384.60, 391.12, 397.73, 404.31, 411.04, 417.92, 425.10, 432.97, 441.58, 450.27, 459.30, 468.59, 478.24, 487.93, 497.69, 507.51, 517.37, 527.29, 537.69, 548.00, 558.75, 569.84, 581.29, 592.66, 603.94, 615.16, 626.39, 637.61, 648.79, 659.89, 670.89, 681.80, 692.61, 703.32, 713.93, 724.44, 734.86, 745.19, 755.50, 765.89, 776.37, 786.95, 797.65, 808.48, 819.46, 830.59, 841.95, 853.54, 865.37, 877.42, 889.67, 901.61, 913.49, 925.23, 936.50, 947.75, 958.61, 969.30, 979.78, 989.96,1000.05,1009.79,1019.28,1028.61,1037.73,1046.68,1055.44,1064.05,1072.49,1080.78,1089.07,1097.16,1105.29,1113.45,1121.62,1129.89,1138.15,1146.62,1155.17,1163.68,1172.23,1180.79,1189.20,1197.61,1206.05,1214.54,1222.96,1231.50,1240.18,1249.03,1258.06,1267.36,1276.90,1286.76,1296.96,1307.19,1317.41,1327.66,1337.94,1348.24,1358.60,1369.14,1379.83,1390.74,1401.87,1412.82,1423.59,1434.26,1444.85,1455.35,1465.78,1476.12,1486.40,1496.59,1506.72,1516.77,1526.76,1536.70,1546.66,1556.65,1566.66,1576.71,1586.82,1597.03,1607.17,1617.31,1627.57,1637.95,1648.39,1658.94,1669.75,1680.79,1692.08,1703.64,1715.50,1727.69,1740.24,1753.20,1766.60,1780.47,1794.86,1809.78,1825.27,1841.35,1858.02,1875.33,1893.33,1912.11,1931.81,1952.60,1974.72,1998.52,99999.00,99999.00,99999.00,99999.00,99999.00,99999.00,99999.00,99999.00,99999.00,99999.00,99999.00,99999.00,99999.00,99999.00,99999.00,99999.00,99999.00,99999.00,99999.00,99999.00,99999.00,99999.00,99999.00,99999.00,99999.00,99999.00,99999.00,99999.00,99999.00,99999.00
99999.00,99999.00,99999.00,99999.00,99999.00,99999.00,99999.00,99999.00,99999.00,99999.00,99999.00,99999.00,99999.00,99999.00,99999.00, 363.40, 354.03, 346.43, 340.32, 335.67, 331.81, 329.86, 329.20, 329.50, 330.60, 332.35, 334.55, 337.01, 339.77, 343.58, 348.89, 355.11, 361.62, 368.17, 374.72, 381.31, 387.94, 394.71, 401.64, 408.87, 416.79, 425.46, 434.07, 442.95, 452.10, 461.63, 471.22, 480.90, 490.65, 500.55, 510.96, 521.32, 532.14, 543.37, 555.00, 566.60, 578.15, 589.62, 601.01, 612.40, 623.78, 635.11, 646.37, 657.57, 668.70, 679.75, 690.72, 701.61, 712.41, 723.13, 733.77, 744.37, 754.98, 765.63, 776.39, 787.27, 798.30, 809.48, 820.85, 832.43, 844.29, 856.44, 868.87, 881.58, 894.37, 906.91, 919.53, 931.66, 943.57, 955.31, 966.58, 977.63, 988.32, 998.80,1008.98,1019.07,1028.82,1038.30,1047.64,1056.75,1065.71,1074.46,1083.07,1091.51,1099.80,1108.09,1116.25,1124.50,1132.78,1141.08,1149.48,1157.90,1166.55,1175.20,1183.69,1192.15,1200.57,1208.82,1217.07,1225.32,1233.63,1241.89,1250.26,1258.78,1267.48,1276.36,1285.52,1294.92,1304.63,1314.67,1324.70,1334.63,1344.49,1354.32,1364.12,1373.95,1383.85,1393.94,1404.21,1414.71,1425.25,1435.66,1445.98,1456.21,1466.36,1476.43,1486.42,1496.33,1506.16,1515.93,1525.62,1535.29,1544.98,1554.69,1564.44,1574.22,1584.10,1594.08,1604.18,1614.36,1624.64,1635.05,1645.56,1656.18,1666.91,1677.88,1689.15,1700.72,1712.64,1724.92,1737.62,1750.76,1764.38,1778.54,1793.26,1808.57,1824.51,1841.08,1858.28,1876.12,1894.59,1913.82,1933.95,1955.16,1977.66,2001.80,99999.00,99999.00,99999.00,99999.00,99999.00,99999.00,99999.00,99999.00,99999.00,99999.00,99999.00,99999.00,99999.00,99999.00,99999.00,99999.00,99999.00,99999.00,99999.00,99999.00,99999.00,99999.00,99999.00,99999.00,99999.00,99999.00,99999.00,99999.00,99999.00,99999.00
99999.00,99999.00,99999.00,99999.00,99999.00,99999.00,99999.00,99999.00,99999.00,99999.00,99999.00,99999.00,99999.00,99999.00,99999.00, 348.93, 339.62, 332.60, 326.54, 321.95, 318.57, 316.99, 316.60, 317.13, 318.41, 320.30, 322.62, 325.18, 328.31, 332.98, 338.82, 345.34, 351.90, 358.50, 365.09, 371.77, 378.61, 385.59, 392.89, 400.87, 409.61, 418.29, 427.02, 436.02, 445.41, 454.87, 464.47, 474.24, 484.56, 494.87, 505.68, 516.92, 528.61, 540.30, 552.00, 563.67, 575.29, 586.84, 598.32, 609.79, 621.24, 632.65, 644.01, 655.34, 666.60, 677.82, 688.97, 700.06, 711.07, 722.02, 732.91, 743.81, 754.73, 765.69, 776.75, 787.95, 799.31, 810.87, 822.65, 834.72, 847.12, 859.86, 872.95, 886.39, 899.69, 913.07, 926.36, 939.18, 951.83, 963.97, 975.74, 987.01, 998.06,1008.75,1019.23,1029.41,1039.50,1049.25,1058.73,1068.07,1077.18,1086.14,1094.89,1103.50,1111.94,1120.23,1128.54,1136.81,1145.18,1153.58,1162.06,1170.66,1179.26,1187.96,1196.49,1204.78,1212.99,1221.13,1229.11,1237.08,1245.08,1253.14,1261.15,1269.29,1277.59,1286.07,1294.75,1303.69,1312.88,1322.38,1332.19,1341.97,1351.59,1361.05,1370.40,1379.73,1389.05,1398.42,1407.87,1417.54,1427.39,1437.53,1447.65,1457.67,1467.61,1477.46,1487.23,1496.92,1506.53,1516.07,1525.53,1534.99,1544.47,1553.97,1563.51,1573.11,1582.82,1592.64,1602.58,1612.62,1622.77,1633.07,1643.52,1654.10,1664.82,1675.75,1687.00,1698.60,1710.57,1722.95,1735.78,1749.11,1762.97,1777.42,1792.50,1808.25,1824.70,1841.86,1859.71,1878.21,1897.34,1917.18,1937.87,1959.61,1982.62,2007.26,99999.00,99999.00,99999.00,99999.00,99999.00,99999.00,99999.00,99999.00,99999.00,99999.00,99999.00,99999.00,99999.00,99999.00,99999.00,99999.00,99999.00,99999.00,99999.00,99999.00,99999.00,99999.00,99999.00,99999.00,99999.00,99999.00,99999.00,99999.00,99999.00,99999.00
99999.00,99999.00,99999.00,99999.00,99999.00,99999.00,99999.00,99999.00,99999.00,99999.00,99999.00,99999.00,99999.00,99999.00,99999.00, 334.59, 325.34, 318.51, 312.89, 308.35, 305.44, 304.27, 304.15, 304.90, 306.36, 308.40, 310.83, 313.48, 317.43, 322.85, 329.16, 335.75, 342.37, 349.00, 355.74, 362.64, 369.70, 377.07, 385.12, 393.93, 402.69, 411.44, 420.28, 429.52, 438.91, 448.49, 458.64, 468.79, 479.49, 490.66, 502.31, 514.00, 525.72, 537.46, 549.20, 560.92, 572.59, 584.21, 595.75, 607.29, 618.82, 630.33, 641.83, 653.29, 664.73, 676.12, 687.48, 698.78, 710.04, 721.23, 732.43, 743.64, 754.89, 766.19, 777.57, 789.10, 800.83, 812.77, 825.02, 837.60, 850.56, 863.93, 877.73, 891.73, 905.83, 920.20, 934.24, 948.03, 961.32, 973.97, 986.11, 997.88,1009.15,1020.20,1030.90,1041.37,1051.56,1061.65,1071.39,1080.88,1090.21,1099.32,1108.28,1117.04,1125.65,1134.08,1142.37,1150.77,1159.17,1167.72,1176.32,1185.00,1193.77,1202.32,1210.75,1218.92,1226.79,1234.57,1242.31,1249.91,1257.53,1265.19,1272.93,1280.64,1288.50,1296.51,1304.72,1313.12,1321.79,1330.71,1339.92,1349.45,1358.93,1368.21,1377.33,1386.27,1395.12,1403.97,1412.82,1421.75,1430.78,1440.03,1449.67,1459.54,1469.31,1479.00,1488.60,1498.12,1507.56,1516.92,1526.21,1535.51,1544.83,1554.17,1563.55,1573.03,1582.63,1592.34,1602.17,1612.11,1622.18,1632.42,1642.82,1653.40,1664.14,1675.10,1686.34,1697.96,1709.99,1722.46,1735.43,1748.94,1763.04,1777.80,1793.27,1809.51,1826.56,1844.43,1863.08,1882.43,1902.41,1923.09,1944.60,1967.12,1990.90,2016.30,99999.00,99999.00,99999.00,99999.00,99999.00,99999.00,99999.00,99999.00,99999.00,99999.00,99999.00,99999.00,99999.00,99999.00,99999.00,99999.00,99999.00,99999.00,99999.00,99999.00,99999.00,99999.00,99999.00,99999.00,99999.00,99999.00,99999.00,99999.00,99999.00,99999.00
99999.00,99999.00,99999.00,99999.00,99999.00,99999.00,99999.00,99999.00,99999.00,99999.00,99999.00,99999.00,99999.00,99999.00,99999.00, 320.37, 311.18, 304.40, 299.34, 294.85, 292.41, 291.62, 291.83, 292.80, 294.43, 296.60, 299.15, 302.31, 307.11, 313.05, 319.66, 326.30, 332.98, 339.77, 346.73, 353.87, 361.32, 369.46, 378.35, 387.20, 396.03, 404.83, 413.97, 423.32, 433.25, 443.20, 453.71, 464.70, 476.22, 487.82, 499.49, 511.20, 522.95, 534.72, 546.49, 558.24, 569.95, 581.62, 593.24, 604.88, 616.52, 628.16, 639.81, 651.44, 663.06, 674.67, 686.25, 697.80, 709.31, 720.82, 732.34, 743.90, 755.49, 767.15, 778.90, 790.78, 802.88, 815.27, 828.00, 841.11, 854.66, 868.68, 883.12, 897.78, 912.96, 928.30, 943.53, 958.50, 972.34, 985.64, 998.29,1010.43,1022.20,1033.47,1044.52,1055.21,1065.69,1075.87,1085.96,1095.71,1105.19,1114.53,1123.64,1132.60,1141.35,1149.96,1158.40,1166.75,1175.33,1183.92,1192.66,1201.46,1210.29,1218.84,1226.81,1234.34,1241.59,1248.84,1256.12,1263.31,1270.57,1277.89,1285.33,1292.75,1300.27,1307.78,1315.46,1323.33,1331.40,1339.74,1348.33,1357.22,1366.40,1375.53,1384.46,1393.23,1401.84,1410.37,1418.75,1427.13,1435.54,1444.04,1452.81,1461.84,1471.27,1480.84,1490.32,1499.71,1509.02,1518.25,1527.42,1536.60,1545.79,1555.01,1564.32,1573.73,1583.25,1592.89,1602.66,1612.54,1622.57,1632.78,1643.17,1653.76,1664.55,1675.55,1686.86,1698.50,1710.58,1723.15,1736.25,1749.93,1764.27,1779.34,1795.22,1812.00,1829.74,1848.48,1868.17,1888.66,1909.81,1931.32,1953.17,1976.05,2000.25,2026.35,99999.00,99999.00,99999.00,99999.00,99999.00,99999.00,99999.00,99999.00,99999.00,99999.00,99999.00,99999.00,99999.00,99999.00,99999.00,99999.00,99999.00,99999.00,99999.00,99999.00,99999.00,99999.00,99999.00,99999.00,99999.00,99999.00,99999.00,99999.00,99999.00,99999.00
99999.00,99999.00,99999.00,99999.00,99999.00,99999.00,99999.00,99999.00,99999.00,99999.00,99999.00,99999.00,99999.00,99999.00,99999.00, 305.90, 297.11, 290.38, 285.50, 281.43, 279.45, 279.05, 279.58, 280.80, 282.60, 284.91, 287.55, 291.65, 297.19, 303.60, 310.27, 316.99, 323.82, 330.84, 338.04, 345.57, 353.80, 362.78, 371.72, 380.64, 389.63, 398.71, 408.40, 418.11, 428.39, 439.17, 450.51, 461.95, 473.50, 485.14, 496.86, 508.63, 520.44, 532.26, 544.10, 555.92, 567.71, 579.46, 591.19, 602.94, 614.72, 626.52, 638.33, 650.16, 662.00, 673.84, 685.67, 697.50, 709.33, 721.19, 733.07, 744.98, 756.95, 768.99, 781.13, 793.40, 805.92, 818.77, 832.00, 845.66, 859.62, 873.99, 888.98, 904.67, 920.98, 937.65,99999.00,99999.00,99999.00,99999.00,99999.00,99999.00,99999.00,99999.00,99999.00,99999.00,99999.00,99999.00,99999.00,99999.00,99999.00,99999.00,99999.00,99999.00,99999.00,99999.00,99999.00,99999.00,99999.00,99999.00,99999.00,99999.00,99999.00,99999.00,1244.52,1251.29,1257.90,1264.44,1271.10,1277.86,1284.58,1291.40,1298.31,1305.35,1312.39,1319.60,1326.98,1334.33,1341.82,1349.52,1357.49,1365.71,1374.23,1383.04,1391.79,1400.35,1408.77,1417.05,1425.27,1433.34,1441.36,1449.30,1457.42,1465.68,1474.23,1483.05,1492.27,1501.58,1510.80,1519.94,1529.02,1538.11,1547.22,1556.39,1565.66,1575.03,1584.52,1594.14,1603.87,1613.73,1623.74,1633.96,1644.37,1654.99,1665.84,1676.92,1688.30,1700.04,1712.17,1724.82,1738.03,1751.88,1766.44,1781.81,1798.10,1815.45,1833.98,1853.79,99999.00,99999.00,99999.00,99999.00,99999.00,99999.00,99999.00,99999.00,99999.00,99999.00,99999.00,99999.00,99999.00,99999.00,99999.00,99999.00,99999.00,99999.00,99999.00,99999.00,99999.00,99999.00,99999.00,99999.00,99999.00,99999.00,99999.00,99999.00,99999.00,99999.00,99999.00,99999.00,99999.00,99999.00,99999.00,99999.00,99999.00,99999.00
99999.00,99999.00,99999.00,99999.00,99999.00,99999.00,99999.00,99999.00,99999.00,99999.00,99999.00,99999.00,99999.00,99999.00,99999.00, 291.23, 283.13, 276.44, 271.60, 268.09, 266.56, 266.54, 267.38, 268.86, 270.86, 273.29, 276.56, 281.50, 287.55, 294.24, 300.99, 307.86, 314.91, 322.15, 329.75, 338.06, 347.15, 356.23, 365.37, 374.61, 384.04, 393.49, 403.51, 414.05, 425.19, 436.49, 447.90, 459.42, 471.05, 482.78, 494.60, 506.47, 518.38, 530.31, 542.25, 554.17, 566.07, 577.94, 589.80, 601.69, 613.63, 625.60, 637.61, 649.66, 661.74, 673.84, 685.96, 698.12, 710.33, 722.58, 734.84, 747.15, 759.51, 771.95, 784.51, 797.24, 810.16, 823.22, 836.64, 850.53, 864.96, 880.04, 895.71, 912.16, 929.69,99999.00,99999.00,99999.00,99999.00,99999.00,99999.00,99999.00,99999.00,99999.00,99999.00,99999.00,99999.00,99999.00,99999.00,99999.00,99999.00,99999.00,99999.00,99999.00,99999.00,99999.00,99999.00,99999.00,99999.00,99999.00,99999.00,99999.00,99999.00,99999.00,99999.00,1270.25,1275.57,1281.08,1286.93,1293.04,1299.20,1305.52,1311.99,1318.61,1325.26,1332.03,1338.81,1345.78,1352.97,1360.15,1367.43,1375.00,1382.82,1390.93,1399.35,1407.71,1415.92,1423.99,1431.94,1439.84,1447.61,1455.35,1463.08,1470.85,1478.74,1486.79,1495.12,1503.74,1512.76,1521.84,1530.87,1539.91,1548.98,1558.14,1567.41,1576.78,1586.27,1595.89,1605.63,1615.49,1625.52,1635.76,1646.22,1656.89,1667.81,1678.98,1690.44,1702.28,1714.54,1727.25,1740.56,1754.54,1769.29,1784.92,1801.59,1819.49,1838.87,99999.00,99999.00,99999.00,99999.00,99999.00,99999.00,99999.00,99999.00,99999.00,99999.00,99999.00,99999.00,99999.00,99999.00,99999.00,99999.00,99999.00,99999.00,99999.00,99999.00,99999.00,99999.00,99999.00,99999.00,99999.00,99999.00,99999.00,99999.00,99999.00,99999.00,99999.00,99999.00,99999.00,99999.00,99999.00,99999.00,99999.00,99999.00,99999.00
99999.00,99999.00,99999.00,99999.00,99999.00,99999.00,99999.00,99999.00,99999.00,99999.00,99999.00,99999.00,99999.00,99999.00,99999.00, 276.65, 268.87, 262.58, 257.77, 254.80, 253.73, 254.07, 255.22, 256.95, 259.15, 261.79, 266.04, 271.70, 278.20, 284.97, 291.85, 298.92, 306.18, 313.81, 322.19, 331.43, 340.74, 350.15, 359.74, 369.27, 379.02, 389.29, 400.18, 411.37, 422.67, 434.08, 445.62, 457.27, 469.03, 480.91, 492.87, 504.90, 516.95, 529.03, 541.10, 553.16, 565.20, 577.21, 589.22, 601.28, 613.40, 625.57, 637.81, 650.10, 662.45, 674.85, 687.33, 699.89, 712.51, 725.18, 737.87, 750.60, 763.39, 775.95, 788.65, 801.56, 814.66, 828.17, 842.04, 856.19, 870.91, 886.37, 902.74, 920.29,99999.00,99999.00,99999.00,99999.00,99999.00,99999.00,99999.00,99999.00,99999.00,99999.00,99999.00,99999.00,99999.00,99999.00,99999.00,99999.00,99999.00,99999.00,99999.00,99999.00,99999.00,99999.00,99999.00,99999.00,99999.00,99999.00,99999.00,99999.00,99999.00,99999.00,99999.00,99999.00,1294.67,1299.15,1304.06,1309.38,1314.98,1320.66,1326.51,1332.50,1338.67,1344.86,1351.25,1357.84,1364.42,1371.17,1378.15,1385.10,1392.24,1399.63,1407.33,1415.35,1423.34,1431.18,1438.92,1446.54,1454.13,1461.61,1469.12,1476.70,1484.32,1491.91,1499.58,1507.42,1515.55,1523.97,1532.90,1541.91,1551.00,1560.20,1569.49,1578.90,1588.42,1598.06,1607.84,1617.74,1627.82,1638.11,1648.62,1659.37,1670.38,1681.65,1693.21,1705.15,1717.52,1730.36,1743.74,1757.81,1772.70,1788.53,1805.49,1823.87,99999.00,99999.00,99999.00,99999.00,99999.00,99999.00,99999.00,99999.00,99999.00,99999.00,99999.00,99999.00,99999.00,99999.00,99999.00,99999.00,99999.00,99999.00,99999.00,99999.00,99999.00,99999.00,99999.00,99999.00,99999.00,99999.00,99999.00,99999.00,99999.00,99999.00,99999.00,99999.00,99999.00,99999.00,99999.00,99999.00,99999.00,99999.00,99999.00,99999.00
99999.00,99999.00,99999.00,99999.00,99999.00,99999.00,99999.00,99999.00,99999.00,99999.00,99999.00,99999.00,99999.00,99999.00,99999.00, 262.14, 254.40, 248.78, 244.00, 241.58, 240.94, 241.63, 243.08, 245.05, 247.45, 250.91, 255.99, 262.12, 268.91, 275.79, 282.85, 290.11, 297.74, 306.14, 315.57, 325.16, 334.93, 344.63, 354.56, 364.82, 375.44, 386.48, 397.72, 409.07, 420.55, 432.15, 443.87, 455.71, 467.67, 479.75, 491.92, 504.15, 516.40, 528.66, 540.91, 553.14, 565.35, 577.52, 589.71, 601.96, 614.27, 626.66, 639.14, 651.70, 664.36, 677.14, 690.04, 703.05, 716.13, 729.27, 741.95, 754.71, 767.54, 780.58, 793.75, 806.77, 820.03, 833.66, 847.73, 862.37, 877.59, 893.39, 910.19, 928.36,99999.00,99999.00,99999.00,99999.00,99999.00,99999.00,99999.00,99999.00,99999.00,99999.00,99999.00,99999.00,99999.00,99999.00,99999.00,99999.00,99999.00,99999.00,99999.00,99999.00,99999.00,99999.00,99999.00,99999.00,99999.00,99999.00,99999.00,99999.00,99999.00,99999.00,99999.00,99999.00,1314.90,1318.30,1322.14,1326.55,1331.40,1336.42,1341.68,1347.13,1352.78,1358.48,1364.35,1370.24,1376.37,1382.74,1389.14,1395.67,1402.50,1409.19,1416.15,1423.44,1431.06,1438.68,1446.17,1453.57,1460.88,1468.16,1475.41,1482.76,1490.18,1497.65,1505.11,1512.56,1520.02,1527.65,1535.69,1544.24,1553.37,1562.60,1571.92,1581.36,1590.92,1600.60,1610.42,1620.35,1630.50,1640.86,1651.46,1662.30,1673.40,1684.79,1696.47,1708.51,1720.97,1733.93,1747.43,1761.56,1776.51,1792.44,1809.58,1828.28,99999.00,99999.00,99999.00,99999.00,99999.00,99999.00,99999.00,99999.00,99999.00,99999.00,99999.00,99999.00,99999.00,99999.00,99999.00,99999.00,99999.00,99999.00,99999.00,99999.00,99999.00,99999.00,99999.00,99999.00,99999.00,99999.00,99999.00,99999.00,99999.00,99999.00,99999.00,99999.00,99999.00,99999.00,99999.00,99999.00,99999.00,99999.00,99999.00,99999.00
99999.00,99999.00,99999.00,99999.00,99999.00,99999.00,99999.00,99999.00,99999.00,99999.00,99999.00,99999.00,99999.00,99999.00,99999.00, 247.69, 239.99, 234.68, 230.29, 228.39, 228.18, 229.23, 230.96, 233.15, 235.97, 240.47, 246.23, 252.81, 259.68, 266.71, 273.93, 281.53, 289.90, 299.54, 309.43, 319.32, 329.43, 339.88, 350.67, 361.63, 372.91, 384.27, 395.75, 407.35, 419.07, 430.92, 442.89, 454.99, 467.22, 479.57, 492.02, 504.50, 517.01, 529.50, 541.97, 554.40, 566.80, 579.16, 591.54, 603.98, 616.51, 629.15, 641.89, 654.76, 667.81, 681.03, 694.27, 707.35, 720.48, 733.63, 746.78, 760.02, 772.96, 786.03, 799.24, 812.73, 826.45, 840.14, 854.36, 869.13, 884.56, 900.86, 918.17, 936.73,99999.00,99999.00,99999.00,99999.00,99999.00,99999.00,99999.00,99999.00,99999.00,99999.00,99999.00,99999.00,99999.00,99999.00,99999.00,99999.00,99999.00,99999.00,99999.00,99999.00,99999.00,99999.00,99999.00,99999.00,99999.00,99999.00,99999.00,99999.00,99999.00,99999.00,99999.00,99999.00,1335.77,1338.09,1341.13,1344.88,1349.04,1353.41,1357.92,1362.66,1367.58,1372.70,1377.89,1383.30,1388.96,1394.66,1400.57,1406.75,1412.92,1419.32,1425.87,1432.39,1439.28,1446.51,1453.77,1460.92,1467.99,1474.99,1482.04,1489.12,1496.31,1503.57,1510.89,1518.21,1525.52,1532.85,1540.29,1548.12,1556.36,1565.13,1574.49,1583.96,1593.55,1603.27,1613.12,1623.10,1633.31,1643.75,1654.42,1665.35,1676.55,1688.03,1699.82,1711.95,1724.52,1737.57,1751.16,1765.39,1780.35,1796.30,1813.51,1832.30,99999.00,99999.00,99999.00,99999.00,99999.00,99999.00,99999.00,99999.00,99999.00,99999.00,99999.00,99999.00,99999.00,99999.00,99999.00,99999.00,99999.00,99999.00,99999.00,99999.00,99999.00,99999.00,99999.00,99999.00,99999.00,99999.00,99999.00,99999.00,99999.00,99999.00,99999.00,99999.00,99999.00,99999.00,99999.00,99999.00,99999.00,99999.00,99999.00,99999.00
99999.00,99999.00,99999.00,99999.00,99999.00,99999.00,99999.00,99999.00,99999.00,99999.00,99999.00,99999.00,99999.00,99999.00,99999.00, 233.31, 225.64, 220.36, 216.63, 215.25, 215.46, 216.85, 218.84, 221.26, 225.04, 230.36, 236.66, 243.53, 250.52, 257.67, 265.18, 273.48, 283.31, 293.22, 303.44, 314.08, 325.07, 336.21, 347.72, 359.39, 370.97, 382.65, 394.45, 406.38, 418.44, 430.62, 442.93, 455.37, 467.95, 480.67, 493.46, 506.28, 519.09, 531.86, 544.58, 557.25, 569.86, 582.43, 594.93, 607.47, 620.07, 632.80, 645.72, 658.82, 672.05, 685.42, 698.93, 712.54, 726.09, 739.35, 752.61, 765.95, 779.34, 792.89, 806.19, 819.71, 833.47, 847.61, 862.26, 877.08, 892.66, 909.09, 926.61, 945.67,99999.00,99999.00,99999.00,99999.00,99999.00,99999.00,99999.00,99999.00,99999.00,99999.00,99999.00,99999.00,99999.00,99999.00,99999.00,99999.00,99999.00,99999.00,99999.00,99999.00,99999.00,99999.00,99999.00,99999.00,99999.00,99999.00,99999.00,99999.00,99999.00,99999.00,99999.00,99999.00,1357.35,1358.59,1360.83,1363.90,1367.44,1371.21,1374.94,1378.96,1383.21,1387.71,1392.30,1397.09,1401.97,1407.13,1412.60,1418.15,1423.86,1429.91,1435.86,1442.11,1448.39,1454.88,1461.74,1468.65,1475.46,1482.22,1488.97,1495.85,1502.76,1509.79,1516.90,1524.08,1531.26,1538.46,1545.85,1553.40,1561.23,1569.28,1577.76,1586.77,1596.39,1606.14,1616.02,1626.04,1636.29,1646.78,1657.53,1668.55,1679.83,1691.42,1703.31,1715.55,1728.19,1741.35,1755.06,1769.39,1784.47,1800.49,1817.75,1836.58,99999.00,99999.00,99999.00,99999.00,99999.00,99999.00,99999.00,99999.00,99999.00,99999.00,99999.00,99999.00,99999.00,99999.00,99999.00,99999.00,99999.00,99999.00,99999.00,99999.00,99999.00,99999.00,99999.00,99999.00,99999.00,99999.00,99999.00,99999.00,99999.00,99999.00,99999.00,99999.00,99999.00,99999.00,99999.00,99999.00,99999.00,99999.00,99999.00,99999.00
99999.00,99999.00,99999.00,99999.00,99999.00,99999.00,99999.00,99999.00,99999.00,99999.00,99999.00,99999.00,99999.00,99999.00,99999.00, 218.51, 211.34, 206.09, 203.01, 202.15, 202.77, 204.49, 206.74, 209.74, 214.52, 220.49, 227.20, 234.19, 241.31, 248.76, 256.92, 266.64, 276.73, 287.33, 298.40, 309.73, 321.45, 333.63, 345.79, 357.86, 369.86, 381.97, 394.21, 406.57, 419.07, 431.69, 444.45, 457.35, 470.38, 483.56, 496.80, 510.03, 522.94, 535.58, 548.18, 560.75, 573.30, 585.84, 598.47, 611.23, 624.04, 637.01, 650.12, 663.42, 676.97, 690.70, 704.54, 718.45, 732.42, 746.36, 760.07, 773.51, 787.00, 800.64, 814.39, 828.38, 842.23, 856.40, 871.02, 886.30, 902.30, 918.78, 936.46, 955.64,99999.00,99999.00,99999.00,99999.00,99999.00,99999.00,99999.00,99999.00,99999.00,99999.00,99999.00,99999.00,99999.00,99999.00,99999.00,99999.00,99999.00,99999.00,99999.00,99999.00,99999.00,99999.00,99999.00,99999.00,99999.00,99999.00,99999.00,99999.00,99999.00,99999.00,99999.00,99999.00,1379.77,1379.94,1381.39,1383.75,1386.61,1389.73,1392.82,1396.21,1399.85,1403.49,1407.38,1411.38,1415.69,1420.31,1425.05,1430.04,1435.36,1440.72,1446.34,1452.16,1458.00,1464.18,1470.28,1476.79,1483.35,1489.84,1496.35,1502.92,1509.62,1516.37,1523.25,1530.22,1537.25,1544.41,1551.67,1559.19,1566.88,1574.84,1582.98,1591.28,1600.01,1609.30,1619.22,1629.27,1639.56,1650.09,1660.89,1671.97,1683.34,1695.02,1707.01,1719.35,1732.06,1745.30,1759.13,1773.60,1788.86,1805.04,1822.37,1841.26,99999.00,99999.00,99999.00,99999.00,99999.00,99999.00,99999.00,99999.00,99999.00,99999.00,99999.00,99999.00,99999.00,99999.00,99999.00,99999.00,99999.00,99999.00,99999.00,99999.00,99999.00,99999.00,99999.00,99999.00,99999.00,99999.00,99999.00,99999.00,99999.00,99999.00,99999.00,99999.00,99999.00,99999.00,99999.00,99999.00,99999.00,99999.00,99999.00,99999.00
99999.00,99999.00,99999.00,99999.00,99999.00,99999.00,99999.00,99999.00,99999.00,99999.00,99999.00,99999.00,99999.00,99999.00,99999.00, 203.44, 197.10, 191.86, 189.43, 189.08, 190.11, 192.14, 194.64, 198.76, 204.32, 210.77, 217.73, 224.80, 232.16, 240.20, 249.78, 260.07, 270.90, 282.11, 293.86, 306.23, 319.03, 331.84, 344.56, 357.19, 369.75, 382.45, 395.26, 408.21, 421.28, 434.49, 447.84, 461.32, 474.94, 488.14, 501.27, 514.31, 527.29, 540.19, 552.76, 565.09, 577.45, 589.84, 602.44, 615.26, 628.28, 641.54, 654.96, 668.63, 682.53, 696.67, 711.08, 725.65, 740.17, 754.50, 768.62, 782.74, 796.66, 810.34, 824.20, 838.23, 852.56, 866.81, 881.50, 896.85, 912.98, 930.04, 947.84, 967.26,99999.00,99999.00,99999.00,99999.00,99999.00,99999.00,99999.00,99999.00,99999.00,99999.00,99999.00,99999.00,99999.00,99999.00,99999.00,99999.00,99999.00,99999.00,99999.00,99999.00,99999.00,99999.00,99999.00,99999.00,99999.00,99999.00,99999.00,99999.00,99999.00,99999.00,99999.00,99999.00,1403.22,1402.32,1402.98,1404.59,1406.71,1409.07,1411.42,1414.09,1417.05,1420.04,1423.31,1426.61,1430.20,1433.96,1438.09,1442.60,1447.24,1452.10,1457.34,1462.53,1468.08,1473.70,1479.57,1485.53,1491.68,1497.91,1504.15,1510.47,1516.87,1523.41,1530.00,1536.73,1543.65,1550.69,1557.91,1565.29,1572.94,1580.76,1588.88,1597.17,1605.63,1614.25,1623.28,1632.87,1643.20,1653.78,1664.62,1675.74,1687.17,1698.92,1711.01,1723.44,1736.25,1749.49,1763.37,1778.04,1793.49,1809.86,1827.37,1846.33,99999.00,99999.00,99999.00,99999.00,99999.00,99999.00,99999.00,99999.00,99999.00,99999.00,99999.00,99999.00,99999.00,99999.00,99999.00,99999.00,99999.00,99999.00,99999.00,99999.00,99999.00,99999.00,99999.00,99999.00,99999.00,99999.00,99999.00,99999.00,99999.00,99999.00,99999.00,99999.00,99999.00,99999.00,99999.00,99999.00,99999.00,99999.00,99999.00,99999.00
99999.00,99999.00,99999.00,99999.00,99999.00,99999.00,99999.00,99999.00,99999.00,99999.00,99999.00,99999.00,99999.00,99999.00,99999.00, 188.43, 182.44, 177.69, 175.90, 176.05, 177.47, 179.81, 183.11, 188.19, 194.34, 201.15, 208.19, 215.45, 223.34, 232.72, 243.14, 253.95, 265.33, 277.44, 290.20, 303.61, 317.26, 330.83, 344.30, 357.69, 371.09, 384.55, 398.15, 411.87, 425.73, 439.49, 452.88, 466.42, 480.11, 493.90, 507.48, 520.35, 532.97, 545.45, 557.90, 570.35, 582.63, 594.80, 607.20, 619.89, 632.91, 646.31, 660.06, 674.19, 688.68, 703.52, 718.64, 733.93, 749.30, 764.46, 779.15, 793.38, 807.64, 821.73, 835.64, 849.77, 864.14, 878.88, 893.63, 909.03, 925.24, 942.42, 960.80, 980.35,99999.00,99999.00,99999.00,99999.00,99999.00,99999.00,99999.00,99999.00,99999.00,99999.00,99999.00,99999.00,99999.00,99999.00,99999.00,99999.00,99999.00,99999.00,99999.00,99999.00,99999.00,99999.00,99999.00,99999.00,99999.00,99999.00,99999.00,99999.00,99999.00,99999.00,99999.00,99999.00,1427.96,1426.00,1425.86,1426.66,1427.91,1429.37,1430.84,1432.67,1434.84,1437.10,1439.69,1442.35,1445.27,1448.38,1451.90,1455.62,1459.67,1464.09,1468.62,1473.46,1478.56,1483.72,1489.27,1494.78,1500.66,1506.48,1512.46,1518.50,1524.65,1530.87,1537.25,1543.77,1550.50,1557.42,1564.52,1571.86,1579.38,1587.16,1595.13,1603.40,1611.86,1620.50,1629.30,1638.35,1647.79,1657.92,1668.80,1679.97,1691.45,1703.26,1715.41,1727.91,1740.79,1754.12,1768.08,1782.79,1798.39,1814.97,1832.67,1851.81,99999.00,99999.00,99999.00,99999.00,99999.00,99999.00,99999.00,99999.00,99999.00,99999.00,99999.00,99999.00,99999.00,99999.00,99999.00,99999.00,99999.00,99999.00,99999.00,99999.00,99999.00,99999.00,99999.00,99999.00,99999.00,99999.00,99999.00,99999.00,99999.00,99999.00,99999.00,99999.00,99999.00,99999.00,99999.00,99999.00,99999.00,99999.00,99999.00,99999.00
99999.00,99999.00,99999.00,99999.00,99999.00,99999.00,99999.00,99999.00,99999.00,99999.00,99999.00,99999.00,99999.00,99999.00,99999.00, 173.42, 167.50, 163.57, 162.41, 163.06, 164.87, 167.60, 172.11, 177.93, 184.53, 191.52, 198.70, 206.43, 215.58, 225.83, 236.58, 248.04, 260.21, 273.19, 287.14, 301.76, 316.54, 331.23, 345.81, 360.38, 374.96, 389.54, 403.90, 417.66, 431.55, 445.59, 459.77, 473.87, 487.61, 501.42, 514.84, 527.92, 540.64, 552.65, 564.53, 576.43, 588.45, 600.67, 612.96, 625.42, 638.33, 651.72, 665.64, 680.15, 695.23, 710.89, 727.04, 743.57,99999.00,99999.00,99999.00,99999.00,99999.00,99999.00,99999.00,99999.00,99999.00,99999.00,99999.00,99999.00,99999.00,99999.00,99999.00,99999.00,99999.00,99999.00,99999.00,99999.00,99999.00,99999.00,99999.00,99999.00,99999.00,99999.00,99999.00,99999.00,99999.00,99999.00,99999.00,99999.00,99999.00,99999.00,99999.00,99999.00,99999.00,99999.00,99999.00,99999.00,99999.00,99999.00,99999.00,99999.00,99999.00,99999.00,99999.00,99999.00,99999.00,99999.00,99999.00,99999.00,1450.44,1450.78,1451.17,1452.01,1453.27,1454.71,1456.54,1458.51,1460.80,1463.33,1466.23,1469.29,1472.81,1476.53,1480.54,1484.98,1489.43,1494.29,1499.27,1504.53,1509.91,1515.53,1521.30,1527.08,1532.95,1538.92,1545.04,1551.42,1557.94,1564.66,1571.65,1578.87,1586.34,1594.00,1601.93,1610.05,1618.49,1627.12,1635.95,1644.95,1654.26,1664.03,1674.04,1684.76,1696.29,1708.16,1720.35,1732.90,1745.82,1759.28,1773.30,1787.98,1803.62,1820.36,1838.27,1857.61,99999.00,99999.00,99999.00,99999.00,99999.00,99999.00,99999.00,99999.00,99999.00,99999.00,99999.00,99999.00,99999.00,99999.00,99999.00,99999.00,99999.00,99999.00,99999.00,99999.00,99999.00,99999.00,99999.00,99999.00,99999.00,99999.00,99999.00,99999.00,99999.00,99999.00,99999.00,99999.00,99999.00,99999.00,99999.00,99999.00,99999.00,99999.00,99999.00,99999.00
99999.00,99999.00,99999.00,99999.00,99999.00,99999.00,99999.00,99999.00,99999.00,99999.00,99999.00,99999.00,99999.00,99999.00,99999.00, 158.49, 152.61, 149.49, 148.96, 150.10, 152.29, 156.09, 161.52, 167.90, 174.81, 181.94, 189.54, 198.48, 208.42, 219.10, 230.35, 242.32, 255.26, 269.24, 284.47,99999.00,99999.00,99999.00,99999.00,99999.00,99999.00,99999.00,99999.00,99999.00,99999.00,99999.00,99999.00,99999.00,99999.00,99999.00,99999.00, 537.97, 549.90, 561.64, 573.28, 584.48, 595.80, 607.39, 619.42, 631.95, 644.79, 658.02, 671.98, 686.68, 702.24, 718.72,99999.00,99999.00,99999.00,99999.00,99999.00,99999.00,99999.00,99999.00,99999.00,99999.00,99999.00,99999.00,99999.00,99999.00,99999.00,99999.00,99999.00,99999.00,99999.00,99999.00,99999.00,99999.00,99999.00,99999.00,99999.00,99999.00,99999.00,99999.00,99999.00,99999.00,99999.00,99999.00,99999.00,99999.00,99999.00,99999.00,99999.00,99999.00,99999.00,99999.00,99999.00,99999.00,99999.00,99999.00,99999.00,99999.00,99999.00,99999.00,99999.00,99999.00,99999.00,99999.00,99999.00,99999.00,99999.00,99999.00,1472.49,1472.13,1472.36,1472.87,1473.87,1475.09,1476.71,1478.64,1480.99,1483.56,1486.49,1489.59,1493.14,1496.85,1500.94,1505.34,1509.85,1514.78,1519.70,1525.05,1530.44,1536.11,1541.86,1547.59,1553.56,1559.68,1566.06,1572.58,1579.36,1586.47,1593.82,1601.43,1609.23,1617.32,1625.61,1634.22,1643.04,1652.06,1661.32,1670.97,1681.11,1691.50,1702.29,1713.72,1725.95,1738.54,1751.52,1765.06,1779.10,1793.83,1809.43,1826.09,1844.19,1863.76,99999.00,99999.00,99999.00,99999.00,99999.00,99999.00,99999.00,99999.00,99999.00,99999.00,99999.00,99999.00,99999.00,99999.00,99999.00,99999.00,99999.00,99999.00,99999.00,99999.00,99999.00,99999.00,99999.00,99999.00,99999.00,99999.00,99999.00,99999.00,99999.00,99999.00,99999.00,99999.00,99999.00,99999.00,99999.00,99999.00,99999.00,99999.00,99999.00,99999.00
99999.00,99999.00,99999.00,99999.00,99999.00,99999.00,99999.00,99999.00,99999.00,99999.00,99999.00,99999.00,99999.00,99999.00,99999.00, 143.63, 137.73, 135.43, 135.52, 137.15, 140.13, 145.12, 151.27, 158.05, 165.14, 172.66, 181.42, 191.10, 201.53, 212.47, 224.13, 236.59, 250.15, 265.13,99999.00,99999.00,99999.00,99999.00,99999.00,99999.00,99999.00,99999.00,99999.00,99999.00,99999.00,99999.00,99999.00,99999.00,99999.00,99999.00,99999.00,99999.00, 561.46, 572.14, 582.94, 593.92, 604.68, 615.75, 627.30, 639.20, 651.81, 665.19, 679.20, 693.95, 709.87, 727.06,99999.00,99999.00,99999.00,99999.00,99999.00,99999.00,99999.00,99999.00,99999.00,99999.00,99999.00,99999.00,99999.00,99999.00,99999.00,99999.00,99999.00,99999.00,99999.00,99999.00,99999.00,99999.00,99999.00,99999.00,99999.00,99999.00,99999.00,99999.00,99999.00,99999.00,99999.00,99999.00,99999.00,99999.00,99999.00,99999.00,99999.00,99999.00,99999.00,99999.00,99999.00,99999.00,99999.00,99999.00,99999.00,99999.00,99999.00,99999.00,99999.00,99999.00,99999.00,99999.00,99999.00,99999.00,99999.00,99999.00,1494.80,1493.04,1492.09,1491.59,1491.70,1492.12,1493.02,1494.32,1496.11,1498.16,1500.62,1503.30,1506.28,1509.46,1513.14,1516.88,1521.07,1525.42,1530.10,1534.94,1540.13,1545.59,1551.11,1556.97,1562.78,1568.75,1574.87,1581.25,1587.83,1594.74,1601.98,1609.47,1617.23,1625.18,1633.43,1641.90,1650.69,1659.71,1668.99,1678.60,1688.61,1699.13,1709.93,1721.18,1732.84,1744.96,1758.05,1771.59,1785.64,1800.42,1815.94,1832.53,1850.61,1870.48,99999.00,99999.00,99999.00,99999.00,99999.00,99999.00,99999.00,99999.00,99999.00,99999.00,99999.00,99999.00,99999.00,99999.00,99999.00,99999.00,99999.00,99999.00,99999.00,99999.00,99999.00,99999.00,99999.00,99999.00,99999.00,99999.00,99999.00,99999.00,99999.00,99999.00,99999.00,99999.00,99999.00,99999.00,99999.00,99999.00,99999.00,99999.00,99999.00,99999.00
99999.00,99999.00,99999.00,99999.00,99999.00,99999.00,99999.00,99999.00,99999.00,99999.00,99999.00,99999.00,99999.00,99999.00,99999.00, 127.85, 122.84, 121.34, 122.06, 124.16, 128.59, 134.49, 141.17, 148.23, 155.74, 164.40, 173.86, 183.97, 194.64, 205.80, 217.68, 230.47, 245.50,99999.00,99999.00,99999.00,99999.00,99999.00,99999.00,99999.00,99999.00,99999.00,99999.00,99999.00,99999.00,99999.00,99999.00,99999.00,99999.00,99999.00,99999.00,99999.00,99999.00, 584.46, 593.96, 603.96, 614.42, 624.88, 635.91, 647.66, 659.94, 672.90, 686.77, 701.85, 718.10,99999.00,99999.00,99999.00,99999.00,99999.00,99999.00,99999.00,99999.00,99999.00,99999.00,99999.00,99999.00,99999.00,99999.00,99999.00,99999.00,99999.00,99999.00,99999.00,99999.00,99999.00,99999.00,99999.00,99999.00,99999.00,99999.00,99999.00,99999.00,99999.00,99999.00,99999.00,99999.00,99999.00,99999.00,99999.00,99999.00,99999.00,99999.00,99999.00,99999.00,99999.00,99999.00,99999.00,99999.00,99999.00,99999.00,99999.00,99999.00,99999.00,99999.00,99999.00,99999.00,99999.00,99999.00,99999.00,99999.00,99999.00,99999.00,1514.66,1512.42,1510.85,1510.02,1509.60,1509.77,1510.42,1511.63,1513.15,1515.13,1517.37,1519.94,1522.75,1525.80,1529.17,1532.89,1536.77,1541.12,1545.49,1550.41,1555.50,1561.17,1566.92,1572.65,1578.62,1584.60,1590.72,1597.16,1603.86,1610.90,1618.28,1625.91,1633.83,1641.95,1650.37,1659.02,1668.02,1677.30,1686.92,1696.89,1707.29,1718.23,1729.48,1741.15,1753.26,1765.91,1778.99,1793.08,1807.80,1823.31,1839.93,1857.81,1877.56,99999.00,99999.00,99999.00,99999.00,99999.00,99999.00,99999.00,99999.00,99999.00,99999.00,99999.00,99999.00,99999.00,99999.00,99999.00,99999.00,99999.00,99999.00,99999.00,99999.00,99999.00,99999.00,99999.00,99999.00,99999.00,99999.00,99999.00,99999.00,99999.00,99999.00,99999.00,99999.00,99999.00,99999.00,99999.00,99999.00,99999.00,99999.00,99999.00,99999.00
99999.00,99999.00,99999.00,99999.00,99999.00,99999.00,99999.00,99999.00,99999.00,99999.00,99999.00,99999.00,99999.00,99999.00,99999.00, 111.87, 107.93, 107.24, 108.57, 111.93, 117.53, 124.12, 131.19, 138.77, 147.40, 156.73, 166.60, 176.94, 187.69, 198.95, 212.49, 226.77, 242.09,99999.00,99999.00,99999.00,99999.00,99999.00,99999.00,99999.00,99999.00,99999.00,99999.00,99999.00,99999.00,99999.00,99999.00,99999.00,99999.00,99999.00,99999.00,99999.00,99999.00, 598.52, 606.56, 615.18, 624.62, 634.75, 645.17, 656.39, 668.53, 681.41, 695.20, 709.96, 726.24,99999.00,99999.00,99999.00,99999.00,99999.00,99999.00,99999.00,99999.00,99999.00,99999.00,99999.00,99999.00,99999.00,99999.00,99999.00,99999.00,99999.00,99999.00,99999.00,99999.00,99999.00,99999.00,99999.00,99999.00,99999.00,99999.00,99999.00,99999.00,99999.00,99999.00,99999.00,99999.00,99999.00,99999.00,99999.00,99999.00,99999.00,99999.00,99999.00,99999.00,99999.00,99999.00,99999.00,99999.00,99999.00,99999.00,99999.00,99999.00,99999.00,99999.00,99999.00,99999.00,99999.00,99999.00,99999.00,99999.00,99999.00,99999.00,1536.86,1533.29,1530.62,1528.85,1527.56,1526.98,1526.97,1527.59,1528.58,1530.08,1531.87,1534.03,1536.46,1539.17,1542.21,1545.37,1548.93,1552.70,1556.82,1561.23,1566.42,1571.88,1577.40,1583.26,1589.07,1595.05,1601.17,1607.41,1613.97,1620.80,1627.98,1635.50,1643.29,1651.37,1659.66,1668.27,1677.12,1686.38,1696.00,1705.99,1716.34,1727.17,1738.55,1750.20,1762.32,1774.91,1788.07,1801.74,1816.11,1831.58,1848.00,1865.63,1885.02,99999.00,99999.00,99999.00,99999.00,99999.00,99999.00,99999.00,99999.00,99999.00,99999.00,99999.00,99999.00,99999.00,99999.00,99999.00,99999.00,99999.00,99999.00,99999.00,99999.00,99999.00,99999.00,99999.00,99999.00,99999.00,99999.00,99999.00,99999.00,99999.00,99999.00,99999.00,99999.00,99999.00,99999.00,99999.00,99999.00,99999.00,99999.00,99999.00,99999.00
99999.00,99999.00,99999.00,99999.00,99999.00,99999.00,99999.00,99999.00,99999.00,99999.00,99999.00,99999.00,99999.00,99999.00,99999.00,  95.89,  93.02,  93.13,  95.08, 100.33, 106.84, 113.95, 121.69, 130.39, 139.68, 149.42, 159.50, 169.90, 182.51, 195.52, 209.07, 223.37, 238.73,99999.00,99999.00,99999.00,99999.00,99999.00,99999.00,99999.00,99999.00,99999.00,99999.00,99999.00,99999.00,99999.00,99999.00,99999.00,99999.00,99999.00,99999.00,99999.00,99999.00, 615.13, 619.47, 627.56, 635.86, 644.98, 655.05, 665.66, 677.27, 690.01, 703.73, 718.51, 734.74,99999.00,99999.00,99999.00,99999.00,99999.00,99999.00,99999.00,99999.00,99999.00,99999.00,99999.00,99999.00,99999.00,99999.00,99999.00,99999.00,99999.00,99999.00,99999.00,99999.00,99999.00,99999.00,99999.00,99999.00,99999.00,99999.00,99999.00,99999.00,99999.00,99999.00,99999.00,99999.00,99999.00,99999.00,99999.00,99999.00,99999.00,99999.00,99999.00,99999.00,99999.00,99999.00,99999.00,99999.00,99999.00,99999.00,99999.00,99999.00,99999.00,99999.00,99999.00,99999.00,99999.00,99999.00,99999.00,99999.00,99999.00,99999.00,1559.53,1554.64,1550.91,1548.20,1546.05,1544.72,1544.04,1544.06,1544.52,1545.53,1546.88,1548.64,1550.69,1553.05,1555.77,1558.63,1561.91,1565.20,1568.99,1573.27,1578.19,1583.28,1588.95,1594.70,1600.42,1606.40,1612.38,1618.57,1625.14,1631.84,1638.80,1646.12,1653.80,1661.75,1670.00,1678.48,1687.29,1696.40,1705.99,1715.98,1726.35,1737.12,1748.38,1760.15,1772.22,1784.78,1797.83,1811.50,1825.79,1840.91,1856.79,1874.11,1892.82,1913.32,99999.00,99999.00,99999.00,99999.00,99999.00,99999.00,99999.00,99999.00,99999.00,99999.00,99999.00,99999.00,99999.00,99999.00,99999.00,99999.00,99999.00,99999.00,99999.00,99999.00,99999.00,99999.00,99999.00,99999.00,99999.00,99999.00,99999.00,99999.00,99999.00,99999.00,99999.00,99999.00,99999.00,99999.00,99999.00,99999.00,99999.00,99999.00,99999.00
99999.00,99999.00,99999.00,99999.00,99999.00,99999.00,99999.00,99999.00,99999.00,99999.00,99999.00,99999.00,99999.00,99999.00,99999.00,  79.91,  78.10,  79.02,  82.82,  89.24,  96.44, 104.45, 113.31, 122.67, 132.37, 142.31, 154.47, 166.80, 179.42, 192.42, 205.97, 220.27, 235.64,99999.00,99999.00,99999.00,99999.00,99999.00,99999.00,99999.00,99999.00,99999.00,99999.00,99999.00,99999.00,99999.00,99999.00,99999.00,99999.00,99999.00,99999.00,99999.00,99999.00, 631.75, 633.53, 640.16, 647.88, 656.22, 665.27, 675.54, 686.54, 698.75, 712.33, 727.10, 743.25,99999.00,99999.00,99999.00,99999.00,99999.00,99999.00,99999.00,99999.00,99999.00,99999.00,99999.00,99999.00,99999.00,99999.00,99999.00,99999.00,99999.00,99999.00,99999.00,99999.00,99999.00,99999.00,99999.00,99999.00,99999.00,99999.00,99999.00,99999.00,99999.00,99999.00,99999.00,99999.00,99999.00,99999.00,99999.00,99999.00,99999.00,99999.00,99999.00,99999.00,99999.00,99999.00,99999.00,99999.00,99999.00,99999.00,99999.00,99999.00,99999.00,99999.00,99999.00,99999.00,99999.00,99999.00,99999.00,99999.00,99999.00,99999.00,1582.72,1576.61,1571.85,1568.22,1565.21,1563.10,1561.75,1561.19,1561.11,1561.64,1562.54,1563.89,1565.57,1567.58,1569.98,1572.54,1575.54,1578.57,1582.27,1586.42,1590.83,1596.02,1601.48,1607.00,1612.86,1618.67,1624.65,1630.82,1637.25,1644.02,1650.98,1658.09,1665.56,1673.39,1681.52,1689.95,1698.62,1707.68,1717.13,1727.09,1737.45,1748.26,1759.47,1771.13,1783.25,1795.63,1808.51,1821.93,1836.08,1850.97,1866.82,1883.45,1901.17,1920.65,1941.78,99999.00,99999.00,99999.00,99999.00,99999.00,99999.00,99999.00,99999.00,99999.00,99999.00,99999.00,99999.00,99999.00,99999.00,99999.00,99999.00,99999.00,99999.00,99999.00,99999.00,99999.00,99999.00,99999.00,99999.00,99999.00,99999.00,99999.00,99999.00,99999.00,99999.00,99999.00,99999.00,99999.00,99999.00,99999.00,99999.00,99999.00,99999.00
99999.00,99999.00,99999.00,99999.00,99999.00,99999.00,99999.00,99999.00,99999.00,99999.00,99999.00,99999.00,99999.00,99999.00,99999.00,  63.93,  63.19,  64.91,  71.22,  78.54,  86.94,  96.07, 105.59, 115.35, 127.38, 139.44, 151.59, 163.93, 176.54, 189.55, 203.10, 217.40, 232.94,99999.00,99999.00,99999.00,99999.00,99999.00,99999.00,99999.00,99999.00,99999.00,99999.00,99999.00,99999.00,99999.00,99999.00,99999.00,99999.00,99999.00,99999.00,99999.00,99999.00, 648.36, 649.19, 653.07, 660.25, 668.05, 676.50, 685.75, 696.41, 708.01, 721.06, 735.78, 751.83,99999.00,99999.00,99999.00,99999.00,99999.00,99999.00,99999.00,99999.00,99999.00,99999.00,99999.00,99999.00,99999.00,99999.00,99999.00,99999.00,99999.00,99999.00,99999.00,99999.00,99999.00,99999.00,99999.00,99999.00,99999.00,99999.00,99999.00,99999.00,99999.00,99999.00,99999.00,99999.00,99999.00,99999.00,99999.00,99999.00,99999.00,99999.00,99999.00,99999.00,99999.00,99999.00,99999.00,99999.00,99999.00,99999.00,99999.00,99999.00,99999.00,99999.00,99999.00,99999.00,99999.00,99999.00,99999.00,99999.00,99999.00,99999.00,1606.51,1599.29,1593.62,1589.14,1585.27,1582.39,1580.37,1579.20,1578.59,1578.63,1579.09,1580.03,1581.33,1583.00,1585.08,1587.33,1590.05,1592.99,1596.60,1600.72,1605.13,1610.17,1615.26,1620.93,1626.68,1632.41,1638.38,1644.39,1650.78,1657.55,1664.45,1671.64,1679.00,1686.63,1694.64,1702.94,1711.56,1720.49,1729.90,1739.71,1750.06,1760.85,1772.07,1783.63,1795.47,1807.71,1820.22,1833.30,1847.03,1861.62,1877.10,1893.46,1910.72,1928.97,1948.42,1969.55,1992.03,2014.97,2038.43,2062.55,2087.46,2113.39,2140.83,99999.00,99999.00,99999.00,99999.00,99999.00,99999.00,99999.00,99999.00,99999.00,99999.00,99999.00,99999.00,99999.00,99999.00,99999.00,99999.00,99999.00,99999.00,99999.00,99999.00,99999.00,99999.00,99999.00,99999.00,99999.00,99999.00,99999.00,99999.00,99999.00,99999.00
99999.00,99999.00,99999.00,99999.00,99999.00,99999.00,99999.00,99999.00,99999.00,99999.00,99999.00,99999.00,99999.00,99999.00,99999.00,  47.95,  48.27,  52.65,  60.13,  69.05,  78.56,  88.35, 100.54, 112.62, 124.65, 136.70, 148.86, 161.20, 173.81, 186.82, 200.37, 214.85, 230.57,99999.00,99999.00,99999.00,99999.00,99999.00,99999.00,99999.00,99999.00,99999.00,99999.00,99999.00,99999.00,99999.00,99999.00,99999.00,99999.00,99999.00,99999.00,99999.00,99999.00, 664.97, 664.85, 667.13, 672.86, 680.06, 688.27, 696.97, 706.61, 717.87, 730.30, 744.49, 760.53,99999.00,99999.00,99999.00,99999.00,99999.00,99999.00,99999.00,99999.00,99999.00,99999.00,99999.00,99999.00,99999.00,99999.00,99999.00,99999.00,99999.00,99999.00,99999.00,99999.00,99999.00,99999.00,99999.00,99999.00,99999.00,99999.00,99999.00,99999.00,99999.00,99999.00,99999.00,99999.00,99999.00,99999.00,99999.00,99999.00,99999.00,99999.00,99999.00,99999.00,99999.00,99999.00,99999.00,99999.00,99999.00,99999.00,99999.00,99999.00,99999.00,99999.00,99999.00,99999.00,99999.00,99999.00,99999.00,99999.00,99999.00,99999.00,1630.95,1622.82,1616.44,1611.23,1606.52,1602.88,1600.19,1598.42,1597.27,1596.83,1596.85,1597.38,1598.31,1599.63,1601.39,1603.35,1605.97,1608.82,1612.34,1616.44,1620.85,1625.89,1630.98,1636.63,1642.15,1648.01,1653.82,1659.79,1666.15,1672.78,1679.76,1686.93,1694.28,1701.99,1709.84,1718.02,1726.50,1735.38,1744.65,1754.41,1764.61,1775.37,1786.57,1797.97,1809.45,1821.12,1833.23,1845.72,1858.91,1872.90,1887.90,1903.93,1920.59,1938.16,1956.71,1976.21,1996.77,2018.81,2041.36,2064.54,2088.55,2113.58,2139.96,99999.00,99999.00,99999.00,99999.00,99999.00,99999.00,99999.00,99999.00,99999.00,99999.00,99999.00,99999.00,99999.00,99999.00,99999.00,99999.00,99999.00,99999.00,99999.00,99999.00,99999.00,99999.00,99999.00,99999.00,99999.00,99999.00,99999.00,99999.00,99999.00,99999.00
99999.00,99999.00,99999.00,99999.00,99999.00,99999.00,99999.00,99999.00,99999.00,99999.00,99999.00,99999.00,99999.00,99999.00,99999.00,  31.96,  33.35,  41.05,  50.64,  60.66,  73.32,  85.70,  97.89, 109.97, 122.00, 134.05, 146.21, 158.54, 171.16, 184.16, 197.91, 212.60, 228.51,99999.00,99999.00,99999.00,99999.00,99999.00,99999.00,99999.00,99999.00,99999.00,99999.00,99999.00,99999.00,99999.00,99999.00,99999.00,99999.00,99999.00,99999.00,99999.00,99999.00, 681.59, 680.50, 682.16, 685.77, 692.44, 700.08, 708.72, 717.81, 728.04, 740.13, 753.70, 769.42,99999.00,99999.00,99999.00,99999.00,99999.00,99999.00,99999.00,99999.00,99999.00,99999.00,99999.00,99999.00,99999.00,99999.00,99999.00,99999.00,99999.00,99999.00,99999.00,99999.00,99999.00,99999.00,99999.00,99999.00,99999.00,99999.00,99999.00,99999.00,99999.00,99999.00,99999.00,99999.00,99999.00,99999.00,99999.00,99999.00,99999.00,99999.00,99999.00,99999.00,99999.00,99999.00,99999.00,99999.00,99999.00,99999.00,99999.00,99999.00,99999.00,99999.00,99999.00,99999.00,99999.00,99999.00,99999.00,99999.00,99999.00,99999.00,1655.59,1647.41,99999.00,99999.00,99999.00,99999.00,99999.00,99999.00,99999.00,99999.00,99999.00,99999.00,99999.00,99999.00,99999.00,99999.00,99999.00,99999.00,99999.00,99999.00,99999.00,99999.00,99999.00,99999.00,99999.00,99999.00,99999.00,99999.00,99999.00,99999.00,99999.00,99999.00,99999.00,99999.00,99999.00,99999.00,99999.00,99999.00,99999.00,99999.00,99999.00,99999.00,99999.00,99999.00,1825.54,1836.41,1847.61,1859.42,1871.81,1885.08,1899.31,1914.69,1931.05,1948.01,1965.67,1984.26,2003.79,2024.23,2045.92,2068.54,2091.97,2116.42,2142.24,99999.00,99999.00,99999.00,99999.00,99999.00,99999.00,99999.00,99999.00,99999.00,99999.00,99999.00,99999.00,99999.00,99999.00,99999.00,99999.00,99999.00,99999.00,99999.00,99999.00,99999.00,99999.00,99999.00,99999.00,99999.00,99999.00,99999.00,99999.00,99999.00,99999.00
99999.00,99999.00,99999.00,99999.00,99999.00,99999.00,99999.00,99999.00,99999.00,99999.00,99999.00,99999.00,99999.00,99999.00,99999.00,  15.98,  21.09,  31.55,  45.05,  58.07,  70.72,  83.10,  95.29, 107.37, 119.40, 131.46, 143.61, 155.95, 168.56, 181.78, 195.74, 210.64, 226.77,99999.00,99999.00,99999.00,99999.00,99999.00,99999.00,99999.00,99999.00,99999.00,99999.00,99999.00,99999.00,99999.00,99999.00,99999.00,99999.00,99999.00,99999.00,99999.00,99999.00, 698.20, 696.16, 697.18, 699.83, 705.05, 712.06, 720.50, 729.54, 739.21, 750.28, 763.50, 778.60,99999.00,99999.00,99999.00,99999.00,99999.00,99999.00,99999.00,99999.00,99999.00,99999.00,99999.00,99999.00,99999.00,99999.00,99999.00,99999.00,99999.00,99999.00,99999.00,99999.00,99999.00,99999.00,99999.00,99999.00,99999.00,99999.00,99999.00,99999.00,99999.00,99999.00,99999.00,99999.00,99999.00,99999.00,99999.00,99999.00,99999.00,99999.00,99999.00,99999.00,99999.00,99999.00,99999.00,99999.00,99999.00,99999.00,99999.00,99999.00,99999.00,99999.00,99999.00,99999.00,99999.00,99999.00,99999.00,99999.00,99999.00,99999.00,1680.85,99999.00,99999.00,99999.00,99999.00,99999.00,99999.00,99999.00,99999.00,99999.00,99999.00,99999.00,99999.00,99999.00,99999.00,99999.00,99999.00,99999.00,99999.00,99999.00,99999.00,99999.00,99999.00,99999.00,99999.00,99999.00,99999.00,99999.00,99999.00,99999.00,99999.00,99999.00,99999.00,99999.00,99999.00,99999.00,99999.00,99999.00,99999.00,99999.00,99999.00,99999.00,99999.00,99999.00,99999.00,1853.91,1863.85,1874.45,1885.95,1898.25,1911.61,1926.09,1941.83,1958.33,1975.51,1993.33,2011.89,2031.43,2052.12,2074.02,2097.11,2121.26,2146.79,99999.00,99999.00,99999.00,99999.00,99999.00,99999.00,99999.00,99999.00,99999.00,99999.00,99999.00,99999.00,99999.00,99999.00,99999.00,99999.00,99999.00,99999.00,99999.00,99999.00,99999.00,99999.00,99999.00,99999.00,99999.00,99999.00,99999.00,99999.00,99999.00,99999.00
99999.00,99999.00,99999.00,99999.00,99999.00,99999.00,99999.00,99999.00,99999.00,99999.00,99999.00,99999.00,99999.00,99999.00,99999.00,   0.00,  14.92,  29.03,  42.52,  55.54,  68.19,  80.57,  92.77, 104.84, 116.87, 128.93, 141.08, 153.42, 166.27, 179.72, 193.91, 209.04, 225.40,99999.00,99999.00,99999.00,99999.00,99999.00,99999.00,99999.00,99999.00,99999.00,99999.00,99999.00,99999.00,99999.00,99999.00,99999.00,99999.00,99999.00,99999.00,99999.00,99999.00, 714.82, 711.82, 712.21, 714.45, 717.95, 724.44, 732.34, 741.29, 750.91, 761.42, 773.61, 788.36,99999.00,99999.00,99999.00,99999.00,99999.00,99999.00,99999.00,99999.00,99999.00,99999.00,99999.00,99999.00,99999.00,99999.00,99999.00,99999.00,99999.00,99999.00,99999.00,99999.00,99999.00,99999.00,99999.00,99999.00,99999.00,99999.00,99999.00,99999.00,99999.00,99999.00,99999.00,99999.00,99999.00,99999.00,99999.00,99999.00,99999.00,99999.00,99999.00,99999.00,99999.00,99999.00,99999.00,99999.00,99999.00,99999.00,99999.00,99999.00,99999.00,99999.00,99999.00,99999.00,99999.00,99999.00,99999.00,99999.00,99999.00,99999.00,99999.00,99999.00,99999.00,99999.00,99999.00,99999.00,99999.00,99999.00,99999.00,99999.00,99999.00,99999.00,99999.00,99999.00,99999.00,99999.00,99999.00,99999.00,99999.00,99999.00,99999.00,99999.00,99999.00,99999.00,99999.00,99999.00,99999.00,99999.00,99999.00,99999.00,99999.00,99999.00,99999.00,99999.00,99999.00,99999.00,99999.00,99999.00,99999.00,99999.00,99999.00,99999.00,99999.00,99999.00,99999.00,99999.00,1881.11,1890.92,1901.34,1912.61,1924.88,1938.38,1953.13,1969.23,1985.85,2003.12,2021.16,2039.94,2059.69,2080.73,2103.32,2127.30,2152.70,99999.00,99999.00,99999.00,99999.00,99999.00,99999.00,99999.00,99999.00,99999.00,99999.00,99999.00,99999.00,99999.00,99999.00,99999.00,99999.00,99999.00,99999.00,99999.00,99999.00,99999.00,99999.00,99999.00,99999.00,99999.00,99999.00,99999.00,99999.00,99999.00,99999.00
99999.00,99999.00,99999.00,99999.00,99999.00,99999.00,99999.00,99999.00,99999.00,99999.00,99999.00,99999.00,99999.00,99999.00,99999.00,   0.00,  14.92,  29.03,  42.52,  55.54,  68.19,  80.57,  92.77, 104.84, 116.87, 128.93, 141.08, 153.67, 166.77, 180.47, 194.92, 210.30, 226.91,99999.00,99999.00,99999.00,99999.00,99999.00,99999.00,99999.00,99999.00,99999.00,99999.00,99999.00,99999.00,99999.00,99999.00,99999.00,99999.00,99999.00,99999.00,99999.00,99999.00, 731.43, 727.48, 727.24, 729.07, 732.01, 737.05, 744.28, 753.09, 762.63, 773.08, 784.71, 798.43,99999.00,99999.00,99999.00,99999.00,99999.00,99999.00,99999.00,99999.00,99999.00,99999.00,99999.00,99999.00,99999.00,99999.00,99999.00,99999.00,99999.00,99999.00,99999.00,99999.00,99999.00,99999.00,99999.00,99999.00,99999.00,99999.00,99999.00,99999.00,99999.00,99999.00,99999.00,99999.00,99999.00,99999.00,99999.00,99999.00,99999.00,99999.00,99999.00,99999.00,99999.00,99999.00,99999.00,99999.00,99999.00,99999.00,99999.00,99999.00,99999.00,99999.00,99999.00,99999.00,99999.00,99999.00,99999.00,99999.00,99999.00,99999.00,99999.00,99999.00,99999.00,99999.00,99999.00,99999.00,99999.00,99999.00,99999.00,99999.00,99999.00,99999.00,99999.00,99999.00,99999.00,99999.00,99999.00,99999.00,99999.00,99999.00,99999.00,99999.00,99999.00,99999.00,99999.00,99999.00,99999.00,99999.00,99999.00,99999.00,99999.00,99999.00,99999.00,99999.00,99999.00,99999.00,99999.00,99999.00,99999.00,99999.00,99999.00,99999.00,99999.00,99999.00,99999.00,99999.00,1899.50,1907.74,1917.35,1928.15,1939.31,1951.65,1965.34,1980.39,1996.85,2013.68,2031.13,2049.38,2068.64,2088.97,2110.67,2134.21,2159.58,99999.00,99999.00,99999.00,99999.00,99999.00,99999.00,99999.00,99999.00,99999.00,99999.00,99999.00,99999.00,99999.00,99999.00,99999.00,99999.00,99999.00,99999.00,99999.00,99999.00,99999.00,99999.00,99999.00,99999.00,99999.00,99999.00,99999.00,99999.00,99999.00,99999.00
99999.00,99999.00,99999.00,99999.00,99999.00,99999.00,99999.00,99999.00,99999.00,99999.00,99999.00,99999.00,99999.00,99999.00,99999.00,   0.00,  14.92,  29.03,  42.52,  55.54,  68.19,  80.57,  92.77, 104.84, 116.87, 128.93, 141.36, 154.23, 167.60, 181.58, 196.30, 211.96, 228.85,99999.00,99999.00,99999.00,99999.00,99999.00,99999.00,99999.00,99999.00,99999.00,99999.00,99999.00,99999.00,99999.00,99999.00,99999.00,99999.00,99999.00,99999.00,99999.00,99999.00, 748.32, 743.14, 742.26, 743.70, 746.41, 749.95, 756.60, 765.00, 774.40, 784.76, 796.33, 809.48,99999.00,99999.00,99999.00,99999.00,99999.00,99999.00,99999.00,99999.00,99999.00,99999.00,99999.00,99999.00,99999.00,99999.00,99999.00,99999.00,99999.00,99999.00,99999.00,99999.00,99999.00,99999.00,99999.00,99999.00,99999.00,99999.00,99999.00,99999.00,99999.00,99999.00,99999.00,99999.00,99999.00,99999.00,99999.00,99999.00,99999.00,99999.00,99999.00,99999.00,99999.00,99999.00,99999.00,99999.00,99999.00,99999.00,99999.00,99999.00,99999.00,99999.00,99999.00,99999.00,99999.00,99999.00,99999.00,99999.00,99999.00,99999.00,99999.00,99999.00,99999.00,99999.00,99999.00,99999.00,99999.00,99999.00,99999.00,99999.00,99999.00,99999.00,99999.00,99999.00,99999.00,99999.00,99999.00,99999.00,99999.00,99999.00,99999.00,99999.00,99999.00,99999.00,99999.00,99999.00,99999.00,99999.00,99999.00,99999.00,99999.00,99999.00,99999.00,99999.00,99999.00,99999.00,99999.00,99999.00,99999.00,99999.00,99999.00,99999.00,99999.00,99999.00,99999.00,99999.00,1920.05,1925.29,1934.03,1943.87,1954.89,1966.08,1978.57,1992.53,2007.93,2024.64,2041.93,2059.76,2078.47,2098.30,2119.56,2142.45,2167.52,99999.00,99999.00,99999.00,99999.00,99999.00,99999.00,99999.00,99999.00,99999.00,99999.00,99999.00,99999.00,99999.00,99999.00,99999.00,99999.00,99999.00,99999.00,99999.00,99999.00,99999.00,99999.00,99999.00,99999.00,99999.00,99999.00,99999.00,99999.00,99999.00,99999.00
99999.00,99999.00,99999.00,99999.00,99999.00,99999.00,99999.00,99999.00,99999.00,99999.00,99999.00,99999.00,99999.00,99999.00,99999.00,   0.00,  14.92,  29.03,  42.52,  55.54,  68.19,  80.57,  92.77, 104.84, 116.87, 129.23, 141.97, 155.14, 168.82, 183.10, 198.13, 214.09, 231.29,99999.00,99999.00,99999.00,99999.00,99999.00,99999.00,99999.00,99999.00,99999.00,99999.00,99999.00,99999.00,99999.00,99999.00,99999.00,99999.00,99999.00,99999.00,99999.00,99999.00, 765.51, 759.10, 757.29, 758.32, 760.80, 764.01, 769.16, 776.98, 786.26, 796.48, 807.96, 821.04,99999.00,99999.00,99999.00,99999.00,99999.00,99999.00,99999.00,99999.00,99999.00,99999.00,99999.00,99999.00,99999.00,99999.00,99999.00,99999.00,99999.00,99999.00,99999.00,99999.00,99999.00,99999.00,99999.00,99999.00,99999.00,99999.00,99999.00,99999.00,99999.00,99999.00,99999.00,99999.00,99999.00,99999.00,99999.00,99999.00,99999.00,99999.00,99999.00,99999.00,99999.00,99999.00,99999.00,99999.00,99999.00,99999.00,99999.00,99999.00,99999.00,99999.00,99999.00,99999.00,99999.00,99999.00,99999.00,99999.00,99999.00,99999.00,99999.00,99999.00,99999.00,99999.00,99999.00,99999.00,99999.00,99999.00,99999.00,99999.00,99999.00,99999.00,99999.00,99999.00,99999.00,99999.00,99999.00,99999.00,99999.00,99999.00,99999.00,99999.00,99999.00,99999.00,99999.00,99999.00,99999.00,99999.00,99999.00,99999.00,99999.00,99999.00,99999.00,99999.00,99999.00,99999.00,99999.00,99999.00,99999.00,99999.00,99999.00,99999.00,99999.00,99999.00,99999.00,99999.00,1940.75,1943.97,1951.11,1960.08,1970.59,1981.73,1993.03,2005.76,2020.06,2035.89,2052.97,2070.69,2089.26,2108.71,2129.46,2151.92,2176.63,99999.00,99999.00,99999.00,99999.00,99999.00,99999.00,99999.00,99999.00,99999.00,99999.00,99999.00,99999.00,99999.00,99999.00,99999.00,99999.00,99999.00,99999.00,99999.00,99999.00,99999.00,99999.00,99999.00,99999.00,99999.00,99999.00,99999.00,99999.00,99999.00,99999.00
99999.00,99999.00,99999.00,99999.00,99999.00,99999.00,99999.00,99999.00,99999.00,99999.00,99999.00,99999.00,99999.00,99999.00,99999.00,   0.00,  14.92,  29.03,  42.52,  55.54,  68.19,  80.57,  92.77, 104.84, 117.21, 129.91, 142.98, 156.49, 170.51, 185.13, 200.49, 216.79, 234.33,99999.00,99999.00,99999.00,99999.00,99999.00,99999.00,99999.00,99999.00,99999.00,99999.00,99999.00,99999.00,99999.00,99999.00,99999.00,99999.00,99999.00,99999.00,99999.00,99999.00, 782.34, 775.40, 772.65, 772.94, 775.19, 778.32, 782.07, 789.24, 798.19, 808.29, 819.62, 832.61,99999.00,99999.00,99999.00,99999.00,99999.00,99999.00,99999.00,99999.00,99999.00,99999.00,99999.00,99999.00,99999.00,99999.00,99999.00,99999.00,99999.00,99999.00,99999.00,99999.00,99999.00,99999.00,99999.00,99999.00,99999.00,99999.00,99999.00,99999.00,99999.00,99999.00,99999.00,99999.00,99999.00,99999.00,99999.00,99999.00,99999.00,99999.00,99999.00,99999.00,99999.00,99999.00,99999.00,99999.00,99999.00,99999.00,99999.00,99999.00,99999.00,99999.00,99999.00,99999.00,99999.00,99999.00,99999.00,99999.00,99999.00,99999.00,99999.00,99999.00,99999.00,99999.00,99999.00,99999.00,99999.00,99999.00,99999.00,99999.00,99999.00,99999.00,99999.00,99999.00,99999.00,99999.00,99999.00,99999.00,99999.00,99999.00,99999.00,99999.00,99999.00,99999.00,99999.00,99999.00,99999.00,99999.00,99999.00,99999.00,99999.00,99999.00,99999.00,99999.00,99999.00,99999.00,99999.00,99999.00,99999.00,99999.00,99999.00,99999.00,99999.00,99999.00,99999.00,99999.00,1961.64,1964.03,1968.98,1977.05,1986.56,1997.53,2008.79,2020.31,2033.35,2048.07,2064.42,2082.03,2100.40,2119.76,2140.40,2162.49,2186.73,99999.00,99999.00,99999.00,99999.00,99999.00,99999.00,99999.00,99999.00,99999.00,99999.00,99999.00,99999.00,99999.00,99999.00,99999.00,99999.00,99999.00,99999.00,99999.00,99999.00,99999.00,99999.00,99999.00,99999.00,99999.00,99999.00,99999.00,99999.00,99999.00,99999.00
99999.00,99999.00,99999.00,99999.00,99999.00,99999.00,99999.00,99999.00,99999.00,99999.00,99999.00,99999.00,99999.00,99999.00,99999.00,   0.00,  14.92,  29.03,  42.52,  55.54,  68.19,  80.57,  92.77, 105.22, 117.97, 131.04, 144.49, 158.38, 172.77, 187.77, 203.51, 220.19, 238.10,99999.00,99999.00,99999.00,99999.00,99999.00,99999.00,99999.00,99999.00,99999.00,99999.00,99999.00,99999.00,99999.00,99999.00,99999.00,99999.00,99999.00,99999.00,99999.00,99999.00, 799.15, 792.08, 788.40, 787.94, 789.59, 792.64, 796.13, 801.72, 810.41, 820.17, 831.38, 844.21,99999.00,99999.00,99999.00,99999.00,99999.00,99999.00,99999.00,99999.00,99999.00,99999.00,99999.00,99999.00,99999.00,99999.00,99999.00,99999.00,99999.00,99999.00,99999.00,99999.00,99999.00,99999.00,99999.00,99999.00,99999.00,99999.00,99999.00,99999.00,99999.00,99999.00,99999.00,99999.00,99999.00,99999.00,99999.00,99999.00,99999.00,99999.00,99999.00,99999.00,99999.00,99999.00,99999.00,99999.00,99999.00,99999.00,99999.00,99999.00,99999.00,99999.00,99999.00,99999.00,99999.00,99999.00,99999.00,99999.00,99999.00,99999.00,99999.00,99999.00,99999.00,99999.00,99999.00,99999.00,99999.00,99999.00,99999.00,99999.00,99999.00,99999.00,99999.00,99999.00,99999.00,99999.00,99999.00,99999.00,99999.00,99999.00,99999.00,99999.00,99999.00,99999.00,99999.00,99999.00,99999.00,99999.00,99999.00,99999.00,99999.00,99999.00,99999.00,99999.00,99999.00,99999.00,99999.00,99999.00,99999.00,99999.00,99999.00,99999.00,99999.00,99999.00,99999.00,99999.00,1982.75,1984.29,1988.09,1994.50,2003.11,2013.52,2024.75,2036.20,2048.02,2061.47,2076.69,2093.69,2111.96,2131.17,2151.54,2173.43,2197.33,99999.00,99999.00,99999.00,99999.00,99999.00,99999.00,99999.00,99999.00,99999.00,99999.00,99999.00,99999.00,99999.00,99999.00,99999.00,99999.00,99999.00,99999.00,99999.00,99999.00,99999.00,99999.00,99999.00,99999.00,99999.00,99999.00,99999.00,99999.00,99999.00,99999.00
99999.00,99999.00,99999.00,99999.00,99999.00,99999.00,99999.00,99999.00,99999.00,99999.00,99999.00,99999.00,99999.00,99999.00,99999.00,   0.00,  14.92,  29.03,  42.52,  55.54,  68.19,  80.57,  93.19, 106.07, 119.24, 132.74, 146.62, 160.93, 175.75, 191.18, 207.34, 224.45, 242.78,99999.00,99999.00,99999.00,99999.00,99999.00,99999.00,99999.00,99999.00,99999.00,99999.00,99999.00,99999.00,99999.00,99999.00,99999.00,99999.00,99999.00,99999.00,99999.00,99999.00, 816.40, 809.18, 804.56, 803.37, 804.41, 806.95, 810.44, 814.59, 822.63, 832.33, 843.20, 855.90,99999.00,99999.00,99999.00,99999.00,99999.00,99999.00,99999.00,99999.00,99999.00,99999.00,99999.00,99999.00,99999.00,99999.00,99999.00,99999.00,99999.00,99999.00,99999.00,99999.00,99999.00,99999.00,99999.00,99999.00,99999.00,99999.00,99999.00,99999.00,99999.00,99999.00,99999.00,99999.00,99999.00,99999.00,99999.00,99999.00,99999.00,99999.00,99999.00,99999.00,99999.00,99999.00,99999.00,99999.00,99999.00,99999.00,99999.00,99999.00,99999.00,99999.00,99999.00,99999.00,99999.00,99999.00,99999.00,99999.00,99999.00,99999.00,99999.00,99999.00,99999.00,99999.00,99999.00,99999.00,99999.00,99999.00,99999.00,99999.00,99999.00,99999.00,99999.00,99999.00,99999.00,99999.00,99999.00,99999.00,99999.00,99999.00,99999.00,99999.00,99999.00,99999.00,99999.00,99999.00,99999.00,99999.00,99999.00,99999.00,99999.00,99999.00,99999.00,99999.00,99999.00,99999.00,99999.00,99999.00,99999.00,99999.00,99999.00,99999.00,99999.00,99999.00,99999.00,99999.00,2004.11,2004.80,2008.05,2012.86,2020.52,2029.89,2040.93,2052.37,2064.09,2076.29,2090.22,2106.06,2123.82,2142.83,2162.98,2184.49,2207.74,2233.20,99999.00,99999.00,99999.00,99999.00,99999.00,99999.00,99999.00,99999.00,99999.00,99999.00,99999.00,99999.00,99999.00,99999.00,99999.00,99999.00,99999.00,99999.00,99999.00,99999.00,99999.00,99999.00,99999.00,99999.00,99999.00,99999.00,99999.00,99999.00,99999.00
99999.00,99999.00,99999.00,99999.00,99999.00,99999.00,99999.00,99999.00,99999.00,99999.00,99999.00,99999.00,99999.00,99999.00,99999.00,   0.00,  14.92,  29.03,  42.52,  55.54,  68.19,  81.06,  94.16, 107.53, 121.18, 135.17, 149.53, 164.33, 179.63, 195.54, 212.20, 229.78, 248.61,99999.00,99999.00,99999.00,99999.00,99999.00,99999.00,99999.00,99999.00,99999.00,99999.00,99999.00,99999.00,99999.00,99999.00,99999.00,99999.00,99999.00,99999.00,99999.00,99999.00, 834.16, 826.77, 821.22, 819.28, 819.71, 821.74, 824.75, 828.66, 835.03, 844.49, 855.29, 867.65,99999.00,99999.00,99999.00,99999.00,99999.00,99999.00,99999.00,99999.00,99999.00,99999.00,99999.00,99999.00,99999.00,99999.00,99999.00,99999.00,99999.00,99999.00,99999.00,99999.00,99999.00,99999.00,99999.00,99999.00,99999.00,99999.00,99999.00,99999.00,99999.00,99999.00,99999.00,99999.00,99999.00,99999.00,99999.00,99999.00,99999.00,99999.00,99999.00,99999.00,99999.00,99999.00,99999.00,99999.00,99999.00,99999.00,99999.00,99999.00,99999.00,99999.00,99999.00,99999.00,99999.00,99999.00,99999.00,99999.00,99999.00,99999.00,99999.00,99999.00,99999.00,99999.00,99999.00,99999.00,99999.00,99999.00,99999.00,99999.00,99999.00,99999.00,99999.00,99999.00,99999.00,99999.00,99999.00,99999.00,99999.00,99999.00,99999.00,99999.00,99999.00,99999.00,99999.00,99999.00,99999.00,99999.00,99999.00,99999.00,99999.00,99999.00,99999.00,99999.00,99999.00,99999.00,99999.00,99999.00,99999.00,99999.00,99999.00,99999.00,99999.00,99999.00,99999.00,99999.00,2025.80,2025.61,2028.30,2032.58,2038.56,2046.99,2057.43,2068.84,2080.53,2092.60,2105.25,2119.76,2136.31,2154.94,2174.72,2195.78,2218.38,2242.81,2269.42,99999.00,99999.00,99999.00,99999.00,99999.00,99999.00,99999.00,99999.00,99999.00,99999.00,99999.00,99999.00,99999.00,99999.00,99999.00,99999.00,99999.00,99999.00,99999.00,99999.00,99999.00,99999.00,99999.00,99999.00,99999.00,99999.00,99999.00,99999.00
99999.00,99999.00,99999.00,99999.00,99999.00,99999.00,99999.00,99999.00,99999.00,99999.00,99999.00,99999.00,99999.00,99999.00,99999.00,   0.00,  14.92,  29.03,  42.52,  55.54,  68.75,  82.18,  95.84, 109.77, 123.98, 138.53, 153.45, 168.81, 184.67, 201.14, 218.12, 236.12, 255.50,99999.00,99999.00,99999.00,99999.00,99999.00,99999.00,99999.00,99999.00,99999.00,99999.00,99999.00,99999.00,99999.00,99999.00,99999.00,99999.00,99999.00,99999.00,99999.00,99999.00, 852.52, 844.92, 838.43, 835.75, 835.57, 837.10, 839.67, 842.97, 847.85, 856.84, 867.39, 879.68,99999.00,99999.00,99999.00,99999.00,99999.00,99999.00,99999.00,99999.00,99999.00,99999.00,99999.00,99999.00,99999.00,99999.00,99999.00,99999.00,99999.00,99999.00,99999.00,99999.00,99999.00,99999.00,99999.00,99999.00,99999.00,99999.00,99999.00,99999.00,99999.00,99999.00,99999.00,99999.00,99999.00,99999.00,99999.00,99999.00,99999.00,99999.00,99999.00,99999.00,99999.00,99999.00,99999.00,99999.00,99999.00,99999.00,99999.00,99999.00,99999.00,99999.00,99999.00,99999.00,99999.00,99999.00,99999.00,99999.00,99999.00,99999.00,99999.00,99999.00,99999.00,99999.00,99999.00,99999.00,99999.00,99999.00,99999.00,99999.00,99999.00,99999.00,99999.00,99999.00,99999.00,99999.00,99999.00,99999.00,99999.00,99999.00,99999.00,99999.00,99999.00,99999.00,99999.00,99999.00,99999.00,99999.00,99999.00,99999.00,99999.00,99999.00,99999.00,99999.00,99999.00,99999.00,99999.00,99999.00,99999.00,99999.00,99999.00,99999.00,99999.00,99999.00,99999.00,99999.00,2047.89,2046.81,2048.92,2052.84,2057.67,2065.11,2074.48,2085.70,2097.38,2109.38,2121.87,2135.05,2150.21,2167.55,2187.15,2207.65,2229.53,2253.00,2278.31,2305.67,2335.18,99999.00,99999.00,99999.00,99999.00,99999.00,99999.00,99999.00,99999.00,99999.00,99999.00,99999.00,99999.00,99999.00,99999.00,99999.00,99999.00,99999.00,99999.00,99999.00,99999.00,99999.00,99999.00,99999.00,99999.00,99999.00,99999.00
99999.00,99999.00,99999.00,99999.00,99999.00,99999.00,99999.00,99999.00,99999.00,99999.00,99999.00,99999.00,99999.00,99999.00,99999.00,   0.00,  14.92,  29.03,  42.52,  56.20,  70.06,  84.15,  98.47, 113.05, 127.92, 143.12, 158.70, 174.33, 190.39, 207.10, 224.63, 243.19, 262.92,99999.00,99999.00,99999.00,99999.00,99999.00,99999.00,99999.00,99999.00,99999.00,99999.00,99999.00,99999.00,99999.00,99999.00,99999.00,99999.00,99999.00,99999.00,99999.00,99999.00, 871.57, 863.26, 856.30, 852.88, 852.09, 853.11, 855.25, 858.17, 861.91, 869.41, 879.67, 891.71,99999.00,99999.00,99999.00,99999.00,99999.00,99999.00,99999.00,99999.00,99999.00,99999.00,99999.00,99999.00,99999.00,99999.00,99999.00,99999.00,99999.00,99999.00,99999.00,99999.00,99999.00,99999.00,99999.00,99999.00,99999.00,99999.00,99999.00,99999.00,99999.00,99999.00,99999.00,99999.00,99999.00,99999.00,99999.00,99999.00,99999.00,99999.00,99999.00,99999.00,99999.00,99999.00,99999.00,99999.00,99999.00,99999.00,99999.00,99999.00,99999.00,99999.00,99999.00,99999.00,99999.00,99999.00,99999.00,99999.00,99999.00,99999.00,99999.00,99999.00,99999.00,99999.00,99999.00,99999.00,99999.00,99999.00,99999.00,99999.00,99999.00,99999.00,99999.00,99999.00,99999.00,99999.00,99999.00,99999.00,99999.00,99999.00,99999.00,99999.00,99999.00,99999.00,99999.00,99999.00,99999.00,99999.00,99999.00,99999.00,99999.00,99999.00,99999.00,99999.00,99999.00,99999.00,99999.00,99999.00,99999.00,99999.00,99999.00,99999.00,99999.00,99999.00,99999.00,99999.00,2070.46,2068.48,2070.00,2073.54,2078.14,2084.09,2092.47,2103.05,2114.75,2126.71,2139.09,2152.07,2165.84,2181.71,2199.91,2220.28,2241.68,2264.24,2288.40,2314.42,2342.61,99999.00,99999.00,99999.00,99999.00,99999.00,99999.00,99999.00,99999.00,99999.00,99999.00,99999.00,99999.00,99999.00,99999.00,99999.00,99999.00,99999.00,99999.00,99999.00,99999.00,99999.00,99999.00,99999.00,99999.00,99999.00,99999.00
99999.00,99999.00,99999.00,99999.00,99999.00,99999.00,99999.00,99999.00,99999.00,99999.00,99999.00,99999.00,99999.00,99999.00,99999.00,   0.00,  14.92,  29.03,  43.30,  57.76,  72.41,  87.28, 102.38, 117.74, 133.40, 148.79, 164.50, 180.68, 197.39, 214.38, 232.10, 250.90, 271.18,99999.00,99999.00,99999.00,99999.00,99999.00,99999.00,99999.00,99999.00,99999.00,99999.00,99999.00,99999.00,99999.00,99999.00,99999.00,99999.00,99999.00,99999.00,99999.00,99999.00, 891.47, 882.23, 874.95, 870.79, 869.40, 869.91, 871.61, 874.15, 877.57, 882.20, 892.18, 903.91,99999.00,99999.00,99999.00,99999.00,99999.00,99999.00,99999.00,99999.00,99999.00,99999.00,99999.00,99999.00,99999.00,99999.00,99999.00,99999.00,99999.00,99999.00,99999.00,99999.00,99999.00,99999.00,99999.00,99999.00,99999.00,99999.00,99999.00,99999.00,99999.00,99999.00,99999.00,99999.00,99999.00,99999.00,99999.00,99999.00,99999.00,99999.00,99999.00,99999.00,99999.00,99999.00,99999.00,99999.00,99999.00,99999.00,99999.00,99999.00,99999.00,99999.00,99999.00,99999.00,99999.00,99999.00,99999.00,99999.00,99999.00,99999.00,99999.00,99999.00,99999.00,99999.00,99999.00,99999.00,99999.00,99999.00,99999.00,99999.00,99999.00,99999.00,99999.00,99999.00,99999.00,99999.00,99999.00,99999.00,99999.00,99999.00,99999.00,99999.00,99999.00,99999.00,99999.00,99999.00,99999.00,99999.00,99999.00,99999.00,99999.00,99999.00,99999.00,99999.00,99999.00,99999.00,99999.00,99999.00,99999.00,99999.00,99999.00,99999.00,99999.00,99999.00,99999.00,99999.00,2093.66,2090.76,2091.68,2094.82,2099.18,2104.43,2111.79,2121.25,2132.73,2144.75,2157.05,2169.86,2183.37,2197.79,2214.42,2233.49,2254.60,2276.77,2300.20,2325.07,2351.99,99999.00,99999.00,99999.00,99999.00,99999.00,99999.00,99999.00,99999.00,99999.00,99999.00,99999.00,99999.00,99999.00,99999.00,99999.00,99999.00,99999.00,99999.00,99999.00,99999.00,99999.00,99999.00,99999.00,99999.00,99999.00,99999.00
99999.00,99999.00,99999.00,99999.00,99999.00,99999.00,99999.00,99999.00,99999.00,99999.00,99999.00,99999.00,99999.00,99999.00,99999.00,   0.00,  14.92,  29.99,  45.22,  60.63,  76.24,  92.07, 108.13, 123.77, 139.53, 155.63, 172.13, 188.49, 205.34, 222.87, 241.24, 260.32, 280.79,99999.00,99999.00,99999.00,99999.00,99999.00,99999.00,99999.00,99999.00,99999.00,99999.00,99999.00,99999.00,99999.00,99999.00,99999.00,99999.00,99999.00,99999.00,99999.00,99999.00, 911.96, 902.24, 894.56, 889.65, 887.66, 887.66, 888.93, 891.10, 894.18, 898.41, 904.92, 916.35,99999.00,99999.00,99999.00,99999.00,99999.00,99999.00,99999.00,99999.00,99999.00,99999.00,99999.00,99999.00,99999.00,99999.00,99999.00,99999.00,99999.00,99999.00,99999.00,99999.00,99999.00,99999.00,99999.00,99999.00,99999.00,99999.00,99999.00,99999.00,99999.00,99999.00,99999.00,99999.00,99999.00,99999.00,99999.00,99999.00,99999.00,99999.00,99999.00,99999.00,99999.00,99999.00,99999.00,99999.00,99999.00,99999.00,99999.00,99999.00,99999.00,99999.00,99999.00,99999.00,99999.00,99999.00,99999.00,99999.00,99999.00,99999.00,99999.00,99999.00,99999.00,99999.00,99999.00,99999.00,99999.00,99999.00,99999.00,99999.00,99999.00,99999.00,99999.00,99999.00,99999.00,99999.00,99999.00,99999.00,99999.00,99999.00,99999.00,99999.00,99999.00,99999.00,99999.00,99999.00,99999.00,99999.00,99999.00,99999.00,99999.00,99999.00,99999.00,99999.00,99999.00,99999.00,99999.00,99999.00,99999.00,99999.00,99999.00,99999.00,99999.00,99999.00,99999.00,99999.00,2117.65,2113.83,2114.13,2116.87,2120.97,2126.07,2132.35,2140.80,2151.59,2163.63,2175.97,2188.66,2201.96,2216.04,2231.13,2248.55,2268.53,2290.50,2313.46,2337.81,2363.91,99999.00,99999.00,99999.00,99999.00,99999.00,99999.00,99999.00,99999.00,99999.00,99999.00,99999.00,99999.00,99999.00,99999.00,99999.00,99999.00,99999.00,99999.00,99999.00,99999.00,99999.00,99999.00,99999.00,99999.00,99999.00,99999.00
99999.00,99999.00,99999.00,99999.00,99999.00,99999.00,99999.00,99999.00,99999.00,99999.00,99999.00,99999.00,99999.00,99999.00,99999.00,  15.98,  22.80,  36.40,  51.68,  67.15,  82.83,  98.72, 114.85, 131.26, 147.98, 164.36, 180.96, 198.03, 215.66, 233.38, 251.89, 271.51, 292.64,99999.00,99999.00,99999.00,99999.00,99999.00,99999.00,99999.00,99999.00,99999.00,99999.00,99999.00,99999.00,99999.00,99999.00,99999.00,99999.00,99999.00,99999.00,99999.00,99999.00, 933.62, 923.59, 915.38, 909.73, 907.13, 906.62, 907.46, 909.25, 912.00, 915.94, 920.82, 929.01,99999.00,99999.00,99999.00,99999.00,99999.00,99999.00,99999.00,99999.00,99999.00,99999.00,99999.00,99999.00,99999.00,99999.00,99999.00,99999.00,99999.00,99999.00,99999.00,99999.00,99999.00,99999.00,99999.00,99999.00,99999.00,99999.00,99999.00,99999.00,99999.00,99999.00,99999.00,99999.00,99999.00,99999.00,99999.00,99999.00,99999.00,99999.00,99999.00,99999.00,99999.00,99999.00,99999.00,99999.00,99999.00,99999.00,99999.00,99999.00,99999.00,99999.00,99999.00,99999.00,99999.00,99999.00,99999.00,99999.00,99999.00,99999.00,99999.00,99999.00,99999.00,99999.00,99999.00,99999.00,99999.00,99999.00,99999.00,99999.00,99999.00,99999.00,99999.00,99999.00,99999.00,99999.00,99999.00,99999.00,99999.00,99999.00,99999.00,99999.00,99999.00,99999.00,99999.00,99999.00,99999.00,99999.00,99999.00,99999.00,99999.00,99999.00,99999.00,99999.00,99999.00,99999.00,99999.00,99999.00,99999.00,99999.00,99999.00,99999.00,99999.00,99999.00,99999.00,99999.00,2142.69,2137.93,2137.60,2139.92,2143.75,2148.69,2154.86,2162.24,2171.86,2183.64,2196.08,2208.78,2221.91,2235.73,2250.43,2266.23,2284.47,2305.38,2328.46,2352.60,2378.18,99999.00,99999.00,99999.00,99999.00,99999.00,99999.00,99999.00,99999.00,99999.00,99999.00,99999.00,99999.00,99999.00,99999.00,99999.00,99999.00,99999.00,99999.00,99999.00,99999.00,99999.00,99999.00,99999.00,99999.00,99999.00,99999.00
99999.00,99999.00,99999.00,99999.00,99999.00,99999.00,99999.00,99999.00,99999.00,99999.00,99999.00,99999.00,99999.00,99999.00,99999.00,99999.00,99999.00,99999.00,99999.00,99999.00,99999.00,99999.00,99999.00,99999.00,99999.00,99999.00,99999.00,99999.00,99999.00,99999.00,99999.00,99999.00,99999.00,99999.00,99999.00,99999.00,99999.00,99999.00,99999.00,99999.00,99999.00,99999.00,99999.00,99999.00,99999.00,99999.00,99999.00,99999.00,99999.00,99999.00,99999.00,99999.00,99999.00,99999.00,99999.00,99999.00,99999.00,99999.00,99999.00,99999.00,99999.00,99999.00,99999.00,99999.00,99999.00,99999.00,99999.00,99999.00,99999.00,99999.00,99999.00,99999.00,99999.00,99999.00,99999.00,99999.00,99999.00,99999.00,99999.00,99999.00,99999.00,99999.00,99999.00,99999.00,99999.00,99999.00,99999.00,99999.00,99999.00,99999.00,99999.00,99999.00,99999.00,99999.00,99999.00,99999.00,99999.00,99999.00,99999.00,99999.00,99999.00,99999.00,99999.00,99999.00,99999.00,99999.00,99999.00,99999.00,99999.00,99999.00,99999.00,99999.00,99999.00,99999.00,99999.00,99999.00,99999.00,99999.00,99999.00,99999.00,99999.00,99999.00,99999.00,99999.00,99999.00,99999.00,99999.00,99999.00,99999.00,99999.00,99999.00,99999.00,99999.00,99999.00,99999.00,99999.00,99999.00,99999.00,99999.00,99999.00,99999.00,99999.00,99999.00,99999.00,99999.00,99999.00,99999.00,99999.00,99999.00,99999.00,99999.00,99999.00,99999.00,99999.00,99999.00,99999.00,99999.00,99999.00,99999.00,99999.00,99999.00,99999.00,99999.00,99999.00,99999.00,99999.00,99999.00,99999.00,99999.00,99999.00,99999.00,99999.00,99999.00,99999.00,99999.00,99999.00,99999.00,99999.00,99999.00,99999.00,99999.00,99999.00,99999.00,99999.00,99999.00,99999.00,99999.00,99999.00,99999.00,99999.00,99999.00,99999.00,99999.00,99999.00,99999.00,99999.00,99999.00,99999.00,99999.00,99999.00,99999.00,99999.00,99999.00,99999.00,99999.00,99999.00,99999.00,99999.00,99999.00,99999.00,99999.00,99999.00,99999.00,99999.00,99999.00,99999.00
99999.00,99999.00,99999.00,99999.00,99999.00,99999.00,99999.00,99999.00,99999.00,99999.00,99999.00,99999.00,99999.00,99999.00,99999.00,99999.00,99999.00,99999.00,99999.00,99999.00,99999.00,99999.00,99999.00,99999.00,99999.00,99999.00,99999.00,99999.00,99999.00,99999.00,99999.00,99999.00,99999.00,99999.00,99999.00,99999.00,99999.00,99999.00,99999.00,99999.00,99999.00,99999.00,99999.00,99999.00,99999.00,99999.00,99999.00,99999.00,99999.00,99999.00,99999.00,99999.00,99999.00,99999.00,99999.00,99999.00,99999.00,99999.00,99999.00,99999.00,99999.00,99999.00,99999.00,99999.00,99999.00,99999.00,99999.00,99999.00,99999.00,99999.00,99999.00,99999.00,99999.00,99999.00,99999.00,99999.00,99999.00,99999.00,99999.00,99999.00,99999.00,99999.00,99999.00,99999.00,99999.00,99999.00,99999.00,99999.00,99999.00,99999.00,99999.00,99999.00,99999.00,99999.00,99999.00,99999.00,99999.00,99999.00,99999.00,99999.00,99999.00,99999.00,99999.00,99999.00,99999.00,99999.00,99999.00,99999.00,99999.00,99999.00,99999.00,99999.00,99999.00,99999.00,99999.00,99999.00,99999.00,99999.00,99999.00,99999.00,99999.00,99999.00,99999.00,99999.00,99999.00,99999.00,99999.00,99999.00,99999.00,99999.00,99999.00,99999.00,99999.00,99999.00,99999.00,99999.00,99999.00,99999.00,99999.00,99999.00,99999.00,99999.00,99999.00,99999.00,99999.00,99999.00,99999.00,99999.00,99999.00,99999.00,99999.00,99999.00,99999.00,99999.00,99999.00,99999.00,99999.00,99999.00,99999.00,99999.00,99999.00,99999.00,99999.00,99999.00,99999.00,99999.00,99999.00,99999.00,99999.00,99999.00,99999.00,99999.00,99999.00,99999.00,99999.00,99999.00,99999.00,99999.00,99999.00,99999.00,99999.00,99999.00,99999.00,99999.00,99999.00,99999.00,99999.00,99999.00,99999.00,99999.00,99999.00,99999.00,99999.00,99999.00,99999.00,99999.00,99999.00,99999.00,99999.00,99999.00,99999.00,99999.00,99999.00,99999.00,99999.00,99999.00,99999.00,99999.00,99999.00,99999.00,99999.00,99999.00,99999.00,99999.00,99999.00,99999.00
99999.00,99999.00,99999.00,99999.00,99999.00,99999.00,99999.00,99999.00,99999.00,99999.00,99999.00,99999.00,99999.00,99999.00,99999.00,99999.00,99999.00,99999.00,99999.00,99999.00,99999.00,99999.00,99999.00,99999.00,99999.00,99999.00,99999.00,99999.00,99999.00,99999.00,99999.00,99999.00,99999.00,99999.00,99999.00,99999.00,99999.00,99999.00,99999.00,99999.00,99999.00,99999.00,99999.00,99999.00,99999.00,99999.00,99999.00,99999.00,99999.00,99999.00,99999.00,99999.00,99999.00,99999.00,99999.00,99999.00,99999.00,99999.00,99999.00,99999.00,99999.00,99999.00,99999.00,99999.00,99999.00,99999.00,99999.00,99999.00,99999.00,99999.00,99999.00,99999.00,99999.00,99999.00,99999.00,99999.00,99999.00,99999.00,99999.00,99999.00,99999.00,99999.00,99999.00,99999.00,99999.00,99999.00,99999.00,99999.00,99999.00,99999.00,99999.00,99999.00,99999.00,99999.00,99999.00,99999.00,99999.00,99999.00,99999.00,99999.00,99999.00,99999.00,99999.00,99999.00,99999.00,99999.00,99999.00,99999.00,99999.00,99999.00,99999.00,99999.00,99999.00,99999.00,99999.00,99999.00,99999.00,99999.00,99999.00,99999.00,99999.00,99999.00,99999.00,99999.00,99999.00,99999.00,99999.00,99999.00,99999.00,99999.00,99999.00,99999.00,99999.00,99999.00,99999.00,99999.00,99999.00,99999.00,99999.00,99999.00,99999.00,99999.00,99999.00,99999.00,99999.00,99999.00,99999.00,99999.00,99999.00,99999.00,99999.00,99999.00,99999.00,99999.00,99999.00,99999.00,99999.00,99999.00,99999.00,99999.00,99999.00,99999.00,99999.00,99999.00,99999.00,99999.00,99999.00,99999.00,99999.00,99999.00,99999.00,99999.00,99999.00,99999.00,99999.00,99999.00,99999.00,99999.00,99999.00,99999.00,99999.00,99999.00,99999.00,99999.00,99999.00,99999.00,99999.00,99999.00,99999.00,99999.00,99999.00,99999.00,99999.00,99999.00,99999.00,99999.00,99999.00,99999.00,99999.00,99999.00,99999.00,99999.00,99999.00,99999.00,99999.00,99999.00,99999.00,99999.00,99999.00,99999.00,99999.00,99999.00,99999.00,99999.00,99999.00,99999.00
99999.00,99999.00,99999.00,99999.00,99999.00,99999.00,99999.00,99999.00,99999.00,99999.00,99999.00,99999.00,99999.00,99999.00,99999.00,99999.00,99999.00,99999.00,99999.00,99999.00,99999.00,99999.00,99999.00,99999.00,99999.00,99999.00,99999.00,99999.00,99999.00,99999.00,99999.00,99999.00,99999.00,99999.00,99999.00,99999.00,99999.00,99999.00,99999.00,99999.00,99999.00,99999.00,99999.00,99999.00,99999.00,99999.00,99999.00,99999.00,99999.00,99999.00,99999.00,99999.00,99999.00,99999.00,99999.00,99999.00,99999.00,99999.00,99999.00,99999.00,99999.00,99999.00,99999.00,99999.00,99999.00,99999.00,99999.00,99999.00,99999.00,99999.00,99999.00,99999.00,99999.00,99999.00,99999.00,99999.00,99999.00,99999.00,99999.00,99999.00,99999.00,99999.00,99999.00,99999.00,99999.00,99999.00,99999.00,99999.00,99999.00,99999.00,99999.00,99999.00,99999.00,99999.00,99999.00,99999.00,99999.00,99999.00,99999.00,99999.00,99999.00,99999.00,99999.00,99999.00,99999.00,99999.00,99999.00,99999.00,99999.00,99999.00,99999.00,99999.00,99999.00,99999.00,99999.00,99999.00,99999.00,99999.00,99999.00,99999.00,99999.00,99999.00,99999.00,99999.00,99999.00,99999.00,99999.00,99999.00,99999.00,99999.00,99999.00,99999.00,99999.00,99999.00,99999.00,99999.00,99999.00,99999.00,99999.00,99999.00,99999.00,99999.00,99999.00,99999.00,99999.00,99999.00,99999.00,99999.00,99999.00,99999.00,99999.00,99999.00,99999.00,99999.00,99999.00,99999.00,99999.00,99999.00,99999.00,99999.00,99999.00,99999.00,99999.00,99999.00,99999.00,99999.00,99999.00,99999.00,99999.00,99999.00,99999.00,99999.00,99999.00,99999.00,99999.00,99999.00,99999.00,99999.00,99999.00,99999.00,99999.00,99999.00,99999.00,99999.00,99999.00,99999.00,99999.00,99999.00,99999.00,99999.00,99999.00,99999.00,99999.00,99999.00,99999.00,99999.00,99999.00,99999.00,99999.00,99999.00,99999.00,99999.00,99999.00,99999.00,99999.00,99999.00,99999.00,99999.00,99999.00,99999.00,99999.00,99999.00,99999.00,99999.00,99999.00,99999.00
99999.00,99999.00,99999.00,99999.00,99999.00,99999.00,99999.00,99999.00,99999.00,99999.00,99999.00,99999.00,99999.00,99999.00,99999.00,99999.00,99999.00,99999.00,99999.00,99999.00,99999.00,99999.00,99999.00,99999.00,99999.00,99999.00,99999.00,99999.00,99999.00,99999.00,99999.00,99999.00,99999.00,99999.00,99999.00,99999.00,99999.00,99999.00,99999.00,99999.00,99999.00,99999.00,99999.00,99999.00,99999.00,99999.00,99999.00,99999.00,99999.00,99999.00,99999.00,99999.00,99999.00,99999.00,99999.00,99999.00,99999.00,99999.00,99999.00,99999.00,99999.00,99999.00,99999.00,99999.00,99999.00,99999.00,99999.00,99999.00,99999.00,99999.00,99999.00,99999.00,99999.00,99999.00,99999.00,99999.00,99999.00,99999.00,99999.00,99999.00,99999.00,99999.00,99999.00,99999.00,99999.00,99999.00,99999.00,99999.00,99999.00,99999.00,99999.00,99999.00,99999.00,99999.00,99999.00,99999.00,99999.00,99999.00,99999.00,99999.00,99999.00,99999.00,99999.00,99999.00,99999.00,99999.00,99999.00,99999.00,99999.00,99999.00,99999.00,99999.00,99999.00,99999.00,99999.00,99999.00,99999.00,99999.00,99999.00,99999.00,99999.00,99999.00,99999.00,99999.00,99999.00,99999.00,99999.00,99999.00,99999.00,99999.00,99999.00,99999.00,99999.00,99999.00,99999.00,99999.00,99999.00,99999.00,99999.00,99999.00,99999.00,99999.00,99999.00,99999.00,99999.00,99999.00,99999.00,99999.00,99999.00,99999.00,99999.00,99999.00,99999.00,99999.00,99999.00,99999.00,99999.00,99999.00,99999.00,99999.00,99999.00,99999.00,99999.00,99999.00,99999.00,99999.00,99999.00,99999.00,99999.00,99999.00,99999.00,99999.00,99999.00,99999.00,99999.00,99999.00,99999.00,99999.00,99999.00,99999.00,99999.00,99999.00,99999.00,99999.00,99999.00,99999.00,99999.00,99999.00,99999.00,99999.00,99999.00,99999.00,99999.00,99999.00,99999.00,99999.00,99999.00,99999.00,99999.00,99999.00,99999.00,99999.00,99999.00,99999.00,99999.00,99999.00,99999.00,99999.00,99999.00,99999.00,99999.00,99999.00,99999.00,99999.00,99999.00,99999.00
99999.00,99999.00,99999.00,99999.00,99999.00,99999.00,99999.00,99999.00,99999.00,99999.00,99999.00,99999.00,99999.00,99999.00,99999.00,99999.00,99999.00,99999.00,99999.00,99999.00,99999.00,99999.00,99999.00,99999.00,99999.00,99999.00,99999.00,99999.00,99999.00,99999.00,99999.00,99999.00,99999.00,99999.00,99999.00,99999.00,99999.00,99999.00,99999.00,99999.00,99999.00,99999.00,99999.00,99999.00,99999.00,99999.00,99999.00,99999.00,99999.00,99999.00,99999.00,99999.00,99999.00,99999.00,99999.00,99999.00,99999.00,99999.00,99999.00,99999.00,99999.00,99999.00,99999.00,99999.00,99999.00,99999.00,99999.00,99999.00,99999.00,99999.00,99999.00,99999.00,99999.00,99999.00,99999.00,99999.00,99999.00,99999.00,99999.00,99999.00,99999.00,99999.00,99999.00,99999.00,99999.00,99999.00,99999.00,99999.00,99999.00,99999.00,99999.00,99999.00,99999.00,99999.00,99999.00,99999.00,99999.00,99999.00,99999.00,99999.00,99999.00,99999.00,99999.00,99999.00,99999.00,99999.00,99999.00,99999.00,99999.00,99999.00,99999.00,99999.00,99999.00,99999.00,99999.00,99999.00,99999.00,99999.00,99999.00,99999.00,99999.00,99999.00,99999.00,99999.00,99999.00,99999.00,99999.00,99999.00,99999.00,99999.00,99999.00,99999.00,99999.00,99999.00,99999.00,99999.00,99999.00,99999.00,99999.00,99999.00,99999.00,99999.00,99999.00,99999.00,99999.00,99999.00,99999.00,99999.00,99999.00,99999.00,99999.00,99999.00,99999.00,99999.00,99999.00,99999.00,99999.00,99999.00,99999.00,99999.00,99999.00,99999.00,99999.00,99999.00,99999.00,99999.00,99999.00,99999.00,99999.00,99999.00,99999.00,99999.00,99999.00,99999.00,99999.00,99999.00,99999.00,99999.00,99999.00,99999.00,99999.00,99999.00,99999.00,99999.00,99999.00,99999.00,99999.00,99999.00,99999.00,99999.00,99999.00,99999.00,99999.00,99999.00,99999.00,99999.00,99999.00,99999.00,99999.00,99999.00,99999.00,99999.00,99999.00,99999.00,99999.00,99999.00,99999.00,99999.00,99999.00,99999.00,99999.00,99999.00,99999.00,99999.00,99999.00,99999.00
99999.00,99999.00,99999.00,99999.00,99999.00,99999.00,99999.00,99999.00,99999.00,99999.00,99999.00,99999.00,99999.00,99999.00,99999.00,99999.00,99999.00,99999.00,99999.00,99999.00,99999.00,99999.00,99999.00,99999.00,99999.00,99999.00,99999.00,99999.00,99999.00,99999.00,99999.00,99999.00,99999.00,99999.00,99999.00,99999.00,99999.00,99999.00,99999.00,99999.00,99999.00,99999.00,99999.00,99999.00,99999.00,99999.00,99999.00,99999.00,99999.00,99999.00,99999.00,99999.00,99999.00,99999.00,99999.00,99999.00,99999.00,99999.00,99999.00,99999.00,99999.00,99999.00,99999.00,99999.00,99999.00,99999.00,99999.00,99999.00,99999.00,99999.00,99999.00,99999.00,99999.00,99999.00,99999.00,99999.00,99999.00,99999.00,99999.00,99999.00,99999.00,99999.00,99999.00,99999.00,99999.00,99999.00,99999.00,99999.00,99999.00,99999.00,99999.00,99999.00,99999.00,99999.00,99999.00,99999.00,99999.00,99999.00,99999.00,99999.00,99999.00,99999.00,99999.00,99999.00,99999.00,99999.00,99999.00,99999.00,99999.00,99999.00,99999.00,99999.00,99999.00,99999.00,99999.00,99999.00,99999.00,99999.00,99999.00,99999.00,99999.00,99999.00,99999.00,99999.00,99999.00,99999.00,99999.00,99999.00,99999.00,99999.00,99999.00,99999.00,99999.00,99999.00,99999.00,99999.00,99999.00,99999.00,99999.00,99999.00,99999.00,99999.00,99999.00,99999.00,99999.00,99999.00,99999.00,99999.00,99999.00,99999.00,99999.00,99999.00,99999.00,99999.00,99999.00,99999.00,99999.00,99999.00,99999.00,99999.00,99999.00,99999.00,99999.00,99999.00,99999.00,99999.00,99999.00,99999.00,99999.00,99999.00,99999.00,99999.00,99999.00,99999.00,99999.00,99999.00,99999.00,99999.00,99999.00,99999.00,99999.00,99999.00,99999.00,99999.00,99999.00,99999.00,99999.00,99999.00,99999.00,99999.00,99999.00,99999.00,99999.00,99999.00,99999.00,99999.00,99999.00,99999.00,99999.00,99999.00,99999.00,99999.00,99999.00,99999.00,99999.00,99999.00,99999.00,99999.00,99999.00,99999.00,99999.00,99999.00,99999.00,99999.00,99999.00,99999.00
99999.00,99999.00,99999.00,99999.00,99999.00,99999.00,99999.00,99999.00,99999.00,99999.00,99999.00,99999.00,99999.00,99999.00,99999.00,99999.00,99999.00,99999.00,99999.00,99999.00,99999.00,99999.00,99999.00,99999.00,99999.00,99999.00,99999.00,99999.00,99999.00,99999.00,99999.00,99999.00,99999.00,99999.00,99999.00,99999.00,99999.00,99999.00,99999.00,99999.00,99999.00,99999.00,99999.00,99999.00,99999.00,99999.00,99999.00,99999.00,99999.00,99999.00,99999.00,99999.00,99999.00,99999.00,99999.00,99999.00,99999.00,99999.00,99999.00,99999.00,99999.00,99999.00,99999.00,99999.00,99999.00,99999.00,99999.00,99999.00,99999.00,99999.00,99999.00,99999.00,99999.00,99999.00,99999.00,99999.00,99999.00,99999.00,99999.00,99999.00,99999.00,99999.00,99999.00,99999.00,99999.00,99999.00,99999.00,99999.00,99999.00,99999.00,99999.00,99999.00,99999.00,99999.00,99999.00,99999.00,99999.00,99999.00,99999.00,99999.00,99999.00,99999.00,99999.00,99999.00,99999.00,99999.00,99999.00,99999.00,99999.00,99999.00,99999.00,99999.00,99999.00,99999.00,99999.00,99999.00,99999.00,99999.00,99999.00,99999.00,99999.00,99999.00,99999.00,99999.00,99999.00,99999.00,99999.00,99999.00,99999.00,99999.00,99999.00,99999.00,99999.00,99999.00,99999.00,99999.00,99999.00,99999.00,99999.00,99999.00,99999.00,99999.00,99999.00,99999.00,99999.00,99999.00,99999.00,99999.00,99999.00,99999.00,99999.00,99999.00,99999.00,99999.00,99999.00,99999.00,99999.00,99999.00,99999.00,99999.00,99999.00,99999.00,99999.00,99999.00,99999.00,99999.00,99999.00,99999.00,99999.00,99999.00,99999.00,99999.00,99999.00,99999.00,99999.00,99999.00,99999.00,99999.00,99999.00,99999.00,99999.00,99999.00,99999.00,99999.00,99999.00,99999.00,99999.00,99999.00,99999.00,99999.00,99999.00,99999.00,99999.00,99999.00,99999.00,99999.00,99999.00,99999.00,99999.00,99999.00,99999.00,99999.00,99999.00,99999.00,99999.00,99999.00,99999.00,99999.00,99999.00,99999.00,99999.00,99999.00,99999.00,99999.00,99999.00,99999.00
99999.00,99999.00,99999.00,99999.00,99999.00,99999.00,99999.00,99999.00,99999.00,99999.00,99999.00,99999.00,99999.00,99999.00,99999.00,99999.00,99999.00,99999.00,99999.00,99999.00,99999.00,99999.00,99999.00,99999.00,99999.00,99999.00,99999.00,99999.00,99999.00,99999.00,99999.00,99999.00,99999.00,99999.00,99999.00,99999.00,99999.00,99999.00,99999.00,99999.00,99999.00,99999.00,99999.00,99999.00,99999.00,99999.00,99999.00,99999.00,99999.00,99999.00,99999.00,99999.00,99999.00,99999.00,99999.00,99999.00,99999.00,99999.00,99999.00,99999.00,99999.00,99999.00,99999.00,99999.00,99999.00,99999.00,99999.00,99999.00,99999.00,99999.00,99999.00,99999.00,99999.00,99999.00,99999.00,99999.00,99999.00,99999.00,99999.00,99999.00,99999.00,99999.00,99999.00,99999.00,99999.00,99999.00,99999.00,99999.00,99999.00,99999.00,99999.00,99999.00,99999.00,99999.00,99999.00,99999.00,99999.00,99999.00,99999.00,99999.00,99999.00,99999.00,99999.00,99999.00,99999.00,99999.00,99999.00,99999.00,99999.00,99999.00,99999.00,99999.00,99999.00,99999.00,99999.00,99999.00,99999.00,99999.00,99999.00,99999.00,99999.00,99999.00,99999.00,99999.00,99999.00,99999.00,99999.00,99999.00,99999.00,99999.00,99999.00,99999.00,99999.00,99999.00,99999.00,99999.00,99999.00,99999.00,99999.00,99999.00,99999.00,99999.00,99999.00,99999.00,99999.00,99999.00,99999.00,99999.00,99999.00,99999.00,99999.00,99999.00,99999.00,99999.00,99999.00,99999.00,99999.00,99999.00,99999.00,99999.00,99999.00,99999.00,99999.00,99999.00,99999.00,99999.00,99999.00,99999.00,99999.00,99999.00,99999.00,99999.00,99999.00,99999.00,99999.00,99999.00,99999.00,99999.00,99999.00,99999.00,99999.00,99999.00,99999.00,99999.00,99999.00,99999.00,99999.00,99999.00,99999.00,99999.00,99999.00,99999.00,99999.00,99999.00,99999.00,99999.00,99999.00,99999.00,99999.00,99999.00,99999.00,99999.00,99999.00,99999.00,99999.00,99999.00,99999.00,99999.00,99999.00,99999.00,99999.00,99999.00,99999.00,99999.00,99999.00,99999.00
99999.00,99999.00,99999.00,99999.00,99999.00,99999.00,99999.00,99999.00,99999.00,99999.00,99999.00,99999.00,99999.00,99999.00,99999.00,99999.00,99999.00,99999.00,99999.00,99999.00,99999.00,99999.00,99999.00,99999.00,99999.00,99999.00,99999.00,99999.00,99999.00,99999.00,99999.00,99999.00,99999.00,99999.00,99999.00,99999.00,99999.00,99999.00,99999.00,99999.00,99999.00,99999.00,99999.00,99999.00,99999.00,99999.00,99999.00,99999.00,99999.00,99999.00,99999.00,99999.00,99999.00,99999.00,99999.00,99999.00,99999.00,99999.00,99999.00,99999.00,99999.00,99999.00,99999.00,99999.00,99999.00,99999.00,99999.00,99999.00,99999.00,99999.00,99999.00,99999.00,99999.00,99999.00,99999.00,99999.00,99999.00,99999.00,99999.00,99999.00,99999.00,99999.00,99999.00,99999.00,99999.00,99999.00,99999.00,99999.00,99999.00,99999.00,99999.00,99999.00,99999.00,99999.00,99999.00,99999.00,99999.00,99999.00,99999.00,99999.00,99999.00,99999.00,99999.00,99999.00,99999.00,99999.00,99999.00,99999.00,99999.00,99999.00,99999.00,99999.00,99999.00,99999.00,99999.00,99999.00,99999.00,99999.00,99999.00,99999.00,99999.00,99999.00,99999.00,99999.00,99999.00,99999.00,99999.00,99999.00,99999.00,99999.00,99999.00,99999.00,99999.00,99999.00,99999.00,99999.00,99999.00,99999.00,99999.00,99999.00,99999.00,99999.00,99999.00,99999.00,99999.00,99999.00,99999.00,99999.00,99999.00,99999.00,99999.00,99999.00,99999.00,99999.00,99999.00,99999.00,99999.00,99999.00,99999.00,99999.00,99999.00,99999.00,99999.00,99999.00,99999.00,99999.00,99999.00,99999.00,99999.00,99999.00,99999.00,99999.00,99999.00,99999.00,99999.00,99999.00,99999.00,99999.00,99999.00,99999.00,99999.00,99999.00,99999.00,99999.00,99999.00,99999.00,99999.00,99999.00,99999.00,99999.00,99999.00,99999.00,99999.00,99999.00,99999.00,99999.00,99999.00,99999.00,99999.00,99999.00,99999.00,99999.00,99999.00,99999.00,99999.00,99999.00,99999.00,99999.00,99999.00,99999.00,99999.00,99999.00,99999.00,99999.00,99999.00,99999.00
99999.00,99999.00,99999.00,99999.00,99999.00,99999.00,99999.00,99999.00,99999.00,99999.00,99999.00,99999.00,99999.00,99999.00,99999.00,99999.00,99999.00,99999.00,99999.00,99999.00,99999.00,99999.00,99999.00,99999.00,99999.00,99999.00,99999.00,99999.00,99999.00,99999.00,99999.00,99999.00,99999.00,99999.00,99999.00,99999.00,99999.00,99999.00,99999.00,99999.00,99999.00,99999.00,99999.00,99999.00,99999.00,99999.00,99999.00,99999.00,99999.00,99999.00,99999.00,99999.00,99999.00,99999.00,99999.00,99999.00,99999.00,99999.00,99999.00,99999.00,99999.00,99999.00,99999.00,99999.00,99999.00,99999.00,99999.00,99999.00,99999.00,99999.00,99999.00,99999.00,99999.00,99999.00,99999.00,99999.00,99999.00,99999.00,99999.00,99999.00,99999.00,99999.00,99999.00,99999.00,99999.00,99999.00,99999.00,99999.00,99999.00,99999.00,99999.00,99999.00,99999.00,99999.00,99999.00,99999.00,99999.00,99999.00,99999.00,99999.00,99999.00,99999.00,99999.00,99999.00,99999.00,99999.00,99999.00,99999.00,99999.00,99999.00,99999.00,99999.00,99999.00,99999.00,99999.00,99999.00,99999.00,99999.00,99999.00,99999.00,99999.00,99999.00,99999.00,99999.00,99999.00,99999.00,99999.00,99999.00,99999.00,99999.00,99999.00,99999.00,99999.00,99999.00,99999.00,99999.00,99999.00,99999.00,99999.00,99999.00,99999.00,99999.00,99999.00,99999.00,99999.00,99999.00,99999.00,99999.00,99999.00,99999.00,99999.00,99999.00,99999.00,99999.00,99999.00,99999.00,99999.00,99999.00,99999.00,99999.00,99999.00,99999.00,99999.00,99999.00,99999.00,99999.00,99999.00,99999.00,99999.00,99999.00,99999.00,99999.00,99999.00,99999.00,99999.00,99999.00,99999.00,99999.00,99999.00,99999.00,99999.00,99999.00,99999.00,99999.00,99999.00,99999.00,99999.00,99999.00,99999.00,99999.00,99999.00,99999.00,99999.00,99999.00,99999.00,99999.00,99999.00,99999.00,99999.00,99999.00,99999.00,99999.00,99999.00,99999.00,99999.00,99999.00,99999.00,99999.00,99999.00,99999.00,99999.00,99999.00,99999.00,99999.00,99999.00,99999.00
99999.00,99999.00,99999.00,99999.00,99999.00,99999.00,99999.00,99999.00,99999.00,99999.00,99999.00,99999.00,99999.00,99999.00,99999.00,99999.00,99999.00,99999.00,99999.00,99999.00,99999.00,99999.00,99999.00,99999.00,99999.00,99999.00,99999.00,99999.00,99999.00,99999.00,99999.00,99999.00,99999.00,99999.00,99999.00,99999.00,99999.00,99999.00,99999.00,99999.00,99999.00,99999.00,99999.00,99999.00,99999.00,99999.00,99999.00,99999.00,99999.00,99999.00,99999.00,99999.00,99999.00,99999.00,99999.00,99999.00,99999.00,99999.00,99999.00,99999.00,99999.00,99999.00,99999.00,99999.00,99999.00,99999.00,99999.00,99999.00,99999.00,99999.00,99999.00,99999.00,99999.00,99999.00,99999.00,99999.00,99999.00,99999.00,99999.00,99999.00,99999.00,99999.00,99999.00,99999.00,99999.00,99999.00,99999.00,99999.00,99999.00,99999.00,99999.00,99999.00,99999.00,99999.00,99999.00,99999.00,99999.00,99999.00,99999.00,99999.00,99999.00,99999.00,99999.00,99999.00,99999.00,99999.00,99999.00,99999.00,99999.00,99999.00,99999.00,99999.00,99999.00,99999.00,99999.00,99999.00,99999.00,99999.00,99999.00,99999.00,99999.00,99999.00,99999.00,99999.00,99999.00,99999.00,99999.00,99999.00,99999.00,99999.00,99999.00,99999.00,99999.00,99999.00,99999.00,99999.00,99999.00,99999.00,99999.00,99999.00,99999.00,99999.00,99999.00,99999.00,99999.00,99999.00,99999.00,99999.00,99999.00,99999.00,99999.00,99999.00,99999.00,99999.00,99999.00,99999.00,99999.00,99999.00,99999.00,99999.00,99999.00,99999.00,99999.00,99999.00,99999.00,99999.00,99999.00,99999.00,99999.00,99999.00,99999.00,99999.00,99999.00,99999.00,99999.00,99999.00,99999.00,99999.00,99999.00,99999.00,99999.00,99999.00,99999.00,99999.00,99999.00,99999.00,99999.00,99999.00,99999.00,99999.00,99999.00,99999.00,99999.00,99999.00,99999.00,99999.00,99999.00,99999.00,99999.00,99999.00,99999.00,99999.00,99999.00,99999.00,99999.00,99999.00,99999.00,99999.00,99999.00,99999.00,99999.00,99999.00,99999.00,99999.00,99999.00,99999.00
99999.00,99999.00,99999.00,99999.00,99999.00,99999.00,99999.00,99999.00,99999.00,99999.00,99999.00,99999.00,99999.00,99999.00,99999.00,99999.00,99999.00,99999.00,99999.00,99999.00,99999.00,99999.00,99999.00,99999.00,99999.00,99999.00,99999.00,99999.00,99999.00,99999.00,99999.00,99999.00,99999.00,99999.00,99999.00,99999.00,99999.00,99999.00,99999.00,99999.00,99999.00,99999.00,99999.00,99999.00,99999.00,99999.00,99999.00,99999.00,99999.00,99999.00,99999.00,99999.00,99999.00,99999.00,99999.00,99999.00,99999.00,99999.00,99999.00,99999.00,99999.00,99999.00,99999.00,99999.00,99999.00,99999.00,99999.00,99999.00,99999.00,99999.00,99999.00,99999.00,99999.00,99999.00,99999.00,99999.00,99999.00,99999.00,99999.00,99999.00,99999.00,99999.00,99999.00,99999.00,99999.00,99999.00,99999.00,99999.00,99999.00,99999.00,99999.00,99999.00,99999.00,99999.00,99999.00,99999.00,99999.00,99999.00,99999.00,99999.00,99999.00,99999.00,99999.00,99999.00,99999.00,99999.00,99999.00,99999.00,99999.00,99999.00,99999.00,99999.00,99999.00,99999.00,99999.00,99999.00,99999.00,99999.00,99999.00,99999.00,99999.00,99999.00,99999.00,99999.00,99999.00,99999.00,99999.00,99999.00,99999.00,99999.00,99999.00,99999.00,99999.00,99999.00,99999.00,99999.00,99999.00,99999.00,99999.00,99999.00,99999.00,99999.00,99999.00,99999.00,99999.00,99999.00,99999.00,99999.00,99999.00,99999.00,99999.00,99999.00,99999.00,99999.00,99999.00,99999.00,99999.00,99999.00,99999.00,99999.00,99999.00,99999.00,99999.00,99999.00,99999.00,99999.00,99999.00,99999.00,99999.00,99999.00,99999.00,99999.00,99999.00,99999.00,99999.00,99999.00,99999.00,99999.00,99999.00,99999.00,99999.00,99999.00,99999.00,99999.00,99999.00,99999.00,99999.00,99999.00,99999.00,99999.00,99999.00,99999.00,99999.00,99999.00,99999.00,99999.00,99999.00,99999.00,99999.00,99999.00,99999.00,99999.00,99999.00,99999.00,99999.00,99999.00,99999.00,99999.00,99999.00,99999.00,99999.00,99999.00,99999.00,99999.00,99999.00,99999.00
99999.00,99999.00,99999.00,99999.00,99999.00,99999.00,99999.00,99999.00,99999.00,99999.00,99999.00,99999.00,99999.00,99999.00,99999.00,99999.00,99999.00,99999.00,99999.00,99999.00,99999.00,99999.00,99999.00,99999.00,99999.00,99999.00,99999.00,99999.00,99999.00,99999.00,99999.00,99999.00,99999.00,99999.00,99999.00,99999.00,99999.00,99999.00,99999.00,99999.00,99999.00,99999.00,99999.00,99999.00,99999.00,99999.00,99999.00,99999.00,99999.00,99999.00,99999.00,99999.00,99999.00,99999.00,99999.00,99999.00,99999.00,99999.00,99999.00,99999.00,99999.00,99999.00,99999.00,99999.00,99999.00,99999.00,99999.00,99999.00,99999.00,99999.00,99999.00,99999.00,99999.00,99999.00,99999.00,99999.00,99999.00,99999.00,99999.00,99999.00,99999.00,99999.00,99999.00,99999.00,99999.00,99999.00,99999.00,99999.00,99999.00,99999.00,99999.00,99999.00,99999.00,99999.00,99999.00,99999.00,99999.00,99999.00,99999.00,99999.00,99999.00,99999.00,99999.00,99999.00,99999.00,99999.00,99999.00,99999.00,99999.00,99999.00,99999.00,99999.00,99999.00,99999.00,99999.00,99999.00,99999.00,99999.00,99999.00,99999.00,99999.00,99999.00,99999.00,99999.00,99999.00,99999.00,99999.00,99999.00,99999.00,99999.00,99999.00,99999.00,99999.00,99999.00,99999.00,99999.00,99999.00,99999.00,99999.00,99999.00,99999.00,99999.00,99999.00,99999.00,99999.00,99999.00,99999.00,99999.00,99999.00,99999.00,99999.00,99999.00,99999.00,99999.00,99999.00,99999.00,99999.00,99999.00,99999.00,99999.00,99999.00,99999.00,99999.00,99999.00,99999.00,99999.00,99999.00,99999.00,99999.00,99999.00,99999.00,99999.00,99999.00,99999.00,99999.00,99999.00,99999.00,99999.00,99999.00,99999.00,99999.00,99999.00,99999.00,99999.00,99999.00,99999.00,99999.00,99999.00,99999.00,99999.00,99999.00,99999.00,99999.00,99999.00,99999.00,99999.00,99999.00,99999.00,99999.00,99999.00,99999.00,99999.00,99999.00,99999.00,99999.00,99999.00,99999.00,99999.00,99999.00,99999.00,99999.00,99999.00,99999.00,99999.00,99999.00,99999.00
99999.00,99999.00,99999.00,99999.00,99999.00,99999.00,99999.00,99999.00,99999.00,99999.00,99999.00,99999.00,99999.00,99999.00,99999.00,99999.00,99999.00,99999.00,99999.00,99999.00,99999.00,99999.00,99999.00,99999.00,99999.00,99999.00,99999.00,99999.00,99999.00,99999.00,99999.00,99999.00,99999.00,99999.00,99999.00,99999.00,99999.00,99999.00,99999.00,99999.00,99999.00,99999.00,99999.00,99999.00,99999.00,99999.00,99999.00,99999.00,99999.00,99999.00,99999.00,99999.00,99999.00,99999.00,99999.00,99999.00,99999.00,99999.00,99999.00,99999.00,99999.00,99999.00,99999.00,99999.00,99999.00,99999.00,99999.00,99999.00,99999.00,99999.00,99999.00,99999.00,99999.00,99999.00,99999.00,99999.00,99999.00,99999.00,99999.00,99999.00,99999.00,99999.00,99999.00,99999.00,99999.00,99999.00,99999.00,99999.00,99999.00,99999.00,99999.00,99999.00,99999.00,99999.00,99999.00,99999.00,99999.00,99999.00,99999.00,99999.00,99999.00,99999.00,99999.00,99999.00,99999.00,99999.00,99999.00,99999.00,99999.00,99999.00,99999.00,99999.00,99999.00,99999.00,99999.00,99999.00,99999.00,99999.00,99999.00,99999.00,99999.00,99999.00,99999.00,99999.00,99999.00,99999.00,99999.00,99999.00,99999.00,99999.00,99999.00,99999.00,99999.00,99999.00,99999.00,99999.00,99999.00,99999.00,99999.00,99999.00,99999.00,99999.00,99999.00,99999.00,99999.00,99999.00,99999.00,99999.00,99999.00,99999.00,99999.00,99999.00,99999.00,99999.00,99999.00,99999.00,99999.00,99999.00,99999.00,99999.00,99999.00,99999.00,99999.00,99999.00,99999.00,99999.00,99999.00,99999.00,99999.00,99999.00,99999.00,99999.00,99999.00,99999.00,99999.00,99999.00,99999.00,99999.00,99999.00,99999.00,99999.00,99999.00,99999.00,99999.00,99999.00,99999.00,99999.00,99999.00,99999.00,99999.00,99999.00,99999.00,99999.00,99999.00,99999.00,99999.00,99999.00,99999.00,99999.00,99999.00,99999.00,99999.00,99999.00,99999.00,99999.00,99999.00,99999.00,99999.00,99999.00,99999.00,99999.00,99999.00,99999.00,99999.00,99999.00,99999.00
