99999.00,99999.00,99999.00,99999.00,99999.00,99999.00,99999.00,99999.00,99999.00,99999.00,99999.00,99999.00,99999.00,99999.00,99999.00,99999.00,99999.00,99999.00,99999.00,99999.00,99999.00,99999.00,99999.00,99999.00,99999.00,99999.00,99999.00,99999.00,99999.00,99999.00,99999.00,99999.00,99999.00,99999.00,99999.00,99999.00,99999.00,99999.00,99999.00,99999.00,99999.00,99999.00,99999.00,99999.00,99999.00,99999.00,99999.00,99999.00,99999.00,99999.00,99999.00,99999.00,99999.00,99999.00,99999.00,99999.00,99999.00,99999.00,99999.00,99999.00,99999.00,99999.00,99999.00,99999.00,99999.00,99999.00,99999.00,99999.00,99999.00,99999.00,99999.00,99999.00,99999.00,99999.00,99999.00,99999.00,99999.00,99999.00,99999.00,99999.00,99999.00,99999.00,99999.00,99999.00,99999.00,99999.00,99999.00,99999.00,99999.00,99999.00,99999.00,99999.00,99999.00,99999.00,99999.00,99999.00,99999.00,99999.00,99999.00,99999.00,99999.00,99999.00,99999.00,99999.00,99999.00,99999.00,99999.00,99999.00,99999.00,99999.00,99999.00,99999.00,99999.00,99999.00,99999.00,99999.00,99999.00,99999.00,99999.00,99999.00,99999.00,99999.00,99999.00,99999.00
99999.00,99999.00,99999.00,99999.00,99999.00,99999.00,99999.00,99999.00,99999.00,99999.00,99999.00,99999.00,99999.00,99999.00,99999.00,99999.00,99999.00,99999.00,99999.00,99999.00,99999.00,99999.00,99999.00,99999.00,99999.00,99999.00,99999.00,99999.00,99999.00,99999.00,99999.00,99999.00,99999.00,99999.00,99999.00,99999.00,99999.00,99999.00,99999.00,99999.00,99999.00,99999.00,99999.00,99999.00,99999.00,99999.00,99999.00,99999.00,99999.00,99999.00,99999.00,99999.00,99999.00,99999.00,99999.00,99999.00,99999.00,99999.00,99999.00,99999.00,99999.00,99999.00,99999.00,99999.00,99999.00,99999.00,99999.00,99999.00,99999.00,99999.00,99999.00,99999.00,99999.00,99999.00,99999.00,99999.00,99999.00,99999.00,99999.00,99999.00,99999.00,99999.00,99999.00,99999.00,99999.00,99999.00,99999.00,99999.00,99999.00,99999.00,99999.00,99999.00,99999.00,99999.00,99999.00,99999.00,99999.00,99999.00,99999.00,99999.00,99999.00,99999.00,99999.00,99999.00,99999.00,99999.00,99999.00,99999.00,99999.00,99999.00,99999.00,99999.00,99999.00,99999.00,99999.00,99999.00,99999.00,99999.00,99999.00,99999.00,99999.00,99999.00,99999.00,99999.00
99999.00,99999.00,99999.00,99999.00,99999.00,99999.00,99999.00,99999.00,99999.00,99999.00,99999.00,99999.00,99999.00,99999.00,99999.00,99999.00,99999.00,99999.00,99999.00,99999.00,99999.00,99999.00,99999.00,99999.00,99999.00,99999.00,99999.00,99999.00,99999.00,99999.00,99999.00,99999.00,99999.00,99999.00,99999.00,99999.00,99999.00,99999.00,99999.00,99999.00,99999.00,99999.00,99999.00,99999.00,99999.00,99999.00,99999.00,99999.00,99999.00,99999.00,99999.00,99999.00,99999.00,99999.00,99999.00,99999.00,99999.00,99999.00,99999.00,99999.00,99999.00,99999.00,99999.00,99999.00,99999.00,99999.00,99999.00,99999.00,99999.00,99999.00,99999.00,99999.00,99999.00,99999.00,99999.00,99999.00,99999.00,99999.00,99999.00,99999.00,99999.00,99999.00,99999.00,99999.00,99999.00,99999.00,99999.00,99999.00,99999.00,99999.00,99999.00,99999.00,99999.00,99999.00,99999.00,99999.00,99999.00,99999.00,99999.00,99999.00,99999.00,99999.00,99999.00,99999.00,99999.00,99999.00,99999.00,99999.00,99999.00,99999.00,99999.00,99999.00,99999.00,99999.00,99999.00,99999.00,99999.00,99999.00,99999.00,99999.00,99999.00,99999.00,99999.00,99999.00
99999.00,99999.00,99999.00,99999.00,99999.00,99999.00,99999.00,99999.00,99999.00,99999.00,99999.00,99999.00,99999.00,99999.00,99999.00,99999.00,99999.00,99999.00,99999.00,99999.00,99999.00,99999.00,99999.00,99999.00,99999.00,99999.00,99999.00,99999.00,99999.00,99999.00,99999.00,99999.00,99999.00,99999.00,99999.00,99999.00,99999.00,99999.00,99999.00,99999.00,99999.00,99999.00,99999.00,99999.00,99999.00,99999.00,99999.00,99999.00,99999.00,99999.00,99999.00,99999.00,99999.00,99999.00,99999.00,99999.00,99999.00,99999.00,99999.00,99999.00,99999.00,99999.00,99999.00,99999.00,99999.00,99999.00,99999.00,99999.00,99999.00,99999.00,99999.00,99999.00,99999.00,99999.00,99999.00,99999.00,99999.00,99999.00,99999.00,99999.00,99999.00,99999.00,99999.00,99999.00,99999.00,99999.00,99999.00,99999.00,99999.00,99999.00,99999.00,99999.00,99999.00,99999.00,99999.00,99999.00,99999.00,99999.00,99999.00,99999.00,99999.00,99999.00,99999.00,99999.00,99999.00,99999.00,99999.00,99999.00,99999.00,99999.00,99999.00,99999.00,99999.00,99999.00,99999.00,99999.00,99999.00,99999.00,99999.00,99999.00,99999.00,99999.00,99999.00,99999.00
99999.00,99999.00,99999.00,99999.00,99999.00,99999.00,99999.00,99999.00,99999.00,99999.00,99999.00,99999.00,99999.00,99999.00,99999.00,99999.00,99999.00,99999.00,99999.00,99999.00,99999.00,99999.00,99999.00,99999.00,99999.00,99999.00,99999.00,99999.00,99999.00,99999.00,99999.00,99999.00,99999.00,99999.00,99999.00,99999.00,99999.00,99999.00,99999.00,99999.00,99999.00,99999.00,99999.00,99999.00,99999.00,99999.00,99999.00,99999.00,99999.00,99999.00,99999.00,99999.00,99999.00,99999.00,99999.00,99999.00,99999.00,99999.00,99999.00,99999.00,99999.00,99999.00,99999.00,99999.00,99999.00,99999.00,99999.00,99999.00,99999.00,99999.00,99999.00,99999.00,99999.00,99999.00,99999.00,99999.00,99999.00,99999.00,99999.00,99999.00,99999.00,99999.00,99999.00,99999.00,99999.00,99999.00,99999.00,99999.00,99999.00,99999.00,99999.00,99999.00,99999.00,99999.00,99999.00,99999.00,99999.00,99999.00,99999.00,99999.00,99999.00,99999.00,99999.00,99999.00,99999.00,99999.00,99999.00,99999.00,99999.00,99999.00,99999.00,99999.00,99999.00,99999.00,99999.00,99999.00,99999.00,99999.00,99999.00,99999.00,99999.00,99999.00,99999.00,99999.00
99999.00,99999.00,99999.00,99999.00,99999.00,99999.00,99999.00,99999.00,99999.00,99999.00,99999.00,99999.00,99999.00,99999.00,99999.00,99999.00,99999.00,99999.00,99999.00,99999.00,99999.00,99999.00,99999.00,99999.00,99999.00,99999.00,99999.00,99999.00,99999.00,99999.00,99999.00,99999.00,99999.00,99999.00,99999.00,99999.00,99999.00,99999.00,99999.00,99999.00,99999.00,99999.00,99999.00,99999.00,99999.00,99999.00,99999.00,99999.00,99999.00,99999.00,99999.00,99999.00,99999.00,99999.00,99999.00,99999.00,99999.00,99999.00,99999.00,99999.00,99999.00,99999.00,99999.00,99999.00,99999.00,99999.00,99999.00,99999.00,99999.00,99999.00,99999.00,99999.00,99999.00,99999.00,99999.00,99999.00,99999.00,99999.00,99999.00,99999.00,99999.00,99999.00,99999.00,99999.00,99999.00,99999.00,99999.00,99999.00,99999.00,99999.00,99999.00,99999.00,99999.00,99999.00,99999.00,99999.00,99999.00,99999.00,99999.00,99999.00,99999.00,99999.00,99999.00,99999.00,99999.00,99999.00,99999.00,99999.00,99999.00,99999.00,99999.00,99999.00,99999.00,99999.00,99999.00,99999.00,99999.00,99999.00,99999.00,99999.00,99999.00,99999.00,99999.00,99999.00
99999.00,99999.00,99999.00,99999.00,99999.00,99999.00,99999.00,99999.00,99999.00,99999.00,99999.00,99999.00,99999.00,99999.00,99999.00,99999.00,99999.00,99999.00,99999.00,99999.00,99999.00,99999.00,99999.00,99999.00,99999.00,99999.00,99999.00,99999.00,99999.00,99999.00,99999.00,99999.00,99999.00,99999.00,99999.00,99999.00,99999.00,99999.00,99999.00,99999.00,99999.00,99999.00,99999.00,99999.00,99999.00,99999.00,99999.00,99999.00,99999.00,99999.00,99999.00,99999.00,99999.00,99999.00,99999.00,99999.00,99999.00,99999.00,99999.00,99999.00,99999.00,99999.00,99999.00,99999.00,99999.00,99999.00,99999.00,99999.00,99999.00,99999.00,99999.00,99999.00,99999.00,99999.00,99999.00,99999.00,99999.00,99999.00,99999.00,99999.00,99999.00,99999.00,99999.00,99999.00,99999.00,99999.00,99999.00,99999.00,99999.00,99999.00,99999.00,99999.00,99999.00,99999.00,99999.00,99999.00,99999.00,99999.00,99999.00,99999.00,99999.00,99999.00,99999.00,99999.00,99999.00,99999.00,99999.00,99999.00,99999.00,99999.00,99999.00,99999.00,99999.00,99999.00,99999.00,99999.00,99999.00,99999.00,99999.00,99999.00,99999.00,99999.00,99999.00,99999.00
99999.00,99999.00,99999.00,99999.00,99999.00,99999.00,99999.00,99999.00,99999.00,99999.00,99999.00,99999.00,99999.00,99999.00,99999.00,99999.00,99999.00,99999.00,99999.00,99999.00,99999.00,99999.00,99999.00,99999.00,99999.00,99999.00,99999.00,99999.00,99999.00,99999.00,99999.00,99999.00,99999.00,99999.00,99999.00,99999.00,99999.00,99999.00,99999.00,99999.00,99999.00,99999.00,99999.00,99999.00,99999.00,99999.00,99999.00,99999.00,99999.00,99999.00,99999.00,99999.00,99999.00,99999.00,99999.00,99999.00,99999.00,99999.00,99999.00,99999.00,99999.00,99999.00,99999.00,99999.00,99999.00,99999.00,99999.00,99999.00,99999.00,99999.00,99999.00,99999.00,99999.00,99999.00,99999.00,99999.00,99999.00,99999.00,99999.00,99999.00,99999.00,99999.00,99999.00,99999.00,99999.00,99999.00,99999.00,99999.00,99999.00,99999.00,99999.00,99999.00,99999.00,99999.00,99999.00,99999.00,99999.00,99999.00,99999.00,99999.00,99999.00,99999.00,99999.00,99999.00,99999.00,99999.00,99999.00,99999.00,99999.00,99999.00,99999.00,99999.00,99999.00,99999.00,99999.00,99999.00,99999.00,99999.00,99999.00,99999.00,99999.00,99999.00,99999.00,99999.00
99999.00,99999.00,99999.00,99999.00,99999.00,99999.00,99999.00,99999.00,99999.00,99999.00,99999.00,99999.00,99999.00,99999.00,99999.00,99999.00,99999.00,99999.00,99999.00,99999.00,99999.00,99999.00,99999.00,99999.00,99999.00,99999.00,99999.00,99999.00,99999.00,99999.00,99999.00,99999.00,99999.00,99999.00,99999.00,99999.00,99999.00,99999.00,99999.00,99999.00,99999.00,99999.00,99999.00,99999.00,99999.00,99999.00,99999.00,99999.00,99999.00,99999.00,99999.00,99999.00,99999.00,99999.00,99999.00,99999.00,99999.00,99999.00,99999.00,99999.00,99999.00,99999.00,99999.00,99999.00,99999.00,99999.00,99999.00,99999.00,99999.00,99999.00,99999.00,99999.00,99999.00,99999.00,99999.00,99999.00,99999.00,99999.00,99999.00,99999.00,99999.00,99999.00,99999.00,99999.00,99999.00,99999.00,99999.00,99999.00,99999.00,99999.00,99999.00,99999.00,99999.00,99999.00,99999.00,99999.00,99999.00,99999.00,99999.00,99999.00,99999.00,99999.00,99999.00,99999.00,99999.00,99999.00,99999.00,99999.00,99999.00,99999.00,99999.00,99999.00,99999.00,99999.00,99999.00,99999.00,99999.00,99999.00,99999.00,99999.00,99999.00,99999.00,99999.00,99999.00
99999.00,99999.00,99999.00,99999.00,99999.00,99999.00,99999.00,99999.00,99999.00,99999.00,99999.00,99999.00,99999.00,99999.00,99999.00,99999.00,99999.00,99999.00,99999.00,99999.00,99999.00,99999.00,99999.00,99999.00,99999.00,99999.00,99999.00,99999.00,99999.00,99999.00,99999.00,99999.00,99999.00,99999.00,99999.00,99999.00,99999.00,99999.00,99999.00,99999.00,99999.00,99999.00,99999.00,99999.00,99999.00,99999.00,99999.00,99999.00,99999.00,99999.00,99999.00,99999.00,99999.00,99999.00,99999.00,99999.00,99999.00,99999.00,99999.00,99999.00,99999.00,99999.00,99999.00,99999.00,99999.00,99999.00,99999.00,99999.00,99999.00,99999.00,99999.00,99999.00,99999.00,99999.00,99999.00,99999.00,99999.00,99999.00,99999.00,99999.00,99999.00,99999.00,99999.00,99999.00,99999.00,99999.00,99999.00,99999.00,99999.00,99999.00,99999.00,99999.00,99999.00,99999.00,99999.00,99999.00,99999.00,99999.00,99999.00,99999.00,99999.00,99999.00,99999.00,99999.00,99999.00,99999.00,99999.00,99999.00,99999.00,99999.00,99999.00,99999.00,99999.00,99999.00,99999.00,99999.00,99999.00,99999.00,99999.00,99999.00,99999.00,99999.00,99999.00,99999.00
99999.00,99999.00,99999.00,99999.00,99999.00,99999.00,99999.00,99999.00,99999.00,99999.00,99999.00,99999.00,99999.00,99999.00,99999.00,99999.00,99999.00,99999.00,99999.00,99999.00,99999.00,99999.00,99999.00,99999.00,99999.00,99999.00,99999.00,99999.00,99999.00,99999.00,99999.00,99999.00,99999.00,99999.00,99999.00,99999.00,99999.00,99999.00,99999.00,99999.00,99999.00,99999.00,99999.00,99999.00,99999.00,99999.00,99999.00,99999.00,99999.00,99999.00,99999.00,99999.00,99999.00,99999.00,99999.00,99999.00,99999.00,99999.00,99999.00,99999.00,99999.00,99999.00,99999.00,99999.00,99999.00,99999.00,99999.00,99999.00,99999.00,99999.00,99999.00,99999.00,99999.00,99999.00,99999.00,99999.00,99999.00,99999.00,99999.00,99999.00,99999.00,99999.00,99999.00,99999.00,99999.00,99999.00,99999.00,99999.00,99999.00,99999.00,99999.00,99999.00,99999.00,99999.00,99999.00,99999.00,99999.00,99999.00,99999.00,99999.00,99999.00,99999.00,99999.00,99999.00,99999.00,99999.00,99999.00,99999.00,99999.00,99999.00,99999.00,99999.00,99999.00,99999.00,99999.00,99999.00,99999.00,99999.00,99999.00,99999.00,99999.00,99999.00,99999.00,99999.00
99999.00,99999.00,99999.00,99999.00,99999.00,99999.00,99999.00,99999.00,99999.00,99999.00,99999.00,99999.00,99999.00,99999.00,99999.00,99999.00,99999.00,99999.00,99999.00,99999.00,99999.00,99999.00,99999.00,99999.00,99999.00,99999.00,99999.00,99999.00,99999.00,99999.00,99999.00,99999.00,99999.00,99999.00,99999.00,99999.00,99999.00,99999.00,99999.00,99999.00,99999.00,99999.00,99999.00,99999.00,99999.00,99999.00,99999.00,99999.00,99999.00,99999.00,99999.00,99999.00,99999.00,99999.00,99999.00,99999.00,99999.00,99999.00,99999.00,99999.00,99999.00,99999.00,99999.00,99999.00,99999.00,99999.00,99999.00,99999.00,99999.00,99999.00,99999.00,99999.00,99999.00,99999.00,99999.00,99999.00,99999.00,99999.00,99999.00,99999.00,99999.00,99999.00,99999.00,99999.00,99999.00,99999.00,99999.00,99999.00,99999.00,99999.00,99999.00,99999.00,99999.00,99999.00,99999.00,99999.00,99999.00,99999.00,99999.00,99999.00,99999.00,99999.00,99999.00,99999.00,99999.00,99999.00,99999.00,99999.00,99999.00,99999.00,99999.00,99999.00,99999.00,99999.00,99999.00,99999.00,99999.00,99999.00,99999.00,99999.00,99999.00,99999.00,99999.00,99999.00
99999.00,99999.00,99999.00,99999.00,99999.00,99999.00,99999.00,99999.00,99999.00,99999.00,99999.00,99999.00,99999.00,99999.00,99999.00,99999.00,99999.00,99999.00,99999.00,99999.00,99999.00,99999.00,99999.00,99999.00,99999.00,99999.00,99999.00,99999.00,99999.00,99999.00,99999.00,99999.00,99999.00,99999.00,99999.00,99999.00,99999.00,99999.00,99999.00,99999.00,99999.00,99999.00,99999.00,99999.00,99999.00,99999.00,99999.00,99999.00,99999.00,99999.00,99999.00,99999.00,99999.00,99999.00,99999.00,99999.00,99999.00,99999.00,99999.00,99999.00,99999.00,99999.00,99999.00,99999.00,99999.00,99999.00,99999.00,99999.00,99999.00,99999.00,99999.00,99999.00,99999.00,99999.00,99999.00,99999.00,99999.00,99999.00,99999.00,99999.00,99999.00,99999.00,99999.00,99999.00,99999.00,99999.00,99999.00,99999.00,99999.00,99999.00,99999.00,99999.00,99999.00,99999.00,99999.00,99999.00,99999.00,99999.00,99999.00,99999.00,99999.00,99999.00,99999.00,99999.00,99999.00,99999.00,99999.00,99999.00,99999.00,99999.00,99999.00,99999.00,99999.00,99999.00,99999.00,99999.00,99999.00,99999.00,99999.00,99999.00,99999.00,99999.00,99999.00,99999.00
99999.00,99999.00,99999.00,99999.00,99999.00,99999.00,99999.00,99999.00,99999.00,99999.00,99999.00,99999.00,99999.00,99999.00,99999.00,99999.00,99999.00,99999.00,99999.00,99999.00,99999.00,99999.00,99999.00,99999.00,99999.00,99999.00,99999.00,99999.00,99999.00,99999.00,99999.00,99999.00,99999.00,99999.00,99999.00,99999.00,99999.00,99999.00,99999.00,99999.00,99999.00,99999.00,99999.00,99999.00,99999.00,99999.00,99999.00,99999.00,99999.00,99999.00,99999.00,99999.00,99999.00,99999.00,99999.00,99999.00,99999.00,99999.00,99999.00,99999.00,99999.00,99999.00,99999.00,99999.00,99999.00,99999.00,99999.00,99999.00,99999.00,99999.00,99999.00,99999.00,99999.00,99999.00,99999.00,99999.00,99999.00,99999.00,99999.00,99999.00,99999.00,99999.00,99999.00,99999.00,99999.00,99999.00,99999.00,99999.00,99999.00,99999.00,99999.00,99999.00,99999.00,99999.00,99999.00,99999.00,99999.00,99999.00,99999.00,99999.00,99999.00,99999.00,99999.00,99999.00,99999.00,99999.00,99999.00,99999.00,99999.00,99999.00,99999.00,99999.00,99999.00,99999.00,99999.00,99999.00,99999.00,99999.00,99999.00,99999.00,99999.00,99999.00,99999.00,99999.00
99999.00,99999.00,99999.00,99999.00,99999.00,99999.00,99999.00,99999.00,99999.00,99999.00,99999.00,99999.00,99999.00,99999.00,99999.00,99999.00,99999.00,99999.00,99999.00,99999.00,99999.00,99999.00,99999.00,99999.00,99999.00,99999.00,99999.00,99999.00,99999.00,99999.00,99999.00,99999.00,99999.00,99999.00,99999.00,99999.00,99999.00,99999.00,99999.00,99999.00,99999.00,99999.00,99999.00,99999.00,99999.00,99999.00,99999.00,99999.00,99999.00,99999.00,99999.00,99999.00,99999.00,99999.00,99999.00,99999.00,99999.00,99999.00,99999.00,99999.00,99999.00,99999.00,99999.00,99999.00,99999.00,99999.00,99999.00,99999.00,99999.00,99999.00,99999.00,99999.00,99999.00,99999.00,99999.00,99999.00,99999.00,99999.00,99999.00,99999.00,99999.00,99999.00,99999.00,99999.00,99999.00,99999.00,99999.00,99999.00,99999.00,99999.00,99999.00,99999.00,99999.00,99999.00,99999.00,99999.00,99999.00,99999.00,99999.00,99999.00,99999.00,99999.00,99999.00,99999.00,99999.00,99999.00,99999.00,99999.00,99999.00,99999.00,99999.00,99999.00,99999.00,99999.00,99999.00,99999.00,99999.00,99999.00,99999.00,99999.00,99999.00,99999.00,99999.00,99999.00
99999.00,99999.00,99999.00,99999.00,99999.00,99999.00,99999.00,99999.00,99999.00,99999.00,99999.00,99999.00,99999.00,99999.00,99999.00,99999.00,99999.00,99999.00,99999.00,99999.00,99999.00,99999.00,99999.00,99999.00,99999.00,99999.00,1909.97,1891.12,1873.92,1858.10,1843.21,1831.54,1820.42,1810.09,1800.11,1790.75,1781.72,1772.91,1764.34,1755.98,1748.03,1740.12,1733.60,1727.70,1723.07,1719.12,1715.57,1712.34,1710.38,1709.65,1710.53,1713.36,1717.07,1721.31,1726.24,1732.48,1740.66,99999.00,99999.00,99999.00,99999.00,99999.00,99999.00,99999.00,99999.00,99999.00,99999.00,99999.00,99999.00,99999.00,99999.00,99999.00,99999.00,99999.00,99999.00,99999.00,99999.00,99999.00,99999.00,99999.00,99999.00,99999.00,99999.00,99999.00,99999.00,99999.00,99999.00,99999.00,99999.00,99999.00,99999.00,99999.00,99999.00,99999.00,99999.00,99999.00,99999.00,99999.00,99999.00,99999.00,99999.00,99999.00,99999.00,99999.00,99999.00,99999.00,99999.00,99999.00,99999.00,99999.00,99999.00,99999.00,99999.00,99999.00,99999.00,99999.00,99999.00,99999.00,99999.00,99999.00,99999.00,99999.00,99999.00,99999.00
99999.00,99999.00,99999.00,99999.00,99999.00,99999.00,99999.00,99999.00,99999.00,99999.00,99999.00,99999.00,99999.00,99999.00,99999.00,99999.00,99999.00,99999.00,99999.00,99999.00,99999.00,99999.00,99999.00,99999.00,99999.00,99999.00,1895.88,1877.15,1860.04,1844.16,1829.39,1815.36,1804.41,1793.91,1784.11,1774.59,1765.73,1757.08,1748.67,1740.43,1732.44,1724.74,1717.73,1711.50,1706.99,1703.10,1699.60,1696.41,1694.48,1693.78,1694.67,1697.52,1701.20,1705.37,1710.32,1717.85,1729.28,99999.00,99999.00,99999.00,99999.00,99999.00,99999.00,99999.00,99999.00,99999.00,99999.00,99999.00,99999.00,99999.00,99999.00,99999.00,99999.00,99999.00,99999.00,99999.00,99999.00,99999.00,99999.00,99999.00,99999.00,99999.00,99999.00,99999.00,99999.00,99999.00,99999.00,99999.00,99999.00,99999.00,99999.00,99999.00,99999.00,99999.00,99999.00,99999.00,99999.00,99999.00,99999.00,99999.00,99999.00,99999.00,99999.00,99999.00,99999.00,99999.00,99999.00,99999.00,99999.00,99999.00,99999.00,99999.00,99999.00,99999.00,99999.00,99999.00,99999.00,99999.00,99999.00,99999.00,99999.00,99999.00,99999.00,99999.00
99999.00,99999.00,99999.00,99999.00,99999.00,99999.00,99999.00,99999.00,99999.00,99999.00,99999.00,99999.00,99999.00,99999.00,99999.00,99999.00,99999.00,99999.00,99999.00,99999.00,99999.00,99999.00,99999.00,99999.00,99999.00,99999.00,1883.21,1864.63,1847.65,1831.86,1817.03,1803.11,1789.81,1779.47,1769.49,1760.16,1751.06,1742.61,1734.33,1726.23,1718.32,1710.76,1703.23,1697.05,1691.97,1688.13,1684.68,1681.52,1679.62,1678.94,1679.85,1682.71,1686.35,1690.44,1696.54,1706.17,1717.18,99999.00,99999.00,99999.00,99999.00,99999.00,99999.00,99999.00,99999.00,99999.00,99999.00,99999.00,99999.00,99999.00,99999.00,99999.00,99999.00,99999.00,99999.00,99999.00,99999.00,99999.00,99999.00,99999.00,99999.00,99999.00,99999.00,99999.00,99999.00,99999.00,99999.00,99999.00,99999.00,99999.00,99999.00,99999.00,99999.00,99999.00,99999.00,99999.00,99999.00,99999.00,99999.00,99999.00,99999.00,99999.00,99999.00,99999.00,99999.00,99999.00,99999.00,99999.00,99999.00,99999.00,99999.00,99999.00,99999.00,99999.00,99999.00,99999.00,99999.00,99999.00,99999.00,99999.00,99999.00,99999.00,99999.00,99999.00
99999.00,99999.00,99999.00,99999.00,99999.00,99999.00,99999.00,99999.00,99999.00,99999.00,99999.00,99999.00,99999.00,99999.00,99999.00,99999.00,99999.00,99999.00,99999.00,99999.00,99999.00,99999.00,99999.00,99999.00,99999.00,99999.00,1871.56,1853.17,1836.33,1820.67,1805.93,1791.96,1778.76,1766.07,1756.26,1746.76,1737.83,1729.10,1720.99,1713.05,1705.25,1697.65,1690.33,1683.66,1677.75,1673.96,1670.55,1667.43,1665.55,1664.89,1665.80,1668.66,1672.26,1676.78,1684.70,1693.76,1704.91,99999.00,99999.00,99999.00,99999.00,99999.00,99999.00,99999.00,99999.00,99999.00,99999.00,99999.00,99999.00,99999.00,99999.00,99999.00,99999.00,99999.00,99999.00,99999.00,99999.00,99999.00,99999.00,99999.00,99999.00,99999.00,99999.00,99999.00,99999.00,99999.00,99999.00,99999.00,99999.00,99999.00,99999.00,99999.00,99999.00,99999.00,99999.00,99999.00,99999.00,99999.00,99999.00,99999.00,99999.00,99999.00,99999.00,99999.00,99999.00,99999.00,99999.00,99999.00,99999.00,99999.00,99999.00,99999.00,99999.00,99999.00,99999.00,99999.00,99999.00,99999.00,99999.00,99999.00,99999.00,99999.00,99999.00,99999.00
99999.00,99999.00,99999.00,99999.00,99999.00,99999.00,99999.00,99999.00,99999.00,99999.00,99999.00,99999.00,99999.00,99999.00,99999.00,99999.00,99999.00,99999.00,99999.00,99999.00,99999.00,99999.00,99999.00,99999.00,99999.00,99999.00,1860.61,1842.47,1825.82,1810.31,1795.70,1781.81,1768.56,1755.98,1743.81,1734.47,1725.38,1716.83,1708.43,1700.62,1692.96,1685.45,1678.26,1671.07,1665.12,1660.41,1657.04,1653.94,1652.08,1651.43,1652.35,1655.21,1658.75,1664.67,1671.99,1681.16,1692.46,99999.00,99999.00,99999.00,99999.00,99999.00,99999.00,99999.00,99999.00,99999.00,99999.00,99999.00,99999.00,99999.00,99999.00,99999.00,99999.00,99999.00,99999.00,99999.00,99999.00,99999.00,99999.00,99999.00,99999.00,99999.00,99999.00,99999.00,99999.00,99999.00,99999.00,99999.00,99999.00,99999.00,99999.00,99999.00,99999.00,99999.00,99999.00,99999.00,99999.00,99999.00,99999.00,99999.00,99999.00,99999.00,99999.00,99999.00,99999.00,99999.00,99999.00,99999.00,99999.00,99999.00,99999.00,99999.00,99999.00,99999.00,99999.00,99999.00,99999.00,99999.00,99999.00,99999.00,99999.00,99999.00,99999.00,99999.00
99999.00,99999.00,99999.00,99999.00,99999.00,99999.00,99999.00,99999.00,99999.00,99999.00,99999.00,99999.00,99999.00,99999.00,99999.00,99999.00,99999.00,99999.00,99999.00,99999.00,99999.00,99999.00,99999.00,99999.00,99999.00,99999.00,1850.13,1832.29,1815.88,1800.56,1786.10,1772.34,1759.18,1746.54,1734.49,1722.79,1713.86,1705.14,1696.92,1688.83,1681.29,1673.89,1666.66,1659.65,1653.13,1647.35,1644.01,1640.93,1639.09,1638.44,1639.35,1642.20,1646.37,1652.35,1659.08,1668.36,1679.32,99999.00,99999.00,99999.00,99999.00,99999.00,99999.00,99999.00,99999.00,99999.00,99999.00,99999.00,99999.00,99999.00,99999.00,99999.00,99999.00,99999.00,99999.00,99999.00,99999.00,99999.00,99999.00,99999.00,99999.00,99999.00,99999.00,99999.00,99999.00,99999.00,99999.00,99999.00,99999.00,99999.00,99999.00,99999.00,99999.00,99999.00,99999.00,99999.00,99999.00,99999.00,99999.00,99999.00,99999.00,99999.00,99999.00,99999.00,99999.00,99999.00,99999.00,99999.00,99999.00,99999.00,99999.00,99999.00,99999.00,99999.00,99999.00,99999.00,99999.00,99999.00,99999.00,99999.00,99999.00,99999.00,99999.00,99999.00
99999.00,99999.00,99999.00,99999.00,99999.00,99999.00,99999.00,99999.00,99999.00,99999.00,99999.00,99999.00,99999.00,99999.00,99999.00,99999.00,99999.00,99999.00,99999.00,99999.00,99999.00,99999.00,99999.00,99999.00,99999.00,99999.00,1840.34,1822.56,1806.32,1791.24,1776.96,1763.36,1750.32,1737.77,1725.66,1714.08,1702.80,1694.24,1685.85,1677.93,1670.11,1662.83,1655.66,1648.69,1641.65,1635.82,1631.35,1628.30,1626.46,1625.81,1626.71,1629.54,1633.77,1639.13,1645.95,1654.86,1665.58,99999.00,99999.00,99999.00,99999.00,99999.00,99999.00,99999.00,99999.00,99999.00,99999.00,99999.00,99999.00,99999.00,99999.00,99999.00,99999.00,99999.00,99999.00,99999.00,99999.00,99999.00,99999.00,99999.00,99999.00,99999.00,99999.00,99999.00,99999.00,99999.00,99999.00,99999.00,99999.00,99999.00,99999.00,99999.00,99999.00,99999.00,99999.00,99999.00,99999.00,99999.00,99999.00,99999.00,99999.00,99999.00,99999.00,99999.00,99999.00,99999.00,99999.00,99999.00,99999.00,99999.00,99999.00,99999.00,99999.00,99999.00,99999.00,99999.00,99999.00,99999.00,99999.00,99999.00,99999.00,99999.00,99999.00,99999.00
99999.00,99999.00,99999.00,99999.00,99999.00,99999.00,99999.00,99999.00,99999.00,99999.00,99999.00,99999.00,99999.00,99999.00,99999.00,99999.00,99999.00,99999.00,99999.00,99999.00,99999.00,99999.00,99999.00,99999.00,99999.00,99999.00,1831.73,1813.81,1797.32,1782.29,1768.14,1754.72,1741.84,1729.42,1717.40,1705.75,1694.58,1683.67,1675.45,1667.36,1659.72,1652.16,1645.02,1637.97,1631.10,1624.69,1619.00,1615.95,1614.12,1613.46,1614.35,1616.66,1620.94,1625.68,1632.60,1640.74,1651.63,99999.00,99999.00,99999.00,99999.00,99999.00,99999.00,99999.00,99999.00,99999.00,99999.00,99999.00,99999.00,99999.00,99999.00,99999.00,99999.00,99999.00,99999.00,99999.00,99999.00,99999.00,99999.00,99999.00,99999.00,99999.00,99999.00,99999.00,99999.00,99999.00,99999.00,99999.00,99999.00,99999.00,99999.00,99999.00,99999.00,99999.00,99999.00,99999.00,99999.00,99999.00,99999.00,99999.00,99999.00,99999.00,99999.00,99999.00,99999.00,99999.00,99999.00,99999.00,99999.00,99999.00,99999.00,99999.00,99999.00,99999.00,99999.00,99999.00,99999.00,99999.00,99999.00,99999.00,99999.00,99999.00,99999.00,99999.00
99999.00,99999.00,99999.00,99999.00,99999.00,99999.00,99999.00,99999.00,99999.00,99999.00,99999.00,99999.00,99999.00,99999.00,99999.00,99999.00,99999.00,99999.00,99999.00,99999.00,99999.00,99999.00,99999.00,99999.00,99999.00,99999.00,1824.11,1805.76,1789.34,1774.17,1759.77,1746.40,1733.61,1721.33,1709.44,1697.89,1686.66,1675.86,1665.28,1657.36,1649.55,1642.14,1634.70,1627.66,1620.83,1613.89,1608.14,1603.83,1601.99,1601.32,1601.76,1603.55,1607.19,1612.00,1618.52,1626.39,1636.38,99999.00,99999.00,99999.00,99999.00,99999.00,99999.00,99999.00,99999.00,99999.00,99999.00,99999.00,99999.00,99999.00,99999.00,99999.00,99999.00,99999.00,99999.00,99999.00,99999.00,99999.00,99999.00,99999.00,99999.00,99999.00,99999.00,99999.00,99999.00,99999.00,99999.00,99999.00,99999.00,99999.00,99999.00,99999.00,99999.00,99999.00,99999.00,99999.00,99999.00,99999.00,99999.00,99999.00,99999.00,99999.00,99999.00,99999.00,99999.00,99999.00,99999.00,99999.00,99999.00,99999.00,99999.00,99999.00,99999.00,99999.00,99999.00,99999.00,99999.00,99999.00,99999.00,99999.00,99999.00,99999.00,99999.00,99999.00
99999.00,99999.00,99999.00,99999.00,99999.00,99999.00,99999.00,99999.00,99999.00,99999.00,99999.00,99999.00,99999.00,99999.00,99999.00,99999.00,99999.00,99999.00,99999.00,99999.00,99999.00,99999.00,99999.00,99999.00,99999.00,99999.00,1817.60,1799.10,1782.22,1766.62,1752.30,1738.78,1725.75,1713.51,1701.69,1690.25,1679.11,1668.25,1657.79,1647.51,1639.86,1632.24,1624.95,1617.60,1610.64,1603.87,1597.53,1591.88,1590.03,1588.96,1588.94,1590.21,1593.19,1598.08,1603.81,1611.73,1620.87,99999.00,99999.00,99999.00,99999.00,99999.00,99999.00,99999.00,99999.00,99999.00,99999.00,99999.00,99999.00,99999.00,99999.00,99999.00,99999.00,99999.00,99999.00,99999.00,99999.00,99999.00,99999.00,99999.00,99999.00,99999.00,99999.00,99999.00,99999.00,99999.00,99999.00,99999.00,99999.00,99999.00,99999.00,99999.00,99999.00,99999.00,99999.00,99999.00,99999.00,99999.00,99999.00,99999.00,99999.00,99999.00,99999.00,99999.00,99999.00,99999.00,99999.00,99999.00,99999.00,99999.00,99999.00,99999.00,99999.00,99999.00,99999.00,99999.00,99999.00,99999.00,99999.00,99999.00,99999.00,99999.00,99999.00,99999.00
99999.00,99999.00,99999.00,99999.00,99999.00,99999.00,99999.00,99999.00,99999.00,99999.00,99999.00,99999.00,99999.00,99999.00,99999.00,99999.00,99999.00,99999.00,99999.00,99999.00,99999.00,99999.00,99999.00,99999.00,99999.00,99999.00,1811.74,1793.30,1776.10,1760.35,1745.56,1731.63,1718.65,1706.28,1694.21,1682.81,1671.73,1660.95,1650.42,1640.26,1630.26,1622.76,1615.25,1608.05,1600.77,1594.01,1587.12,1581.40,1577.84,1576.36,1575.88,1576.61,1578.93,1583.40,1588.83,1595.82,1605.08,99999.00,99999.00,99999.00,99999.00,99999.00,99999.00,99999.00,99999.00,99999.00,99999.00,99999.00,99999.00,99999.00,99999.00,99999.00,99999.00,99999.00,99999.00,99999.00,99999.00,99999.00,99999.00,99999.00,99999.00,99999.00,99999.00,99999.00,99999.00,99999.00,99999.00,99999.00,99999.00,99999.00,99999.00,99999.00,99999.00,99999.00,99999.00,99999.00,99999.00,99999.00,99999.00,99999.00,99999.00,99999.00,99999.00,99999.00,99999.00,99999.00,99999.00,99999.00,99999.00,99999.00,99999.00,99999.00,99999.00,99999.00,99999.00,99999.00,99999.00,99999.00,99999.00,99999.00,99999.00,99999.00,99999.00,99999.00
99999.00,99999.00,99999.00,99999.00,99999.00,99999.00,99999.00,99999.00,99999.00,99999.00,99999.00,99999.00,99999.00,99999.00,99999.00,99999.00,99999.00,99999.00,99999.00,99999.00,99999.00,99999.00,99999.00,99999.00,99999.00,99999.00,1806.83,1788.48,1771.35,1755.17,1739.72,1725.63,1712.20,1699.40,1687.40,1675.86,1664.53,1653.79,1643.29,1633.07,1623.15,1613.29,1605.90,1598.48,1591.35,1584.11,1577.43,1571.07,1565.41,1563.52,1562.57,1562.75,1564.40,1568.06,1573.51,1579.63,1588.17,99999.00,99999.00,99999.00,99999.00,99999.00,99999.00,99999.00,99999.00,99999.00,99999.00,99999.00,99999.00,99999.00,99999.00,99999.00,99999.00,99999.00,99999.00,99999.00,99999.00,99999.00,99999.00,99999.00,99999.00,99999.00,99999.00,99999.00,99999.00,99999.00,99999.00,99999.00,99999.00,99999.00,99999.00,99999.00,99999.00,99999.00,99999.00,99999.00,99999.00,99999.00,99999.00,99999.00,99999.00,99999.00,99999.00,99999.00,99999.00,99999.00,99999.00,99999.00,99999.00,99999.00,99999.00,99999.00,99999.00,99999.00,99999.00,99999.00,99999.00,99999.00,99999.00,99999.00,99999.00,99999.00,99999.00,99999.00
99999.00,99999.00,99999.00,99999.00,99999.00,99999.00,99999.00,99999.00,99999.00,99999.00,99999.00,99999.00,99999.00,99999.00,99999.00,99999.00,99999.00,99999.00,99999.00,99999.00,99999.00,99999.00,99999.00,99999.00,99999.00,99999.00,1802.69,1784.12,1767.03,1750.89,1735.48,1720.68,1706.54,1693.58,1681.12,1669.16,1657.90,1647.02,1636.27,1626.06,1616.05,1606.26,1596.51,1589.20,1581.85,1574.75,1567.71,1560.84,1554.42,1550.43,1548.99,1548.63,1549.59,1552.42,1556.93,1563.14,1570.56,99999.00,99999.00,99999.00,99999.00,99999.00,99999.00,99999.00,99999.00,99999.00,99999.00,99999.00,99999.00,99999.00,99999.00,99999.00,99999.00,99999.00,99999.00,99999.00,99999.00,99999.00,99999.00,99999.00,99999.00,99999.00,99999.00,99999.00,99999.00,99999.00,99999.00,99999.00,99999.00,99999.00,99999.00,99999.00,99999.00,99999.00,99999.00,99999.00,99999.00,99999.00,99999.00,99999.00,99999.00,99999.00,99999.00,99999.00,99999.00,99999.00,99999.00,99999.00,99999.00,99999.00,99999.00,99999.00,99999.00,99999.00,99999.00,99999.00,99999.00,99999.00,99999.00,99999.00,99999.00,99999.00,99999.00,99999.00
99999.00,99999.00,99999.00,99999.00,99999.00,99999.00,99999.00,99999.00,99999.00,99999.00,99999.00,99999.00,99999.00,99999.00,99999.00,99999.00,99999.00,99999.00,99999.00,99999.00,99999.00,99999.00,99999.00,99999.00,99999.00,99999.00,1799.38,1780.57,1763.25,1747.09,1731.68,1716.88,1702.58,1688.72,1675.55,1663.43,1651.71,1640.41,1629.73,1619.37,1609.10,1599.18,1589.50,1579.83,1572.58,1565.27,1557.91,1550.61,1543.54,1537.07,1535.14,1534.21,1534.48,1536.49,1540.03,1545.48,1552.62,99999.00,99999.00,99999.00,99999.00,99999.00,99999.00,99999.00,99999.00,99999.00,99999.00,99999.00,99999.00,99999.00,99999.00,99999.00,99999.00,99999.00,99999.00,99999.00,99999.00,99999.00,99999.00,99999.00,99999.00,99999.00,99999.00,99999.00,99999.00,99999.00,99999.00,99999.00,99999.00,99999.00,99999.00,99999.00,99999.00,99999.00,99999.00,99999.00,99999.00,99999.00,99999.00,99999.00,99999.00,99999.00,99999.00,99999.00,99999.00,99999.00,99999.00,99999.00,99999.00,99999.00,99999.00,99999.00,99999.00,99999.00,99999.00,99999.00,99999.00,99999.00,99999.00,99999.00,99999.00,99999.00,99999.00,99999.00
99999.00,99999.00,99999.00,99999.00,99999.00,99999.00,99999.00,99999.00,99999.00,99999.00,99999.00,99999.00,99999.00,99999.00,99999.00,99999.00,99999.00,99999.00,99999.00,99999.00,99999.00,99999.00,99999.00,99999.00,99999.00,99999.00,1796.93,1777.87,1760.28,1743.87,1728.41,1713.56,1699.21,1685.30,1671.76,1658.56,1646.13,1634.67,1623.53,1612.75,1602.55,1592.45,1582.38,1572.78,1563.16,1555.62,1547.99,1540.32,1532.73,1525.49,1521.00,1519.50,1519.07,1520.23,1522.81,1527.12,1533.65,99999.00,99999.00,99999.00,99999.00,99999.00,99999.00,99999.00,99999.00,99999.00,99999.00,99999.00,99999.00,99999.00,99999.00,99999.00,99999.00,99999.00,99999.00,99999.00,99999.00,99999.00,99999.00,99999.00,99999.00,99999.00,99999.00,99999.00,99999.00,99999.00,99999.00,99999.00,99999.00,99999.00,99999.00,99999.00,99999.00,99999.00,99999.00,99999.00,99999.00,99999.00,99999.00,99999.00,99999.00,99999.00,99999.00,99999.00,99999.00,99999.00,99999.00,99999.00,99999.00,99999.00,99999.00,99999.00,99999.00,99999.00,99999.00,99999.00,99999.00,99999.00,99999.00,99999.00,99999.00,99999.00,99999.00,99999.00
99999.00,99999.00,99999.00,99999.00,99999.00,99999.00,99999.00,99999.00,99999.00,99999.00,99999.00,99999.00,99999.00,99999.00,99999.00,99999.00,99999.00,99999.00,99999.00,99999.00,99999.00,99999.00,99999.00,99999.00,99999.00,99999.00,1795.34,1776.02,1758.16,1741.47,1725.73,1710.79,1696.36,1682.36,1668.73,1655.43,1642.43,1629.68,1617.84,1606.90,1596.21,1585.68,1575.68,1565.74,1555.79,1545.80,1537.91,1529.92,1521.89,1513.99,1506.55,1504.47,1503.33,1503.65,1505.25,1508.40,1513.52,99999.00,99999.00,99999.00,99999.00,99999.00,99999.00,99999.00,99999.00,99999.00,99999.00,99999.00,99999.00,99999.00,99999.00,99999.00,99999.00,99999.00,99999.00,99999.00,99999.00,99999.00,99999.00,99999.00,99999.00,99999.00,99999.00,99999.00,99999.00,99999.00,99999.00,99999.00,99999.00,99999.00,99999.00,99999.00,99999.00,99999.00,99999.00,99999.00,99999.00,99999.00,99999.00,99999.00,99999.00,99999.00,99999.00,99999.00,99999.00,99999.00,99999.00,99999.00,99999.00,99999.00,99999.00,99999.00,99999.00,99999.00,99999.00,99999.00,99999.00,99999.00,99999.00,99999.00,99999.00,99999.00,99999.00,99999.00
99999.00,99999.00,99999.00,99999.00,99999.00,99999.00,99999.00,99999.00,99999.00,99999.00,99999.00,99999.00,99999.00,99999.00,99999.00,99999.00,99999.00,99999.00,99999.00,99999.00,99999.00,99999.00,99999.00,99999.00,99999.00,99999.00,1793.97,1774.62,1756.62,1739.72,1723.74,1708.53,1694.00,1679.89,1666.15,1652.73,1639.60,1626.72,1614.08,1601.71,1590.29,1579.60,1569.11,1558.73,1548.41,1538.06,1527.65,1519.35,1510.94,1502.50,1494.29,1489.11,1487.25,1486.71,1487.34,1489.33,1493.03,99999.00,99999.00,99999.00,99999.00,99999.00,99999.00,99999.00,99999.00,99999.00,99999.00,99999.00,99999.00,99999.00,99999.00,99999.00,99999.00,99999.00,99999.00,99999.00,99999.00,99999.00,99999.00,99999.00,99999.00,99999.00,99999.00,99999.00,99999.00,99999.00,99999.00,99999.00,99999.00,99999.00,99999.00,99999.00,99999.00,99999.00,99999.00,99999.00,99999.00,99999.00,99999.00,99999.00,99999.00,99999.00,99999.00,99999.00,99999.00,99999.00,99999.00,99999.00,99999.00,99999.00,99999.00,99999.00,99999.00,99999.00,99999.00,99999.00,99999.00,99999.00,99999.00,99999.00,99999.00,99999.00,99999.00,99999.00
99999.00,99999.00,99999.00,99999.00,99999.00,99999.00,99999.00,99999.00,99999.00,99999.00,99999.00,99999.00,99999.00,99999.00,99999.00,99999.00,99999.00,99999.00,99999.00,99999.00,99999.00,99999.00,99999.00,99999.00,99999.00,1813.70,1793.07,1773.84,1755.79,1738.75,1722.55,1707.09,1692.27,1678.03,1664.14,1650.57,1637.27,1624.23,1611.41,1598.76,1586.22,1574.08,1562.85,1551.90,1541.08,1530.30,1519.50,1508.60,1499.82,1490.94,1482.06,1473.49,1470.79,1469.40,1469.05,1469.89,1472.18,99999.00,99999.00,99999.00,99999.00,99999.00,99999.00,99999.00,99999.00,99999.00,99999.00,99999.00,99999.00,99999.00,99999.00,99999.00,99999.00,99999.00,99999.00,99999.00,99999.00,99999.00,99999.00,99999.00,99999.00,99999.00,99999.00,99999.00,99999.00,99999.00,99999.00,99999.00,99999.00,99999.00,99999.00,99999.00,99999.00,99999.00,99999.00,99999.00,99999.00,99999.00,99999.00,99999.00,99999.00,99999.00,99999.00,99999.00,99999.00,99999.00,99999.00,99999.00,99999.00,99999.00,99999.00,99999.00,99999.00,99999.00,99999.00,99999.00,99999.00,99999.00,99999.00,99999.00,99999.00,99999.00,99999.00,99999.00
99999.00,99999.00,99999.00,99999.00,99999.00,99999.00,99999.00,99999.00,99999.00,99999.00,99999.00,99999.00,99999.00,99999.00,99999.00,99999.00,99999.00,99999.00,99999.00,99999.00,99999.00,99999.00,99999.00,99999.00,1835.39,1814.01,1793.84,1774.78,1756.71,1739.53,1723.12,1707.39,1692.28,1677.70,1663.63,1649.85,1636.34,1623.07,1610.02,1597.13,1584.18,1571.13,1557.97,1545.57,1534.00,1522.64,1511.34,1499.99,1488.53,1479.21,1469.78,1460.43,1453.93,1451.70,1450.38,1450.08,1450.96,99999.00,99999.00,99999.00,99999.00,99999.00,99999.00,99999.00,99999.00,99999.00,99999.00,99999.00,99999.00,99999.00,99999.00,99999.00,99999.00,99999.00,99999.00,99999.00,99999.00,99999.00,99999.00,99999.00,99999.00,99999.00,99999.00,99999.00,99999.00,99999.00,99999.00,99999.00,99999.00,99999.00,99999.00,99999.00,99999.00,99999.00,99999.00,99999.00,99999.00,99999.00,99999.00,99999.00,99999.00,99999.00,99999.00,99999.00,99999.00,99999.00,99999.00,99999.00,99999.00,99999.00,99999.00,99999.00,99999.00,99999.00,99999.00,99999.00,99999.00,99999.00,99999.00,99999.00,99999.00,99999.00,99999.00,99999.00
99999.00,99999.00,99999.00,99999.00,99999.00,99999.00,99999.00,99999.00,99999.00,99999.00,99999.00,99999.00,99999.00,99999.00,99999.00,2054.03,2026.65,2000.48,1975.27,1950.84,1927.06,1903.85,1881.12,1858.86,1837.27,1816.52,1796.67,1777.72,1759.60,1742.25,1725.59,1709.56,1694.09,1679.14,1664.66,1650.61,1636.82,1623.25,1609.90,1596.55,1583.13,1569.62,1555.97,1542.17,1528.18,1515.37,1503.31,1491.38,1479.41,1467.31,1457.36,1447.33,1437.44,1433.55,1431.28,1429.86,1429.37,99999.00,99999.00,99999.00,99999.00,99999.00,99999.00,99999.00,99999.00,99999.00,99999.00,99999.00,99999.00,99999.00,99999.00,99999.00,99999.00,99999.00,99999.00,99999.00,99999.00,99999.00,99999.00,99999.00,99999.00,99999.00,99999.00,99999.00,99999.00,99999.00,99999.00,99999.00,99999.00,99999.00,99999.00,99999.00,99999.00,99999.00,99999.00,99999.00,99999.00,99999.00,99999.00,99999.00,99999.00,99999.00,99999.00,99999.00,99999.00,99999.00,99999.00,99999.00,99999.00,99999.00,99999.00,99999.00,99999.00,99999.00,99999.00,99999.00,99999.00,99999.00,99999.00,99999.00,99999.00,99999.00,99999.00,99999.00
99999.00,99999.00,99999.00,99999.00,99999.00,99999.00,99999.00,99999.00,99999.00,99999.00,99999.00,99999.00,99999.00,99999.00,99999.00,2053.45,2026.69,2001.15,1976.56,1952.76,1929.61,1907.02,1884.92,1863.26,1842.17,1821.74,1802.04,1783.11,1764.96,1747.51,1730.52,1714.11,1698.22,1682.81,1667.85,1653.29,1639.12,1625.16,1611.27,1597.38,1583.41,1569.34,1555.14,1540.77,1526.22,1511.45,1496.41,1483.02,1470.30,1457.61,1444.76,1434.08,1423.40,1415.24,1411.73,1409.23,1407.42,99999.00,99999.00,99999.00,99999.00,99999.00,99999.00,99999.00,99999.00,99999.00,99999.00,99999.00,99999.00,99999.00,99999.00,99999.00,99999.00,99999.00,99999.00,99999.00,99999.00,99999.00,99999.00,99999.00,99999.00,99999.00,99999.00,99999.00,99999.00,99999.00,99999.00,99999.00,99999.00,99999.00,99999.00,99999.00,99999.00,99999.00,99999.00,99999.00,99999.00,99999.00,99999.00,99999.00,99999.00,99999.00,99999.00,99999.00,99999.00,99999.00,99999.00,99999.00,99999.00,99999.00,99999.00,99999.00,99999.00,99999.00,99999.00,99999.00,99999.00,99999.00,99999.00,99999.00,99999.00,99999.00,99999.00,99999.00
99999.00,99999.00,99999.00,99999.00,99999.00,99999.00,99999.00,99999.00,99999.00,99999.00,99999.00,99999.00,99999.00,99999.00,99999.00,2057.27,2030.71,2005.36,1980.96,1957.35,1934.40,1912.01,1890.10,1868.63,1847.66,1827.38,1807.86,1789.05,1770.76,1753.11,1736.06,1719.57,1703.60,1688.11,1673.06,1658.30,1643.91,1629.32,1614.77,1600.21,1585.57,1570.82,1555.94,1540.90,1525.66,1510.20,1494.49,1478.48,1462.13,1447.98,1434.39,1420.70,1409.19,1397.63,1391.89,1388.28,1385.27,1382.87,99999.00,99999.00,99999.00,99999.00,99999.00,99999.00,99999.00,99999.00,99999.00,99999.00,99999.00,99999.00,99999.00,99999.00,99999.00,99999.00,99999.00,99999.00,99999.00,99999.00,99999.00,99999.00,99999.00,99999.00,99999.00,99999.00,99999.00,99999.00,99999.00,99999.00,99999.00,99999.00,99999.00,99999.00,99999.00,99999.00,99999.00,99999.00,99999.00,99999.00,99999.00,99999.00,99999.00,99999.00,99999.00,99999.00,99999.00,99999.00,99999.00,99999.00,99999.00,99999.00,99999.00,99999.00,99999.00,99999.00,99999.00,99999.00,99999.00,99999.00,99999.00,99999.00,99999.00,99999.00,99999.00,99999.00
99999.00,99999.00,99999.00,99999.00,99999.00,99999.00,99999.00,99999.00,99999.00,99999.00,99999.00,99999.00,99999.00,99999.00,99999.00,2064.44,2037.69,2012.15,1987.56,1963.75,1940.61,1918.05,1896.11,1874.79,1854.15,1834.17,1814.68,1795.84,1777.63,1760.02,1743.00,1726.51,1710.53,1694.88,1679.67,1664.31,1649.26,1634.61,1620.02,1605.47,1590.58,1574.97,1559.23,1543.32,1527.23,1510.91,1494.33,1477.47,1460.28,1442.71,1424.73,1409.60,1394.90,1382.38,1372.47,1367.06,1363.07,1359.45,99999.00,99999.00,99999.00,99999.00,99999.00,99999.00,99999.00,99999.00,99999.00,99999.00,99999.00,99999.00,99999.00,99999.00,99999.00,99999.00,99999.00,99999.00,99999.00,99999.00,99999.00,99999.00,99999.00,99999.00,99999.00,99999.00,99999.00,99999.00,99999.00,99999.00,99999.00,99999.00,99999.00,99999.00,99999.00,99999.00,99999.00,99999.00,99999.00,99999.00,99999.00,99999.00,99999.00,99999.00,99999.00,99999.00,99999.00,99999.00,99999.00,99999.00,99999.00,99999.00,99999.00,99999.00,99999.00,99999.00,99999.00,99999.00,99999.00,99999.00,99999.00,99999.00,99999.00,99999.00,99999.00,99999.00
99999.00,99999.00,99999.00,99999.00,99999.00,99999.00,99999.00,99999.00,99999.00,99999.00,99999.00,99999.00,99999.00,99999.00,99999.00,2073.37,2046.08,2020.13,1995.23,1971.21,1948.02,1925.62,1904.00,1883.04,1862.52,1842.62,1823.34,1804.68,1786.61,1769.11,1752.16,1735.59,1719.51,1703.32,1687.49,1672.11,1657.00,1642.38,1627.55,1612.16,1596.67,1581.08,1565.35,1549.46,1532.32,1514.86,1497.15,1479.16,1460.84,1442.17,1423.09,1403.55,1383.43,1367.01,1353.64,1346.26,1340.88,1336.38,1331.98,1328.10,99999.00,99999.00,99999.00,99999.00,99999.00,99999.00,99999.00,99999.00,99999.00,99999.00,99999.00,99999.00,99999.00,99999.00,99999.00,99999.00,99999.00,99999.00,99999.00,99999.00,99999.00,99999.00,99999.00,99999.00,99999.00,99999.00,99999.00,99999.00,99999.00,99999.00,99999.00,99999.00,99999.00,99999.00,99999.00,99999.00,99999.00,99999.00,99999.00,99999.00,99999.00,99999.00,99999.00,99999.00,99999.00,99999.00,99999.00,99999.00,99999.00,99999.00,99999.00,99999.00,99999.00,99999.00,99999.00,99999.00,99999.00,99999.00,99999.00,99999.00,99999.00,99999.00,99999.00,99999.00
99999.00,99999.00,99999.00,99999.00,99999.00,99999.00,99999.00,99999.00,99999.00,99999.00,99999.00,99999.00,99999.00,99999.00,99999.00,99999.00,99999.00,99999.00,99999.00,99999.00,99999.00,99999.00,99999.00,99999.00,99999.00,99999.00,99999.00,99999.00,99999.00,99999.00,99999.00,99999.00,99999.00,99999.00,99999.00,99999.00,99999.00,99999.00,99999.00,99999.00,99999.00,99999.00,99999.00,99999.00,99999.00,99999.00,99999.00,99999.00,99999.00,99999.00,99999.00,99999.00,99999.00,99999.00,1337.08,1325.77,1319.02,1313.64,1308.55,1303.87,1300.62,1299.34,1300.68,1306.10,99999.00,99999.00,99999.00,99999.00,99999.00,99999.00,99999.00,99999.00,99999.00,99999.00,99999.00,99999.00,99999.00,99999.00,99999.00,99999.00,99999.00,99999.00,99999.00,99999.00,99999.00,99999.00,99999.00,99999.00,99999.00,99999.00,99999.00,99999.00,99999.00,99999.00,99999.00,99999.00,99999.00,99999.00,99999.00,99999.00,99999.00,99999.00,99999.00,99999.00,99999.00,99999.00,99999.00,99999.00,1824.52,99999.00,99999.00,99999.00,99999.00,99999.00,99999.00,99999.00,99999.00,99999.00,99999.00,99999.00,99999.00,99999.00,99999.00,99999.00
99999.00,99999.00,99999.00,99999.00,99999.00,99999.00,99999.00,99999.00,99999.00,99999.00,99999.00,99999.00,99999.00,99999.00,99999.00,99999.00,99999.00,99999.00,99999.00,99999.00,99999.00,99999.00,99999.00,99999.00,99999.00,99999.00,99999.00,99999.00,99999.00,99999.00,99999.00,99999.00,99999.00,99999.00,99999.00,99999.00,99999.00,99999.00,99999.00,99999.00,99999.00,99999.00,99999.00,99999.00,99999.00,99999.00,99999.00,99999.00,99999.00,99999.00,99999.00,99999.00,99999.00,99999.00,99999.00,1305.61,1297.54,1291.25,1285.73,1280.57,1276.78,1274.95,1275.69,1280.22,99999.00,99999.00,99999.00,99999.00,99999.00,99999.00,99999.00,99999.00,99999.00,99999.00,99999.00,99999.00,99999.00,99999.00,99999.00,99999.00,99999.00,99999.00,99999.00,99999.00,99999.00,99999.00,99999.00,99999.00,99999.00,99999.00,99999.00,99999.00,99999.00,99999.00,99999.00,99999.00,99999.00,99999.00,99999.00,99999.00,99999.00,99999.00,99999.00,99999.00,99999.00,99999.00,99999.00,99999.00,1800.17,99999.00,99999.00,99999.00,99999.00,99999.00,99999.00,99999.00,99999.00,99999.00,99999.00,99999.00,99999.00,99999.00,99999.00,99999.00
99999.00,99999.00,99999.00,99999.00,99999.00,99999.00,99999.00,99999.00,99999.00,99999.00,99999.00,99999.00,99999.00,99999.00,99999.00,99999.00,99999.00,99999.00,99999.00,99999.00,99999.00,99999.00,99999.00,99999.00,99999.00,99999.00,99999.00,99999.00,99999.00,99999.00,99999.00,99999.00,99999.00,99999.00,99999.00,99999.00,99999.00,99999.00,99999.00,99999.00,99999.00,99999.00,99999.00,99999.00,99999.00,99999.00,99999.00,99999.00,99999.00,99999.00,99999.00,99999.00,99999.00,99999.00,99999.00,99999.00,1276.19,1269.33,1263.46,1258.04,1253.89,1251.62,1251.81,1255.46,99999.00,99999.00,99999.00,99999.00,99999.00,99999.00,99999.00,99999.00,99999.00,99999.00,99999.00,99999.00,99999.00,99999.00,99999.00,99999.00,99999.00,99999.00,99999.00,99999.00,99999.00,99999.00,99999.00,99999.00,99999.00,99999.00,99999.00,99999.00,99999.00,99999.00,99999.00,99999.00,99999.00,99999.00,99999.00,99999.00,99999.00,99999.00,99999.00,99999.00,99999.00,99999.00,99999.00,99999.00,1775.64,99999.00,99999.00,99999.00,99999.00,99999.00,99999.00,99999.00,99999.00,99999.00,99999.00,99999.00,99999.00,99999.00,99999.00,99999.00
99999.00,99999.00,99999.00,99999.00,99999.00,99999.00,99999.00,99999.00,99999.00,99999.00,99999.00,99999.00,99999.00,99999.00,99999.00,99999.00,99999.00,99999.00,99999.00,99999.00,99999.00,99999.00,99999.00,99999.00,99999.00,99999.00,99999.00,99999.00,99999.00,99999.00,99999.00,99999.00,99999.00,99999.00,99999.00,99999.00,99999.00,99999.00,99999.00,99999.00,99999.00,99999.00,99999.00,99999.00,99999.00,99999.00,99999.00,99999.00,99999.00,99999.00,99999.00,99999.00,99999.00,99999.00,99999.00,99999.00,1255.05,1247.76,1241.68,1236.17,1231.78,1229.15,1228.82,1231.60,99999.00,99999.00,99999.00,99999.00,99999.00,99999.00,99999.00,99999.00,99999.00,99999.00,99999.00,99999.00,99999.00,99999.00,99999.00,99999.00,99999.00,99999.00,99999.00,99999.00,99999.00,99999.00,99999.00,99999.00,99999.00,99999.00,99999.00,99999.00,99999.00,99999.00,99999.00,99999.00,99999.00,99999.00,99999.00,99999.00,99999.00,99999.00,99999.00,99999.00,99999.00,99999.00,99999.00,99999.00,1750.91,99999.00,99999.00,99999.00,99999.00,99999.00,99999.00,99999.00,99999.00,99999.00,99999.00,99999.00,99999.00,99999.00,99999.00,99999.00
99999.00,99999.00,99999.00,99999.00,99999.00,99999.00,99999.00,99999.00,99999.00,99999.00,99999.00,99999.00,99999.00,99999.00,99999.00,99999.00,99999.00,99999.00,99999.00,99999.00,99999.00,99999.00,99999.00,99999.00,99999.00,99999.00,99999.00,99999.00,99999.00,99999.00,99999.00,99999.00,99999.00,99999.00,99999.00,99999.00,99999.00,99999.00,99999.00,99999.00,99999.00,99999.00,99999.00,99999.00,99999.00,99999.00,99999.00,99999.00,99999.00,99999.00,99999.00,99999.00,99999.00,99999.00,99999.00,99999.00,1234.00,1226.45,1220.41,1214.91,1210.37,1207.42,1206.57,1208.49,99999.00,99999.00,99999.00,99999.00,99999.00,99999.00,99999.00,99999.00,99999.00,99999.00,99999.00,99999.00,99999.00,99999.00,99999.00,99999.00,99999.00,99999.00,99999.00,99999.00,99999.00,99999.00,99999.00,99999.00,99999.00,99999.00,99999.00,99999.00,99999.00,99999.00,99999.00,99999.00,99999.00,99999.00,99999.00,99999.00,99999.00,99999.00,99999.00,99999.00,99999.00,99999.00,99999.00,99999.00,1725.97,99999.00,99999.00,99999.00,99999.00,99999.00,99999.00,99999.00,99999.00,99999.00,99999.00,99999.00,99999.00,99999.00,99999.00,99999.00
99999.00,99999.00,99999.00,99999.00,99999.00,99999.00,99999.00,99999.00,99999.00,99999.00,99999.00,99999.00,99999.00,99999.00,99999.00,99999.00,99999.00,99999.00,99999.00,99999.00,99999.00,99999.00,99999.00,99999.00,99999.00,99999.00,99999.00,99999.00,99999.00,99999.00,99999.00,99999.00,99999.00,99999.00,99999.00,99999.00,99999.00,99999.00,99999.00,99999.00,99999.00,99999.00,99999.00,99999.00,99999.00,99999.00,99999.00,99999.00,99999.00,99999.00,99999.00,99999.00,99999.00,99999.00,99999.00,99999.00,1213.52,1205.72,1199.67,1194.23,1189.57,1186.33,1184.97,1186.03,99999.00,99999.00,99999.00,99999.00,99999.00,99999.00,99999.00,99999.00,99999.00,99999.00,99999.00,99999.00,99999.00,99999.00,99999.00,99999.00,99999.00,99999.00,99999.00,99999.00,99999.00,99999.00,99999.00,99999.00,99999.00,99999.00,99999.00,99999.00,99999.00,99999.00,99999.00,99999.00,99999.00,99999.00,99999.00,99999.00,99999.00,99999.00,99999.00,99999.00,99999.00,99999.00,99999.00,99999.00,1700.79,99999.00,99999.00,99999.00,99999.00,99999.00,99999.00,99999.00,99999.00,99999.00,99999.00,99999.00,99999.00,99999.00,99999.00,99999.00
99999.00,99999.00,99999.00,99999.00,99999.00,99999.00,99999.00,99999.00,99999.00,99999.00,99999.00,99999.00,99999.00,99999.00,99999.00,99999.00,99999.00,99999.00,99999.00,99999.00,99999.00,99999.00,99999.00,99999.00,99999.00,99999.00,99999.00,99999.00,99999.00,99999.00,99999.00,99999.00,99999.00,99999.00,99999.00,99999.00,99999.00,99999.00,99999.00,99999.00,99999.00,99999.00,99999.00,99999.00,99999.00,99999.00,99999.00,99999.00,99999.00,99999.00,99999.00,99999.00,99999.00,99999.00,99999.00,99999.00,1193.68,1185.58,1179.42,1174.08,1169.32,1165.80,1163.93,1164.11,99999.00,99999.00,99999.00,99999.00,99999.00,99999.00,99999.00,99999.00,99999.00,99999.00,99999.00,99999.00,99999.00,99999.00,99999.00,99999.00,99999.00,99999.00,99999.00,99999.00,99999.00,99999.00,99999.00,99999.00,99999.00,99999.00,99999.00,99999.00,99999.00,99999.00,99999.00,99999.00,99999.00,99999.00,99999.00,99999.00,99999.00,99999.00,99999.00,99999.00,99999.00,99999.00,99999.00,99999.00,1675.35,99999.00,99999.00,99999.00,99999.00,99999.00,99999.00,99999.00,99999.00,99999.00,99999.00,99999.00,99999.00,99999.00,99999.00,99999.00
99999.00,99999.00,99999.00,99999.00,99999.00,99999.00,99999.00,99999.00,99999.00,99999.00,99999.00,99999.00,99999.00,99999.00,99999.00,99999.00,99999.00,99999.00,99999.00,99999.00,99999.00,99999.00,99999.00,99999.00,99999.00,99999.00,99999.00,99999.00,99999.00,99999.00,99999.00,99999.00,99999.00,99999.00,99999.00,99999.00,99999.00,99999.00,99999.00,99999.00,99999.00,99999.00,99999.00,99999.00,99999.00,99999.00,99999.00,99999.00,99999.00,99999.00,99999.00,99999.00,99999.00,99999.00,99999.00,99999.00,1174.46,1165.99,1159.68,1154.38,1149.55,1145.75,1143.37,1142.64,99999.00,99999.00,99999.00,99999.00,99999.00,99999.00,99999.00,99999.00,99999.00,99999.00,99999.00,99999.00,99999.00,99999.00,99999.00,99999.00,99999.00,99999.00,99999.00,99999.00,99999.00,99999.00,99999.00,99999.00,99999.00,99999.00,99999.00,99999.00,99999.00,99999.00,99999.00,99999.00,99999.00,99999.00,99999.00,99999.00,99999.00,99999.00,99999.00,99999.00,99999.00,99999.00,99999.00,99999.00,1649.62,99999.00,99999.00,99999.00,99999.00,99999.00,99999.00,99999.00,99999.00,99999.00,99999.00,99999.00,99999.00,99999.00,99999.00,99999.00
99999.00,99999.00,99999.00,99999.00,99999.00,99999.00,99999.00,99999.00,99999.00,99999.00,99999.00,99999.00,99999.00,99999.00,99999.00,99999.00,99999.00,99999.00,99999.00,99999.00,99999.00,99999.00,99999.00,99999.00,99999.00,99999.00,99999.00,99999.00,99999.00,99999.00,99999.00,99999.00,99999.00,99999.00,99999.00,99999.00,99999.00,99999.00,99999.00,99999.00,99999.00,99999.00,99999.00,99999.00,99999.00,99999.00,99999.00,99999.00,99999.00,99999.00,99999.00,99999.00,99999.00,99999.00,99999.00,99999.00,1155.79,1146.98,1140.43,1135.09,1130.20,1126.14,1123.25,1121.60,99999.00,99999.00,99999.00,99999.00,99999.00,99999.00,99999.00,99999.00,99999.00,99999.00,99999.00,99999.00,99999.00,99999.00,99999.00,99999.00,99999.00,99999.00,99999.00,99999.00,99999.00,99999.00,99999.00,99999.00,99999.00,99999.00,99999.00,99999.00,99999.00,99999.00,99999.00,99999.00,99999.00,99999.00,99999.00,99999.00,99999.00,99999.00,99999.00,99999.00,99999.00,99999.00,99999.00,99999.00,1628.35,99999.00,99999.00,99999.00,99999.00,99999.00,99999.00,99999.00,99999.00,99999.00,99999.00,99999.00,99999.00,99999.00,99999.00,99999.00
99999.00,99999.00,99999.00,99999.00,99999.00,99999.00,99999.00,99999.00,99999.00,99999.00,99999.00,99999.00,99999.00,99999.00,99999.00,99999.00,99999.00,99999.00,99999.00,99999.00,99999.00,99999.00,99999.00,99999.00,99999.00,99999.00,99999.00,99999.00,99999.00,99999.00,99999.00,99999.00,99999.00,99999.00,99999.00,99999.00,99999.00,99999.00,99999.00,99999.00,99999.00,99999.00,99999.00,99999.00,99999.00,99999.00,99999.00,99999.00,99999.00,99999.00,99999.00,99999.00,99999.00,99999.00,99999.00,99999.00,1137.65,1128.51,1121.66,1116.23,1111.31,1107.03,1103.66,1101.20,1100.39,99999.00,99999.00,99999.00,99999.00,99999.00,99999.00,99999.00,99999.00,99999.00,99999.00,99999.00,99999.00,99999.00,99999.00,99999.00,99999.00,99999.00,99999.00,99999.00,99999.00,99999.00,99999.00,99999.00,99999.00,99999.00,99999.00,99999.00,99999.00,99999.00,99999.00,99999.00,99999.00,99999.00,99999.00,99999.00,99999.00,99999.00,99999.00,99999.00,99999.00,99999.00,99999.00,1591.44,1612.93,99999.00,99999.00,99999.00,99999.00,99999.00,99999.00,99999.00,99999.00,99999.00,99999.00,99999.00,99999.00,99999.00,99999.00,99999.00
99999.00,99999.00,99999.00,99999.00,99999.00,99999.00,99999.00,99999.00,99999.00,99999.00,99999.00,99999.00,99999.00,99999.00,99999.00,99999.00,99999.00,99999.00,99999.00,99999.00,99999.00,99999.00,99999.00,99999.00,99999.00,99999.00,99999.00,99999.00,99999.00,99999.00,99999.00,99999.00,99999.00,99999.00,99999.00,99999.00,99999.00,99999.00,99999.00,99999.00,99999.00,99999.00,99999.00,99999.00,99999.00,99999.00,99999.00,99999.00,99999.00,99999.00,99999.00,99999.00,99999.00,99999.00,99999.00,99999.00,1120.04,1110.60,1103.46,1097.86,1092.92,1088.49,1084.70,1081.61,1079.91,1079.38,99999.00,99999.00,99999.00,99999.00,99999.00,99999.00,99999.00,99999.00,99999.00,99999.00,99999.00,99999.00,99999.00,99999.00,99999.00,99999.00,99999.00,99999.00,99999.00,99999.00,99999.00,99999.00,99999.00,99999.00,99999.00,99999.00,99999.00,99999.00,99999.00,99999.00,99999.00,99999.00,99999.00,99999.00,99999.00,99999.00,99999.00,99999.00,99999.00,99999.00,1554.73,1579.13,1604.57,99999.00,99999.00,99999.00,99999.00,99999.00,99999.00,99999.00,99999.00,99999.00,99999.00,99999.00,99999.00,99999.00,99999.00,99999.00
99999.00,99999.00,99999.00,99999.00,99999.00,99999.00,99999.00,99999.00,99999.00,99999.00,99999.00,99999.00,99999.00,99999.00,99999.00,99999.00,99999.00,99999.00,99999.00,99999.00,99999.00,99999.00,99999.00,99999.00,99999.00,99999.00,99999.00,99999.00,99999.00,99999.00,99999.00,99999.00,99999.00,99999.00,99999.00,99999.00,99999.00,99999.00,99999.00,99999.00,99999.00,99999.00,99999.00,99999.00,99999.00,99999.00,99999.00,99999.00,99999.00,99999.00,99999.00,99999.00,99999.00,99999.00,99999.00,99999.00,1102.93,1093.22,1085.83,1080.00,1075.05,1070.52,1066.44,1062.89,1060.59,1059.37,1058.90,1058.77,1058.58,1059.05,1060.28,1062.24,1064.94,1068.34,1072.23,1076.55,1081.24,1086.23,1091.47,1096.98,1102.78,1108.94,1115.66,1123.40,1133.21,1144.27,1155.77,1167.87,1180.80,1194.77,1210.12,1227.14,1244.17,1261.32,1279.08,1296.88,1317.65,1338.47,1359.92,1381.84,1404.12,1426.79,1449.92,1473.55,1497.69,1521.95,1546.57,1571.84,1597.81,99999.00,99999.00,99999.00,99999.00,99999.00,99999.00,99999.00,99999.00,99999.00,99999.00,99999.00,99999.00,99999.00,99999.00,99999.00
99999.00,99999.00,99999.00,99999.00,99999.00,99999.00,99999.00,99999.00,99999.00,99999.00,99999.00,99999.00,99999.00,99999.00,99999.00,99999.00,99999.00,99999.00,99999.00,99999.00,99999.00,99999.00,99999.00,99999.00,99999.00,99999.00,99999.00,99999.00,99999.00,99999.00,99999.00,99999.00,99999.00,99999.00,99999.00,99999.00,99999.00,99999.00,99999.00,99999.00,99999.00,99999.00,99999.00,99999.00,99999.00,99999.00,99999.00,99999.00,99999.00,99999.00,99999.00,99999.00,99999.00,99999.00,99999.00,99999.00,1086.33,1076.37,1068.76,1062.73,1057.71,1053.15,1048.88,1045.04,1042.36,1040.73,1039.92,1039.61,1039.48,1040.03,1041.30,1043.29,1046.00,1049.38,1053.24,1057.51,1062.13,1067.02,1072.15,1077.52,1083.17,1089.15,1095.94,1104.39,1114.75,1125.89,1137.67,1150.37,1164.22,1179.55,1196.57,1213.60,1230.75,1248.55,1269.32,1290.11,1310.92,1332.14,1353.65,1375.47,1397.64,1420.19,1443.16,1466.62,1490.62,1515.09,1540.01,1565.48,1591.70,99999.00,99999.00,99999.00,99999.00,99999.00,99999.00,99999.00,99999.00,99999.00,99999.00,99999.00,99999.00,99999.00,99999.00,99999.00
99999.00,99999.00,99999.00,99999.00,99999.00,99999.00,99999.00,99999.00,99999.00,99999.00,99999.00,99999.00,99999.00,99999.00,99999.00,99999.00,99999.00,99999.00,99999.00,99999.00,99999.00,99999.00,99999.00,99999.00,99999.00,99999.00,99999.00,99999.00,99999.00,99999.00,99999.00,99999.00,99999.00,99999.00,99999.00,99999.00,99999.00,99999.00,99999.00,99999.00,99999.00,99999.00,99999.00,99999.00,99999.00,99999.00,99999.00,99999.00,99999.00,99999.00,99999.00,99999.00,99999.00,99999.00,99999.00,99999.00,1070.22,1060.04,1052.24,1046.04,1040.90,1036.37,1032.01,1027.99,1025.10,1023.24,1022.26,1021.89,1021.83,1022.45,1023.77,1025.78,1028.49,1031.84,1035.66,1039.86,1044.39,1049.17,1054.16,1059.37,1064.83,1070.89,1077.99,1087.16,1097.79,1109.09,1121.37,1134.90,1150.06,1167.05,1184.09,1201.83,1222.55,1243.29,1264.06,1284.85,1305.90,1327.21,1348.81,1370.72,1392.98,1415.62,1438.69,1462.24,1486.34,1510.97,1536.16,1562.00,1588.72,99999.00,99999.00,99999.00,99999.00,99999.00,99999.00,99999.00,99999.00,99999.00,99999.00,99999.00,99999.00,99999.00,99999.00,99999.00
99999.00,99999.00,99999.00,99999.00,99999.00,99999.00,99999.00,99999.00,99999.00,99999.00,99999.00,99999.00,99999.00,99999.00,99999.00,99999.00,99999.00,99999.00,99999.00,99999.00,99999.00,99999.00,99999.00,99999.00,99999.00,99999.00,99999.00,99999.00,99999.00,99999.00,99999.00,99999.00,99999.00,99999.00,99999.00,99999.00,99999.00,99999.00,99999.00,99999.00,99999.00,99999.00,99999.00,99999.00,99999.00,99999.00,99999.00,99999.00,99999.00,99999.00,99999.00,99999.00,99999.00,99999.00,99999.00,99999.00,1054.40,1044.22,1036.24,1029.91,1024.68,1020.15,1015.78,1011.69,1008.69,1006.73,1005.67,1005.30,1005.32,1005.99,1007.35,1009.38,1012.08,1015.41,1019.17,1023.30,1027.72,1032.38,1037.21,1042.24,1047.69,1053.86,1061.54,1071.23,1081.89,1093.53,1106.47,1121.16,1137.90,1155.58,1176.59,1197.63,1218.71,1239.82,1260.95,1282.33,1303.95,1325.85,1348.04,1370.54,1393.39,1416.62,1440.27,1464.41,1489.10,1514.36,1540.24,1566.86,1594.42,99999.00,99999.00,99999.00,99999.00,99999.00,99999.00,99999.00,99999.00,99999.00,99999.00,99999.00,99999.00,99999.00,99999.00,99999.00
99999.00,99999.00,99999.00,99999.00,99999.00,99999.00,99999.00,99999.00,99999.00,99999.00,99999.00,99999.00,99999.00,99999.00,99999.00,99999.00,99999.00,99999.00,99999.00,99999.00,99999.00,99999.00,99999.00,99999.00,99999.00,99999.00,99999.00,99999.00,99999.00,99999.00,99999.00,99999.00,99999.00,99999.00,99999.00,99999.00,99999.00,99999.00,99999.00,99999.00,99999.00,99999.00,99999.00,99999.00,99999.00,99999.00,99999.00,99999.00,99999.00,99999.00,99999.00,99999.00,99999.00,99999.00,99999.00,99999.00,1038.99,1028.87,1020.75,1014.31,1009.02,1004.47,1000.15, 996.07, 993.04, 991.04, 989.97, 989.63, 989.73, 990.46, 991.86, 993.90, 996.58, 999.88,1003.58,1007.61,1011.92,1016.43,1021.09,1026.02,1031.51,1037.87,1046.13,1056.04,1066.86,1078.92,1092.77,1108.76,99999.00,99999.00,99999.00,99999.00,99999.00,99999.00,99999.00,99999.00,99999.00,99999.00,99999.00,99999.00,99999.00,99999.00,99999.00,99999.00,99999.00,99999.00,99999.00,99999.00,99999.00,99999.00,99999.00,99999.00,99999.00,99999.00,99999.00,99999.00,99999.00,99999.00,99999.00,99999.00,99999.00,99999.00,99999.00,99999.00
99999.00,99999.00,99999.00,99999.00,99999.00,99999.00,99999.00,99999.00,99999.00,99999.00,99999.00,99999.00,99999.00,99999.00,99999.00,99999.00,99999.00,99999.00,99999.00,99999.00,99999.00,99999.00,99999.00,99999.00,99999.00,99999.00,99999.00,99999.00,99999.00,99999.00,99999.00,99999.00,99999.00,99999.00,99999.00,99999.00,99999.00,99999.00,99999.00,99999.00,99999.00,99999.00,99999.00,99999.00,99999.00,99999.00,99999.00,99999.00,99999.00,99999.00,99999.00,99999.00,99999.00,99999.00,99999.00,99999.00,1023.89,1013.80,1005.74, 999.22, 993.89, 989.33, 985.09, 981.06, 978.05, 976.07, 975.03, 974.74, 974.91, 975.71, 977.14, 979.18, 981.85, 985.10, 988.73, 992.67, 996.86,1001.21,1005.72,1010.61,1016.11,1022.93,1031.60,1041.50,1052.52,1065.16,1079.82,99999.00,99999.00,99999.00,99999.00,99999.00,99999.00,99999.00,99999.00,99999.00,99999.00,99999.00,99999.00,99999.00,99999.00,99999.00,99999.00,99999.00,99999.00,99999.00,99999.00,99999.00,99999.00,99999.00,99999.00,99999.00,99999.00,99999.00,99999.00,99999.00,99999.00,99999.00,99999.00,99999.00,99999.00,99999.00,99999.00,99999.00
99999.00,99999.00,99999.00,99999.00,99999.00,99999.00,99999.00,99999.00,99999.00,99999.00,99999.00,99999.00,99999.00,99999.00,99999.00,99999.00,99999.00,99999.00,99999.00,99999.00,99999.00,99999.00,99999.00,99999.00,99999.00,99999.00,99999.00,99999.00,99999.00,99999.00,99999.00,99999.00,99999.00,99999.00,99999.00,99999.00,99999.00,99999.00,99999.00,99999.00,99999.00,99999.00,99999.00,99999.00,99999.00,99999.00,99999.00,99999.00,99999.00,99999.00,99999.00,99999.00,99999.00,99999.00,99999.00,99999.00,1009.19, 999.13, 991.20, 984.60, 979.25, 974.70, 970.53, 966.60, 963.66, 961.74, 960.75, 960.53, 960.77, 961.63, 963.08, 965.13, 967.78, 970.98, 974.54, 978.37, 982.42, 986.61, 991.01, 995.87,1001.48,1008.74,1017.62,1027.55,1038.83,1051.82,99999.00,99999.00,99999.00,99999.00,99999.00,99999.00,99999.00,99999.00,99999.00,99999.00,99999.00,99999.00,99999.00,99999.00,99999.00,99999.00,99999.00,99999.00,99999.00,99999.00,99999.00,99999.00,99999.00,99999.00,99999.00,99999.00,99999.00,99999.00,99999.00,99999.00,99999.00,99999.00,99999.00,99999.00,99999.00,99999.00,99999.00,99999.00
99999.00,99999.00,99999.00,99999.00,99999.00,99999.00,99999.00,99999.00,99999.00,99999.00,99999.00,99999.00,99999.00,99999.00,99999.00,99999.00,99999.00,99999.00,99999.00,99999.00,99999.00,99999.00,99999.00,99999.00,99999.00,99999.00,99999.00,99999.00,99999.00,99999.00,99999.00,99999.00,99999.00,99999.00,99999.00,99999.00,99999.00,99999.00,99999.00,99999.00,99999.00,99999.00,99999.00,99999.00,99999.00,99999.00,99999.00,99999.00,99999.00,99999.00,99999.00,99999.00,99999.00,99999.00,99999.00,99999.00, 994.89, 984.87, 976.91, 970.44, 965.07, 960.54, 956.45, 952.65, 949.81, 947.97, 947.05, 946.90, 947.23, 948.13, 949.62, 951.67, 954.29, 957.44, 960.92, 964.64, 968.55, 972.59, 976.92, 981.73, 987.71, 995.26,1004.20,1014.17,1025.53,1038.68,99999.00,99999.00,99999.00,99999.00,99999.00,99999.00,99999.00,99999.00,99999.00,99999.00,99999.00,99999.00,99999.00,99999.00,99999.00,99999.00,99999.00,99999.00,99999.00,99999.00,99999.00,99999.00,99999.00,99999.00,99999.00,99999.00,99999.00,99999.00,99999.00,99999.00,99999.00,99999.00,99999.00,99999.00,99999.00,99999.00,99999.00,99999.00
99999.00,99999.00,99999.00,99999.00,99999.00,99999.00,99999.00,99999.00,99999.00,99999.00,99999.00,99999.00,99999.00,99999.00,99999.00,99999.00,99999.00,99999.00,99999.00,99999.00,99999.00,99999.00,99999.00,99999.00,99999.00,99999.00,99999.00,99999.00,99999.00,99999.00,99999.00,99999.00,99999.00,99999.00,99999.00,99999.00,99999.00,99999.00,99999.00,99999.00,99999.00,99999.00,99999.00,99999.00,99999.00,99999.00,99999.00,99999.00,99999.00,99999.00,99999.00,99999.00,99999.00,99999.00,99999.00,99999.00, 980.88, 971.00, 962.99, 956.70, 951.33, 946.82, 942.82, 939.17, 936.45, 934.70, 933.87, 933.81, 934.21, 935.17, 936.68, 938.73, 941.33, 944.42, 947.82, 951.44, 955.20, 959.11, 963.36, 968.24, 974.60, 982.45, 991.31,1001.27,1012.63,1025.80,99999.00,99999.00,99999.00,99999.00,99999.00,99999.00,99999.00,99999.00,99999.00,99999.00,99999.00,99999.00,99999.00,99999.00,99999.00,99999.00,99999.00,99999.00,99999.00,99999.00,99999.00,99999.00,99999.00,99999.00,99999.00,99999.00,99999.00,99999.00,99999.00,99999.00,99999.00,99999.00,99999.00,99999.00,99999.00,99999.00,99999.00,99999.00
99999.00,99999.00,99999.00,99999.00,99999.00,99999.00,99999.00,99999.00,99999.00,99999.00,99999.00,99999.00,99999.00,99999.00,99999.00,99999.00,99999.00,99999.00,99999.00,99999.00,99999.00,99999.00,99999.00,99999.00,99999.00,99999.00,99999.00,99999.00,99999.00,99999.00,99999.00,99999.00,99999.00,99999.00,99999.00,99999.00,99999.00,99999.00,99999.00,99999.00,99999.00,99999.00,99999.00,99999.00,99999.00,99999.00,99999.00,99999.00,99999.00,99999.00,99999.00,99999.00,99999.00,99999.00,99999.00,99999.00, 967.01, 957.39, 949.44, 943.17, 937.98, 933.52, 929.59, 926.12, 923.54, 921.90, 921.17, 921.20, 921.67, 922.69, 924.22, 926.27, 928.84, 931.89, 935.20, 938.71, 942.33, 946.15, 950.34, 955.56, 962.18, 970.13, 978.97, 988.92,1000.26,1013.49,99999.00,99999.00,99999.00,99999.00,99999.00,99999.00,99999.00,99999.00,99999.00,99999.00,99999.00,99999.00,99999.00,99999.00,99999.00,99999.00,99999.00,99999.00,99999.00,99999.00,99999.00,99999.00,99999.00,99999.00,99999.00,99999.00,99999.00,99999.00,99999.00,99999.00,99999.00,99999.00,99999.00,99999.00,99999.00,99999.00,99999.00,99999.00
99999.00,99999.00,99999.00,99999.00,99999.00,99999.00,99999.00,99999.00,99999.00,99999.00,99999.00,99999.00,99999.00,99999.00,99999.00,99999.00,99999.00,99999.00,99999.00,99999.00,99999.00,99999.00,99999.00,99999.00,99999.00,99999.00,99999.00,99999.00,99999.00,99999.00,99999.00,99999.00,99999.00,99999.00,99999.00,99999.00,99999.00,99999.00,99999.00,99999.00,99999.00,99999.00,99999.00,99999.00,99999.00,99999.00,99999.00,99999.00,99999.00,99999.00,99999.00,99999.00,99999.00,99999.00,99999.00,99999.00, 953.47, 943.91, 936.25, 929.98, 925.02, 920.59, 916.74, 913.46, 911.03, 909.53, 908.90, 909.01, 909.57, 910.64, 912.20, 914.25, 916.79, 919.78, 923.02, 926.41, 929.91, 933.66, 937.91, 943.51, 950.37, 958.31, 967.13, 977.06, 988.45,1001.68,99999.00,99999.00,99999.00,99999.00,99999.00,99999.00,99999.00,99999.00,99999.00,99999.00,99999.00,99999.00,99999.00,99999.00,99999.00,99999.00,99999.00,99999.00,99999.00,99999.00,99999.00,99999.00,99999.00,99999.00,99999.00,99999.00,99999.00,99999.00,99999.00,99999.00,99999.00,99999.00,99999.00,99999.00,99999.00,99999.00,99999.00,99999.00
99999.00,99999.00,99999.00,99999.00,99999.00,99999.00,99999.00,99999.00,99999.00,99999.00,99999.00,99999.00,99999.00,99999.00,99999.00,99999.00,99999.00,99999.00,99999.00,99999.00,99999.00,99999.00,99999.00,99999.00,99999.00,99999.00,99999.00,99999.00,99999.00,99999.00,99999.00,99999.00,99999.00,99999.00,99999.00,99999.00,99999.00,99999.00,99999.00,99999.00,99999.00,99999.00,99999.00,99999.00,99999.00,99999.00,99999.00,99999.00,99999.00,99999.00,99999.00,99999.00,99999.00,99999.00,99999.00,99999.00, 940.25, 930.74, 923.30, 917.13, 912.22, 908.02, 904.25, 901.17, 898.91, 897.53, 897.02, 897.23, 897.86, 898.98, 900.57, 902.62, 905.14, 908.07, 911.23, 914.51, 917.92, 921.60, 926.20, 932.00, 939.02, 946.94, 955.72, 965.70, 977.09, 990.38,99999.00,99999.00,99999.00,99999.00,99999.00,99999.00,99999.00,99999.00,99999.00,99999.00,99999.00,99999.00,99999.00,99999.00,99999.00,99999.00,99999.00,99999.00,99999.00,99999.00,99999.00,99999.00,99999.00,99999.00,99999.00,99999.00,99999.00,99999.00,99999.00,99999.00,99999.00,99999.00,99999.00,99999.00,99999.00,99999.00,99999.00,99999.00
99999.00,99999.00,99999.00,99999.00,99999.00,99999.00,99999.00,99999.00,99999.00,99999.00,99999.00,99999.00,99999.00,99999.00,99999.00,99999.00,99999.00,99999.00,99999.00,99999.00,99999.00,99999.00,99999.00,99999.00,99999.00,99999.00,99999.00,99999.00,99999.00,99999.00,99999.00,99999.00,99999.00,99999.00,99999.00,99999.00,99999.00,99999.00,99999.00,99999.00,99999.00,99999.00,99999.00,99999.00,99999.00,99999.00,99999.00,99999.00,99999.00,99999.00,99999.00,99999.00,99999.00,99999.00,99999.00,99999.00, 927.13, 917.88, 910.43, 904.59, 899.72, 895.78, 892.08, 889.22, 887.12, 885.89, 885.49, 885.80, 886.52, 887.69, 889.30, 891.35, 893.85, 896.73, 899.80, 902.98, 906.31, 910.06, 914.99, 920.94, 928.06, 935.95, 944.78, 954.74, 966.18, 979.40,99999.00,99999.00,99999.00,99999.00,99999.00,99999.00,99999.00,99999.00,99999.00,99999.00,99999.00,99999.00,99999.00,99999.00,99999.00,99999.00,99999.00,99999.00,99999.00,99999.00,99999.00,99999.00,99999.00,99999.00,99999.00,99999.00,99999.00,99999.00,99999.00,99999.00,99999.00,99999.00,99999.00,99999.00,99999.00,99999.00,99999.00,99999.00
99999.00,99999.00,99999.00,99999.00,99999.00,99999.00,99999.00,99999.00,99999.00,99999.00,99999.00,99999.00,99999.00,99999.00,99999.00,99999.00,99999.00,99999.00,99999.00,99999.00,99999.00,99999.00,99999.00,99999.00,99999.00,99999.00,99999.00,99999.00,99999.00,99999.00,99999.00,99999.00,99999.00,99999.00,99999.00,99999.00,99999.00,99999.00,99999.00,99999.00,99999.00,99999.00,99999.00,99999.00,99999.00,99999.00,99999.00,99999.00,99999.00,99999.00,99999.00,99999.00,99999.00,99999.00,99999.00,99999.00, 914.03, 905.10, 897.86, 892.26, 887.52, 883.66, 880.21, 877.57, 875.66, 874.58, 874.30, 874.71, 875.50, 876.73, 878.37, 880.42, 882.89, 885.72, 888.71, 891.79, 895.07, 899.14, 904.17, 910.27, 917.46, 925.38, 934.18, 944.19, 955.55, 969.87,99999.00,99999.00,99999.00,99999.00,99999.00,99999.00,99999.00,99999.00,99999.00,99999.00,99999.00,99999.00,99999.00,99999.00,99999.00,99999.00,99999.00,99999.00,99999.00,99999.00,99999.00,99999.00,99999.00,99999.00,99999.00,99999.00,99999.00,99999.00,99999.00,99999.00,99999.00,99999.00,99999.00,99999.00,99999.00,99999.00,99999.00,99999.00
99999.00,99999.00,99999.00,99999.00,99999.00,99999.00,99999.00,99999.00,99999.00,99999.00,99999.00,99999.00,99999.00,99999.00,99999.00,99999.00,99999.00,99999.00,99999.00,99999.00,99999.00,99999.00,99999.00,99999.00,99999.00,99999.00,99999.00,99999.00,99999.00,99999.00,99999.00,99999.00,99999.00,99999.00,99999.00,99999.00,99999.00,99999.00,99999.00,99999.00,99999.00,99999.00,99999.00,99999.00,99999.00,99999.00,99999.00,99999.00,99999.00,99999.00,99999.00,99999.00,99999.00,99999.00,99999.00,99999.00, 900.72, 892.32, 885.56, 879.99, 875.60, 871.80, 868.64, 866.23, 864.50, 863.57, 863.41, 863.92, 864.80, 866.08, 867.75, 869.79, 872.23, 875.01, 877.92, 880.93, 884.27, 888.56, 893.73, 900.02, 907.24, 915.13, 923.97, 933.89, 946.18, 960.47,99999.00,99999.00,99999.00,99999.00,99999.00,99999.00,99999.00,99999.00,99999.00,99999.00,99999.00,99999.00,99999.00,99999.00,99999.00,99999.00,99999.00,99999.00,99999.00,99999.00,99999.00,99999.00,99999.00,99999.00,99999.00,99999.00,99999.00,99999.00,99999.00,99999.00,99999.00,99999.00,99999.00,99999.00,99999.00,99999.00,99999.00,99999.00
99999.00,99999.00,99999.00,99999.00,99999.00,99999.00,99999.00,99999.00,99999.00,99999.00,99999.00,99999.00,99999.00,99999.00,99999.00,99999.00,99999.00,99999.00,99999.00,99999.00,99999.00,99999.00,99999.00,99999.00,99999.00,99999.00,99999.00,99999.00,99999.00,99999.00,99999.00,99999.00,99999.00,99999.00,99999.00,99999.00,99999.00,99999.00,99999.00,99999.00,99999.00,99999.00,99999.00,99999.00,99999.00,99999.00,99999.00,99999.00,99999.00,99999.00,99999.00,99999.00,99999.00,99999.00,99999.00,99999.00, 887.55, 879.82, 873.32, 867.97, 863.85, 860.20, 857.33, 855.15, 853.62, 852.84, 852.81, 853.43, 854.38, 855.71, 857.41, 859.46, 861.87, 864.59, 867.42, 870.37, 873.95, 878.32, 883.63, 890.12, 897.30, 905.23, 913.97, 924.66, 936.92, 951.17,99999.00,99999.00,99999.00,99999.00,99999.00,99999.00,99999.00,99999.00,99999.00,99999.00,99999.00,99999.00,99999.00,99999.00,99999.00,99999.00,99999.00,99999.00,99999.00,99999.00,99999.00,99999.00,99999.00,99999.00,99999.00,99999.00,99999.00,99999.00,99999.00,99999.00,99999.00,99999.00,99999.00,99999.00,99999.00,99999.00,99999.00,99999.00
99999.00,99999.00,99999.00,99999.00,99999.00,99999.00,99999.00,99999.00,99999.00,99999.00,99999.00,99999.00,99999.00,99999.00,99999.00,99999.00,99999.00,99999.00,99999.00,99999.00,99999.00,99999.00,99999.00,99999.00,99999.00,99999.00,99999.00,99999.00,99999.00,99999.00,99999.00,99999.00,99999.00,99999.00,99999.00,99999.00,99999.00,99999.00,99999.00,99999.00,99999.00,99999.00,99999.00,99999.00,99999.00,99999.00,99999.00,99999.00,99999.00,99999.00,99999.00,99999.00,99999.00,99999.00,99999.00,99999.00, 873.77, 866.89, 861.06, 856.20, 852.13, 848.85, 846.27, 844.34, 843.00, 842.38, 842.48, 843.20, 844.23, 845.62, 847.34, 849.39, 851.77, 854.44, 857.20, 860.19, 863.91, 868.41, 873.90, 880.48, 887.69, 895.51, 904.87, 915.52, 927.72, 941.74,99999.00,99999.00,99999.00,99999.00,99999.00,99999.00,99999.00,99999.00,99999.00,99999.00,99999.00,99999.00,99999.00,99999.00,99999.00,99999.00,99999.00,99999.00,99999.00,99999.00,99999.00,99999.00,99999.00,99999.00,99999.00,99999.00,99999.00,99999.00,99999.00,99999.00,99999.00,99999.00,99999.00,99999.00,99999.00,99999.00,99999.00,99999.00
99999.00,99999.00,99999.00,99999.00,99999.00,99999.00,99999.00,99999.00,99999.00,99999.00,99999.00,99999.00,99999.00,99999.00,99999.00,99999.00,99999.00,99999.00,99999.00,99999.00,99999.00,99999.00,99999.00,99999.00,99999.00,99999.00,99999.00,99999.00,99999.00,99999.00,99999.00,99999.00,99999.00,99999.00,99999.00,99999.00,99999.00,99999.00,99999.00,99999.00,99999.00,99999.00,99999.00,99999.00,99999.00,99999.00,99999.00,99999.00,99999.00,99999.00,99999.00,99999.00,99999.00,99999.00,99999.00,99999.00, 860.22, 854.20, 849.04, 844.47, 840.63, 837.72, 835.45, 833.76, 832.62, 832.17, 832.40, 833.22, 834.33, 835.77, 837.52, 839.57, 841.93, 844.55, 847.25, 850.38, 854.16, 858.79, 864.54, 871.14, 878.23, 886.53, 895.84, 906.42, 918.39, 932.12,99999.00,99999.00,99999.00,99999.00,99999.00,99999.00,99999.00,99999.00,99999.00,99999.00,99999.00,99999.00,99999.00,99999.00,99999.00,99999.00,99999.00,99999.00,99999.00,99999.00,99999.00,99999.00,99999.00,99999.00,99999.00,99999.00,99999.00,99999.00,99999.00,99999.00,99999.00,99999.00,99999.00,99999.00,99999.00,99999.00,99999.00,99999.00
99999.00,99999.00,99999.00,99999.00,99999.00,99999.00,99999.00,99999.00,99999.00,99999.00,99999.00,99999.00,99999.00,99999.00,99999.00,99999.00,99999.00,99999.00,99999.00,99999.00,99999.00,99999.00,99999.00,99999.00,99999.00,99999.00,99999.00,99999.00,99999.00,99999.00,99999.00,99999.00,99999.00,99999.00,99999.00,99999.00,99999.00,99999.00,99999.00,99999.00,99999.00,99999.00,99999.00,99999.00,99999.00,99999.00,99999.00,99999.00,99999.00,99999.00,99999.00,99999.00,99999.00,99999.00,99999.00,99999.00, 845.74, 840.86, 836.58, 832.69, 829.36, 826.83, 824.86, 823.42, 822.48, 822.19, 822.55, 823.48, 824.67, 826.16, 827.94, 829.98, 832.32, 834.89, 837.57, 840.80, 844.71, 849.51, 855.46, 861.94, 869.37, 877.60, 886.84, 897.18, 908.85, 922.23,99999.00,99999.00,99999.00,99999.00,99999.00,99999.00,99999.00,99999.00,99999.00,99999.00,99999.00,99999.00,99999.00,99999.00,99999.00,99999.00,99999.00,99999.00,99999.00,99999.00,99999.00,99999.00,99999.00,99999.00,99999.00,99999.00,99999.00,99999.00,99999.00,99999.00,99999.00,99999.00,99999.00,99999.00,99999.00,99999.00,99999.00,99999.00
99999.00,99999.00,99999.00,99999.00,99999.00,99999.00,99999.00,99999.00,99999.00,99999.00,99999.00,99999.00,99999.00,99999.00,99999.00,99999.00,99999.00,99999.00,99999.00,99999.00,99999.00,99999.00,99999.00,99999.00,99999.00,99999.00,99999.00,99999.00,99999.00,99999.00,99999.00,99999.00,99999.00,99999.00,99999.00,99999.00,99999.00,99999.00,99999.00,99999.00,99999.00,99999.00,99999.00,99999.00,99999.00,99999.00,99999.00,99999.00,99999.00,99999.00,99999.00,99999.00,99999.00,99999.00,99999.00, 835.98, 831.74, 827.90, 824.43, 821.19, 818.36, 816.19, 814.52, 813.32, 812.58, 812.45, 812.94, 813.97, 815.25, 816.79, 818.59, 820.63, 822.94, 825.46, 828.21, 831.49, 835.52, 840.57, 846.52, 853.20, 860.56, 868.72, 877.70, 887.75, 899.08, 911.81,99999.00,99999.00,99999.00,99999.00,99999.00,99999.00,99999.00,99999.00,99999.00,99999.00,99999.00,99999.00,99999.00,99999.00,99999.00,99999.00,99999.00,99999.00,99999.00,99999.00,99999.00,99999.00,99999.00,99999.00,99999.00,99999.00,99999.00,99999.00,99999.00,99999.00,99999.00,99999.00,99999.00,99999.00,99999.00,99999.00,99999.00,99999.00
99999.00,99999.00,99999.00,99999.00,99999.00,99999.00,99999.00,99999.00,99999.00,99999.00,99999.00,99999.00,99999.00,99999.00,99999.00,99999.00,99999.00,99999.00,99999.00,99999.00,99999.00,99999.00,99999.00,99999.00,99999.00,99999.00,99999.00,99999.00,99999.00,99999.00,99999.00,99999.00,99999.00,99999.00,99999.00,99999.00,99999.00,99999.00,99999.00,99999.00,99999.00,99999.00,99999.00,99999.00,99999.00,99999.00,99999.00,99999.00,99999.00,99999.00,99999.00,99999.00,99999.00,99999.00, 825.30, 821.58, 818.41, 815.45, 812.69, 810.04, 807.67, 805.85, 804.45, 803.49, 802.94, 802.96, 803.58, 804.71, 806.06, 807.65, 809.47, 811.52, 813.80, 816.26, 819.06, 822.46, 826.66, 831.91, 837.95, 844.57, 851.87, 859.78, 868.52, 878.30, 889.12, 901.11, 914.33,99999.00,99999.00,99999.00,99999.00,99999.00,99999.00,99999.00,99999.00,99999.00,99999.00,99999.00,99999.00,99999.00,99999.00,99999.00,99999.00,99999.00,99999.00,99999.00,99999.00,99999.00,99999.00,99999.00,99999.00,99999.00,99999.00,99999.00,99999.00,99999.00,99999.00,99999.00,99999.00,99999.00,99999.00,99999.00,99999.00,99999.00
99999.00,99999.00,99999.00,99999.00,99999.00,99999.00,99999.00,99999.00,99999.00,99999.00,99999.00,99999.00,99999.00,99999.00,99999.00,1057.98,1041.85,1027.42,1014.41,1002.48, 991.44, 981.13, 971.46, 962.28, 953.39, 944.81, 936.55, 928.57, 920.84, 913.37, 906.15, 899.48, 893.33, 887.59, 882.27, 877.18, 872.43, 867.90, 863.56, 859.44, 855.50, 851.77, 848.09, 844.62, 841.18, 837.88, 834.70, 831.58, 828.55, 825.58, 822.78, 820.15, 817.62, 814.42, 811.12, 808.25, 805.86, 803.59, 801.43, 799.30, 797.34, 795.83, 794.69, 793.94, 793.57, 793.74, 794.48, 795.70, 797.12, 798.76, 800.60, 802.64, 804.89, 807.35, 810.20, 813.73, 818.18, 823.54, 829.54, 836.12, 843.21, 850.91, 859.47, 868.87, 879.19, 890.43, 902.62, 915.67,99999.00,99999.00,99999.00,99999.00,99999.00,99999.00,99999.00,99999.00,99999.00,99999.00,99999.00,99999.00,99999.00,99999.00,99999.00,99999.00,99999.00,99999.00,99999.00,99999.00,99999.00,99999.00,99999.00,99999.00,99999.00,99999.00,99999.00,99999.00,99999.00,99999.00,99999.00,99999.00,99999.00,99999.00,99999.00,99999.00
99999.00,99999.00,99999.00,99999.00,99999.00,99999.00,99999.00,99999.00,99999.00,99999.00,99999.00,99999.00,99999.00,99999.00,99999.00,1041.67,1025.48,1011.05, 997.98, 986.07, 975.07, 964.82, 955.20, 946.13, 937.52, 929.13, 921.05, 913.23, 905.66, 898.32, 891.21, 884.44, 878.19, 872.47, 867.22, 862.27, 857.65, 853.25, 849.02, 845.02, 841.19, 837.56, 833.97, 830.60, 827.25, 824.04, 820.93, 817.90, 814.94, 812.04, 809.22, 806.57, 804.05, 801.08, 798.24, 795.91, 794.08, 792.35, 790.68, 788.99, 787.41, 786.16, 785.25, 784.70, 784.49, 784.79, 785.64, 786.95, 788.43, 790.11, 791.97, 794.01, 796.24, 798.69, 801.66, 805.35, 810.00, 815.37, 821.34, 827.75, 834.67, 842.24, 850.52, 859.58, 869.40, 880.01, 891.38, 903.45, 916.11, 929.42, 942.78, 956.30, 970.13, 984.52, 999.61,1015.43,1032.02,1049.51,1067.80,1086.64,1106.04,1125.78,1146.23,1167.62,1190.03,1213.75,1238.94,1265.82,1294.03,99999.00,99999.00,99999.00,99999.00,99999.00,99999.00,99999.00,99999.00,99999.00,99999.00,99999.00,99999.00,99999.00,99999.00,99999.00
99999.00,99999.00,99999.00,99999.00,99999.00,99999.00,99999.00,99999.00,99999.00,99999.00,99999.00,99999.00,99999.00,99999.00,99999.00,1027.22,1010.91, 996.42, 983.35, 971.39, 960.41, 950.20, 940.64, 931.61, 923.07, 914.94, 907.04, 899.40, 891.99, 884.78, 877.78, 871.00, 864.75, 858.98, 853.60, 848.69, 844.10, 839.83, 835.72, 831.84, 828.11, 824.58, 821.10, 817.81, 814.55, 811.43, 808.41, 805.45, 802.56, 799.74, 796.97, 794.30, 791.78, 788.98, 786.43, 784.46, 783.04, 781.72, 780.45, 779.13, 777.87, 776.85, 776.15, 775.76, 775.70, 776.13, 777.07, 778.46, 780.01, 781.72, 783.60, 785.63, 787.83, 790.33, 793.43, 797.38, 801.99, 807.45, 813.27, 819.54, 826.38, 833.74, 841.77, 850.48, 859.88, 869.98, 880.77, 892.26, 904.66, 917.45, 930.41, 943.65, 957.41, 971.82, 986.94,1002.80,1019.53,1037.07,1055.16,1073.87,1093.34,1113.64,1134.80,1157.06,1180.52,1205.28,1230.82,1257.31,1284.99,99999.00,99999.00,99999.00,99999.00,99999.00,99999.00,99999.00,99999.00,99999.00,99999.00,99999.00,99999.00,99999.00,99999.00,99999.00
99999.00,99999.00,99999.00,99999.00,99999.00,99999.00,99999.00,99999.00,99999.00,99999.00,99999.00,99999.00,99999.00,99999.00,99999.00,1014.09, 997.78, 983.17, 970.05, 958.08, 947.04, 936.86, 927.34, 918.37, 909.89, 901.82, 894.12, 886.66, 879.41, 872.35, 865.48, 858.81, 852.46, 846.59, 841.23, 836.32, 831.68, 827.38, 823.38, 819.58, 815.96, 812.54, 809.15, 805.96, 802.79, 799.75, 796.81, 793.93, 791.12, 788.37, 785.67, 783.03, 780.51, 777.82, 775.48, 773.80, 772.69, 771.68, 770.72, 769.71, 768.75, 767.92, 767.39, 767.15, 767.22, 767.75, 768.78, 770.24, 771.84, 773.59, 775.48, 777.51, 779.68, 782.31, 785.59, 789.59, 794.35, 799.67, 805.39, 811.62, 818.27, 825.45, 833.23, 841.65, 850.72, 860.45, 870.90, 882.36, 894.38, 906.76, 919.40, 932.52, 946.25, 960.64, 975.71, 991.62,1008.30,1025.65,1043.86,1063.05,1083.22,1104.39,1126.60,1150.06,1174.08,1198.75,1224.20,1250.60,1278.19,99999.00,99999.00,99999.00,99999.00,99999.00,99999.00,99999.00,99999.00,99999.00,99999.00,99999.00,99999.00,99999.00,99999.00,99999.00
99999.00,99999.00,99999.00,99999.00,99999.00,99999.00,99999.00,99999.00,99999.00,99999.00,99999.00,99999.00,99999.00,99999.00,99999.00,1002.16, 985.70, 971.10, 957.85, 945.82, 934.79, 924.54, 915.04, 906.12, 897.69, 889.68, 882.05, 874.74, 867.66, 860.77, 854.04, 847.48, 841.11, 835.24, 829.83, 824.79, 820.19, 815.91, 811.92, 808.08, 804.56, 801.24, 797.95, 794.86, 791.77, 788.82, 785.96, 783.16, 780.43, 777.75, 775.11, 772.54, 770.04, 767.42, 765.23, 763.76, 762.90, 762.16, 761.49, 760.73, 760.01, 759.36, 758.97, 758.86, 759.04, 759.66, 760.78, 762.30, 763.95, 765.72, 767.63, 769.65, 771.86, 774.62, 778.01, 781.99, 786.87, 792.11, 797.81, 803.89, 810.39, 817.38, 824.97, 833.16, 841.98, 851.52, 862.10, 873.29, 884.96, 897.00, 909.50, 922.55, 936.19, 950.46, 965.49, 981.27, 997.85,1015.43,1034.11,1054.02,1075.23,1097.67,1121.05,1144.91,1169.33,1194.41,1220.26,1247.06,1275.06,99999.00,99999.00,99999.00,99999.00,99999.00,99999.00,99999.00,99999.00,99999.00,99999.00,99999.00,99999.00,99999.00,99999.00,99999.00
99999.00,99999.00,99999.00,99999.00,99999.00,99999.00,99999.00,99999.00,99999.00,99999.00,99999.00,99999.00,99999.00,99999.00,99999.00, 991.11, 974.62, 959.88, 946.63, 934.48, 923.39, 913.15, 903.58, 894.69, 886.30, 878.35, 870.77, 863.53, 856.58, 849.84, 843.26, 836.84, 830.58, 824.61, 819.10, 814.08, 809.48, 805.14, 801.12, 797.39, 793.85, 790.55, 787.35, 784.35, 781.36, 778.49, 775.71, 772.99, 770.33, 767.73, 765.16, 762.66, 760.23, 757.67, 755.58, 754.27, 753.60, 753.09, 752.63, 752.11, 751.63, 751.16, 750.91, 750.90, 751.17, 751.88, 753.06, 754.63, 756.32, 758.12, 760.04, 762.05, 764.39, 767.18, 770.63, 774.78, 779.61, 784.86, 790.44, 796.41, 802.74, 809.59, 817.02, 825.05, 833.78, 843.54, 853.95, 864.87, 876.23, 888.11, 900.49, 913.40, 926.87, 941.01, 955.89, 971.59, 988.29,1006.18,1025.50,1046.44,99999.00,99999.00,99999.00,99999.00,99999.00,99999.00,99999.00,99999.00,99999.00,99999.00,99999.00,99999.00,99999.00,99999.00,99999.00,99999.00,99999.00,99999.00,99999.00,99999.00,99999.00,99999.00,99999.00,99999.00
99999.00,99999.00,99999.00,99999.00,99999.00,99999.00,99999.00,99999.00,99999.00,99999.00,99999.00,99999.00,99999.00,99999.00,99999.00, 980.92, 964.30, 949.52, 936.13, 923.98, 912.77, 902.46, 892.91, 883.95, 875.58, 867.68, 860.16, 852.97, 846.08, 839.46, 833.04, 826.75, 820.61, 814.62, 809.11, 804.03, 799.31, 795.01, 791.01, 787.29, 783.70, 780.42, 777.34, 774.36, 771.45, 768.67, 765.98, 763.34, 760.75, 758.22, 755.72, 753.28, 750.93, 748.47, 746.46, 745.27, 744.76, 744.41, 744.15, 743.82, 743.54, 743.24, 743.10, 743.20, 743.55, 744.33, 745.58, 747.20, 748.92, 750.75, 752.67, 754.79, 757.13, 760.03, 763.48, 767.77, 772.63, 777.78, 783.27, 789.09, 795.30, 802.04, 809.37, 817.37, 826.40, 836.07, 846.26, 856.92, 868.12, 879.86, 892.08, 904.77, 918.05, 932.03, 946.76, 962.43, 979.25, 997.50,1017.57,99999.00,99999.00,99999.00,99999.00,99999.00,99999.00,99999.00,99999.00,99999.00,99999.00,99999.00,99999.00,99999.00,99999.00,99999.00,99999.00,99999.00,99999.00,99999.00,99999.00,99999.00,99999.00,99999.00,99999.00,99999.00
99999.00,99999.00,99999.00,99999.00,99999.00,99999.00,99999.00,99999.00,99999.00,99999.00,99999.00,99999.00,99999.00,99999.00,99999.00, 971.34, 954.72, 939.80, 926.38, 914.10, 902.88, 892.45, 882.84, 873.89, 865.46, 857.57, 850.10, 842.97, 836.13, 829.58, 823.25, 817.12, 811.10, 805.23, 799.62, 794.44, 789.74, 785.43, 781.38, 777.62, 774.14, 770.85, 767.77, 764.80, 762.02, 759.29, 756.67, 754.11, 751.60, 749.14, 746.72, 744.34, 742.06, 739.70, 737.81, 736.71, 736.31, 736.11, 736.00, 735.84, 735.73, 735.61, 735.55, 735.73, 736.16, 737.01, 738.31, 739.97, 741.72, 743.56, 745.56, 747.66, 750.03, 753.01, 756.64, 760.99, 765.76, 770.84, 776.22, 781.91, 788.05, 794.74, 802.08, 810.43, 819.42, 828.93, 838.90, 849.42, 860.50, 872.05, 884.01, 896.49, 909.57, 923.33, 937.93, 953.54, 970.45, 989.03,99999.00,99999.00,99999.00,99999.00,99999.00,99999.00,99999.00,99999.00,99999.00,99999.00,99999.00,99999.00,99999.00,99999.00,99999.00,99999.00,99999.00,99999.00,99999.00,99999.00,99999.00,99999.00,99999.00,99999.00,99999.00,99999.00
99999.00,99999.00,99999.00,99999.00,99999.00,99999.00,99999.00,99999.00,99999.00,99999.00,99999.00,99999.00,99999.00,99999.00,99999.00, 962.08, 945.73, 930.76, 917.20, 904.88, 893.52, 883.10, 873.36, 864.35, 855.93, 847.98, 840.52, 833.44, 826.66, 820.16, 813.91, 807.86, 801.98, 796.22, 790.60, 785.42, 780.66, 776.23, 772.22, 768.48, 765.01, 761.66, 758.62, 755.76, 752.99, 750.28, 747.75, 745.26, 742.83, 740.44, 738.09, 735.78, 733.56, 731.29, 729.52, 728.54, 728.24, 728.15, 728.18, 728.16, 728.19, 728.22, 728.27, 728.51, 729.00, 729.90, 731.24, 732.94, 734.72, 736.62, 738.59, 740.66, 743.15, 746.13, 749.93, 754.34, 759.06, 764.04, 769.31, 774.91, 781.03, 787.78, 795.51, 803.86, 812.73, 822.05, 831.92, 842.34, 853.23, 864.52, 876.25, 888.49, 901.35, 914.92, 929.37, 944.91, 961.83, 980.55,99999.00,99999.00,99999.00,99999.00,99999.00,99999.00,99999.00,99999.00,99999.00,99999.00,99999.00,99999.00,99999.00,99999.00,99999.00,99999.00,99999.00,99999.00,99999.00,99999.00,99999.00,99999.00,99999.00,99999.00,99999.00,99999.00
99999.00,99999.00,99999.00,99999.00,99999.00,99999.00,99999.00,99999.00,99999.00,99999.00,99999.00,99999.00,99999.00,99999.00,99999.00, 953.22, 937.00, 922.23, 908.62, 896.16, 884.77, 874.21, 864.47, 855.33, 846.86, 838.91, 831.39, 824.33, 817.60, 811.16, 804.95, 798.98, 793.19, 787.56, 782.04, 776.77, 771.91, 767.50, 763.48, 759.69, 756.19, 752.95, 749.88, 747.03, 744.26, 741.68, 739.16, 736.74, 734.38, 732.07, 729.78, 727.54, 725.40, 723.21, 721.55, 720.69, 720.51, 720.51, 720.65, 720.75, 720.90, 721.06, 721.23, 721.53, 722.07, 723.01, 724.39, 726.11, 727.93, 729.81, 731.75, 733.84, 736.42, 739.60, 743.46, 747.85, 752.49, 757.39, 762.57, 768.15, 774.35, 781.52, 789.29, 797.56, 806.27, 815.52, 825.31, 835.56, 846.19, 857.24, 868.75, 880.77, 893.43, 906.85, 921.18, 936.62, 953.40, 972.04,99999.00,99999.00,99999.00,99999.00,99999.00,99999.00,99999.00,99999.00,99999.00,99999.00,99999.00,99999.00,99999.00,99999.00,99999.00,99999.00,99999.00,99999.00,99999.00,99999.00,99999.00,99999.00,99999.00,99999.00,99999.00,99999.00
99999.00,99999.00,99999.00,99999.00,99999.00,99999.00,99999.00,99999.00,99999.00,99999.00,99999.00,99999.00,99999.00,99999.00,99999.00, 944.77, 928.67, 914.02, 900.50, 888.00, 876.47, 865.87, 856.00, 846.86, 838.26, 830.25, 822.74, 815.62, 808.91, 802.51, 796.36, 790.44, 784.73, 779.18, 773.77, 768.48, 763.62, 759.16, 755.02, 751.27, 747.79, 744.56, 741.44, 738.61, 735.96, 733.39, 730.87, 728.52, 726.23, 723.99, 721.77, 719.60, 717.52, 715.42, 713.86, 713.12, 713.06, 713.17, 713.39, 713.60, 713.86, 714.14, 714.42, 714.78, 715.36, 716.34, 717.74, 719.50, 721.29, 723.13, 725.05, 727.26, 729.85, 733.20, 737.19, 741.52, 746.08, 750.90, 756.03, 761.73, 768.38, 775.61, 783.33, 791.47, 800.14, 809.33, 818.97, 828.99, 839.42, 850.25, 861.55, 873.43, 885.95, 899.26, 913.43, 928.75, 945.51, 964.08,99999.00,99999.00,99999.00,99999.00,99999.00,99999.00,99999.00,99999.00,99999.00,99999.00,99999.00,99999.00,99999.00,99999.00,99999.00,99999.00,99999.00,99999.00,99999.00,99999.00,99999.00,99999.00,99999.00,99999.00,99999.00,99999.00
99999.00,99999.00,99999.00,99999.00,99999.00,99999.00,99999.00,99999.00,99999.00,99999.00,99999.00,99999.00,99999.00,99999.00,99999.00, 936.64, 920.69, 906.16, 892.76, 880.26, 868.67, 857.94, 848.03, 838.75, 830.15, 822.03, 814.45, 807.33, 800.56, 794.18, 788.08, 782.22, 776.56, 771.09, 765.77, 760.58, 755.62, 751.07, 746.94, 743.19, 739.65, 736.39, 733.38, 730.53, 727.88, 725.32, 722.93, 720.59, 718.35, 716.17, 714.03, 711.92, 709.91, 707.89, 706.42, 705.79, 705.85, 706.09, 706.40, 706.69, 707.05, 707.43, 707.82, 708.27, 708.87, 709.88, 711.30, 713.03, 714.79, 716.60, 718.54, 720.84, 723.63, 727.07, 731.08, 735.34, 739.83, 744.59, 749.83, 756.00, 762.73, 769.93, 777.55, 785.67, 794.31, 803.39, 812.84, 822.65, 832.88, 843.56, 854.73, 866.48, 878.86, 892.05, 906.19, 921.45, 938.18, 956.78,99999.00,99999.00,99999.00,99999.00,99999.00,99999.00,99999.00,99999.00,99999.00,99999.00,99999.00,99999.00,99999.00,99999.00,99999.00,99999.00,99999.00,99999.00,99999.00,99999.00,99999.00,99999.00,99999.00,99999.00,99999.00,99999.00
99999.00,99999.00,99999.00,99999.00,99999.00,99999.00,99999.00,99999.00,99999.00,99999.00,99999.00,99999.00,99999.00,99999.00,99999.00, 928.81, 912.95, 898.56, 885.31, 872.92, 861.27, 850.48, 840.43, 831.12, 822.38, 814.25, 806.56, 799.38, 792.62, 786.17, 780.09, 774.27, 768.67, 763.25, 758.00, 752.90, 747.93, 743.37, 739.19, 735.30, 731.81, 728.57, 725.57, 722.67, 720.05, 717.60, 715.22, 712.88, 710.71, 708.59, 706.52, 704.48, 702.53, 700.59, 699.21, 698.67, 698.85, 699.20, 699.63, 700.02, 700.47, 700.93, 701.42, 701.96, 702.60, 703.63, 705.02, 706.72, 708.44, 710.22, 712.28, 714.60, 717.56, 721.13, 725.11, 729.31, 733.76, 738.59, 744.31, 750.58, 757.30, 764.42, 772.04, 780.15, 788.72, 797.61, 806.88, 816.55, 826.64, 837.20, 848.22, 859.86, 872.21, 885.33, 899.45, 914.72, 931.42, 949.99,99999.00,99999.00,99999.00,99999.00,99999.00,99999.00,99999.00,99999.00,99999.00,99999.00,99999.00,99999.00,99999.00,99999.00,99999.00,99999.00,99999.00,99999.00,99999.00,99999.00,99999.00,99999.00,99999.00,99999.00,99999.00,99999.00
99999.00,99999.00,99999.00,99999.00,99999.00,99999.00,99999.00,99999.00,99999.00,99999.00,99999.00,99999.00,99999.00,99999.00,99999.00, 921.25, 905.51, 891.20, 878.04, 865.80, 854.30, 843.37, 833.27, 823.82, 815.05, 806.78, 799.09, 791.79, 784.96, 778.53, 772.39, 766.59, 761.03, 755.67, 750.47, 745.44, 740.56, 735.89, 731.62, 727.76, 724.26, 720.96, 717.93, 715.14, 712.50, 710.05, 707.67, 705.47, 703.30, 701.23, 699.22, 697.25, 695.37, 693.50, 692.21, 691.76, 692.03, 692.47, 692.99, 693.48, 694.03, 694.60, 695.20, 695.82, 696.55, 697.53, 698.88, 700.54, 702.22, 704.03, 706.18, 708.70, 711.75, 715.38, 719.31, 723.47, 727.95, 733.25, 739.09, 745.37, 752.03, 759.17, 766.79, 774.85, 783.25, 792.02, 801.16, 810.72, 820.66, 831.10, 842.10, 853.67, 865.99, 879.13, 893.22, 908.52, 925.24, 943.59,99999.00,99999.00,99999.00,99999.00,99999.00,99999.00,99999.00,99999.00,99999.00,99999.00,99999.00,99999.00,99999.00,99999.00,99999.00,99999.00,99999.00,99999.00,99999.00,99999.00,99999.00,99999.00,99999.00,99999.00,99999.00,99999.00
99999.00,99999.00,99999.00,99999.00,99999.00,99999.00,99999.00,99999.00,99999.00,99999.00,99999.00,99999.00,99999.00,99999.00,99999.00, 913.95, 898.27, 884.08, 871.04, 858.88, 847.47, 836.69, 826.44, 816.94, 808.03, 799.73, 791.90, 784.59, 777.65, 771.15, 765.02, 759.16, 753.62, 748.30, 743.16, 738.18, 733.35, 728.67, 724.39, 720.48, 716.85, 713.60, 710.59, 707.81, 705.12, 702.70, 700.44, 698.24, 696.08, 694.07, 692.12, 690.21, 688.40, 686.61, 685.39, 685.01, 685.34, 685.86, 686.46, 687.04, 687.69, 688.37, 689.07, 689.80, 690.62, 691.59, 692.90, 694.50, 696.16, 698.09, 700.25, 702.95, 706.15, 709.79, 713.69, 717.87, 722.78, 728.22, 734.08, 740.30, 747.00, 754.15, 761.73, 769.68, 777.98, 786.65, 795.66, 805.10, 815.02, 825.39, 836.36, 847.95, 860.24, 873.41, 887.51, 902.80, 919.47, 937.63,99999.00,99999.00,99999.00,99999.00,99999.00,99999.00,99999.00,99999.00,99999.00,99999.00,99999.00,99999.00,99999.00,99999.00,99999.00,99999.00,99999.00,99999.00,99999.00,99999.00,99999.00,99999.00,99999.00,99999.00,99999.00,99999.00
99999.00,99999.00,99999.00,99999.00,99999.00,99999.00,99999.00,99999.00,99999.00,99999.00,99999.00,99999.00,99999.00,99999.00,99999.00, 906.94, 891.32, 877.19, 864.21, 852.16, 840.87, 830.17, 820.01, 810.37, 801.40, 792.96, 785.10, 777.66, 770.71, 764.09, 757.90, 752.04, 746.44, 741.14, 736.05, 731.13, 726.35, 721.74, 717.36, 713.35, 709.74, 706.48, 703.42, 700.60, 698.02, 695.58, 693.32, 691.13, 689.10, 687.11, 685.19, 683.36, 681.61, 679.87, 678.70, 678.37, 678.77, 679.36, 680.04, 680.71, 681.45, 682.22, 683.02, 683.86, 684.78, 685.79, 687.06, 688.62, 690.29, 692.30, 694.67, 697.47, 700.72, 704.37, 708.29, 712.85, 717.91, 723.38, 729.20, 735.47, 742.19, 749.32, 756.85, 764.72, 772.89, 781.46, 790.44, 799.82, 809.72, 820.11, 831.04, 842.67, 854.97, 868.12, 882.23, 897.50, 914.00, 931.98,99999.00,99999.00,99999.00,99999.00,99999.00,99999.00,99999.00,99999.00,99999.00,99999.00,99999.00,99999.00,99999.00,99999.00,99999.00,99999.00,99999.00,99999.00,99999.00,99999.00,99999.00,99999.00,99999.00,99999.00,99999.00,99999.00
99999.00,99999.00,99999.00,99999.00,99999.00,99999.00,99999.00,99999.00,99999.00,99999.00,99999.00,99999.00,99999.00,99999.00,99999.00, 900.18, 884.62, 870.54, 857.62, 845.63, 834.41, 823.82, 813.78, 804.17, 795.06, 786.57, 778.56, 771.09, 764.00, 757.38, 751.07, 745.15, 739.56, 734.20, 729.13, 724.25, 719.53, 714.94, 710.54, 706.53, 702.87, 699.48, 696.46, 693.66, 691.09, 688.60, 686.37, 684.29, 682.27, 680.28, 678.44, 676.67, 674.95, 673.24, 672.12, 671.84, 672.30, 672.96, 673.72, 674.47, 675.29, 676.16, 677.05, 677.99, 679.00, 680.09, 681.37, 682.87, 684.66, 686.69, 689.24, 692.18, 695.51, 699.19, 703.42, 708.12, 713.22, 718.66, 724.54, 730.85, 737.55, 744.70, 752.12, 759.90, 768.06, 776.57, 785.54, 794.94, 804.80, 815.23, 826.17, 837.78, 850.09, 863.23, 877.37, 892.53, 908.87, 926.68,99999.00,99999.00,99999.00,99999.00,99999.00,99999.00,99999.00,99999.00,99999.00,99999.00,99999.00,99999.00,99999.00,99999.00,99999.00,99999.00,99999.00,99999.00,99999.00,99999.00,99999.00,99999.00,99999.00,99999.00,99999.00,99999.00
99999.00,99999.00,99999.00,99999.00,99999.00,99999.00,99999.00,99999.00,99999.00,99999.00,99999.00,99999.00,99999.00,99999.00,99999.00, 893.66, 878.15, 864.13, 851.26, 839.33, 828.16, 817.64, 807.66, 798.17, 789.08, 780.44, 772.39, 764.77, 757.66, 750.90, 744.58, 738.54, 732.89, 727.53, 722.40, 717.55, 712.87, 708.33, 703.98, 699.86, 696.11, 692.74, 689.71, 686.86, 684.26, 681.87, 679.62, 677.55, 675.53, 673.67, 671.85, 670.09, 668.38, 666.70, 665.63, 665.41, 665.93, 666.65, 667.48, 668.31, 669.22, 670.17, 671.15, 672.18, 673.28, 674.47, 675.77, 677.32, 679.19, 681.42, 684.07, 687.07, 690.52, 694.46, 698.83, 703.58, 708.65, 714.16, 720.08, 726.39, 733.13, 740.20, 747.62, 755.36, 763.51, 772.05, 780.99, 790.43, 800.30, 810.71, 821.67, 833.25, 845.60, 858.75, 872.85, 887.90, 904.12, 921.83,99999.00,99999.00,99999.00,99999.00,99999.00,99999.00,99999.00,99999.00,99999.00,99999.00,99999.00,99999.00,99999.00,99999.00,99999.00,99999.00,99999.00,99999.00,99999.00,99999.00,99999.00,99999.00,99999.00,99999.00,99999.00,99999.00
99999.00,99999.00,99999.00,99999.00,99999.00,99999.00,99999.00,99999.00,99999.00,99999.00,99999.00,99999.00,99999.00,99999.00,99999.00, 887.40, 871.90, 857.93, 845.12, 833.23, 822.12, 811.65, 801.74, 792.30, 783.28, 774.67, 766.46, 758.79, 751.54, 744.75, 738.29, 732.25, 726.48, 721.06, 715.94, 711.02, 706.36, 701.87, 697.52, 693.39, 689.63, 686.21, 683.05, 680.24, 677.66, 675.29, 672.99, 670.94, 669.04, 667.19, 665.35, 663.60, 661.90, 660.25, 659.22, 659.05, 659.63, 660.42, 661.32, 662.22, 663.21, 664.24, 665.31, 666.43, 667.62, 668.91, 670.33, 672.00, 673.89, 676.30, 679.09, 682.27, 685.93, 689.95, 694.36, 699.09, 704.24, 709.79, 715.72, 722.07, 728.83, 735.87, 743.30, 751.07, 759.20, 767.78, 776.74, 786.16, 796.04, 806.43, 817.42, 829.03, 841.40, 854.60, 868.64, 883.64, 899.80, 917.45,99999.00,99999.00,99999.00,99999.00,99999.00,99999.00,99999.00,99999.00,99999.00,99999.00,99999.00,99999.00,99999.00,99999.00,99999.00,99999.00,99999.00,99999.00,99999.00,99999.00,99999.00,99999.00,99999.00,99999.00,99999.00,99999.00
99999.00,99999.00,99999.00,99999.00,99999.00,99999.00,99999.00,99999.00,99999.00,99999.00,99999.00,99999.00,99999.00,99999.00,99999.00, 881.38, 865.93, 851.96, 839.16, 827.33, 816.27, 805.86, 795.99, 786.61, 777.65, 769.05, 760.87, 753.06, 745.75, 738.82, 732.33, 726.15, 720.38, 714.84, 709.66, 704.74, 700.02, 695.56, 691.24, 687.14, 683.28, 679.76, 676.63, 673.82, 671.18, 668.77, 666.58, 664.51, 662.61, 660.74, 658.94, 657.19, 655.50, 653.86, 652.88, 652.77, 653.40, 654.26, 655.23, 656.20, 657.27, 658.38, 659.53, 660.73, 662.06, 663.46, 665.01, 666.84, 668.93, 671.43, 674.28, 677.70, 681.41, 685.48, 689.87, 694.68, 699.89, 705.46, 711.44, 717.81, 724.58, 731.66, 739.08, 746.90, 755.06, 763.63, 772.60, 782.00, 791.92, 802.33, 813.34, 825.00, 837.35, 850.55, 864.55, 879.51, 895.63, 913.24,99999.00,99999.00,99999.00,99999.00,99999.00,99999.00,99999.00,99999.00,99999.00,99999.00,99999.00,99999.00,99999.00,99999.00,99999.00,99999.00,99999.00,99999.00,99999.00,99999.00,99999.00,99999.00,99999.00,99999.00,99999.00,99999.00
99999.00,99999.00,99999.00,99999.00,99999.00,99999.00,99999.00,99999.00,99999.00,99999.00,99999.00,99999.00,99999.00,99999.00,99999.00, 875.65, 860.16, 846.22, 833.47, 821.64, 810.59, 800.23, 790.42, 781.09, 772.18, 763.64, 755.43, 747.65, 740.19, 733.21, 726.58, 720.37, 714.45, 708.92, 703.61, 698.64, 693.92, 689.39, 685.10, 680.98, 677.10, 673.58, 670.39, 667.45, 664.86, 662.47, 660.29, 658.17, 656.22, 654.39, 652.60, 650.84, 649.16, 647.54, 646.61, 646.54, 647.24, 648.16, 649.19, 650.24, 651.38, 652.57, 653.80, 655.08, 656.56, 658.20, 659.87, 661.76, 664.06, 666.65, 669.71, 673.16, 676.91, 680.98, 685.45, 690.32, 695.55, 701.18, 707.19, 713.65, 720.41, 727.56, 735.00, 742.82, 751.00, 759.56, 768.57, 777.99, 787.93, 798.38, 809.39, 821.18, 833.60, 846.77, 860.75, 875.68, 891.78, 909.36,99999.00,99999.00,99999.00,99999.00,99999.00,99999.00,99999.00,99999.00,99999.00,99999.00,99999.00,99999.00,99999.00,99999.00,99999.00,99999.00,99999.00,99999.00,99999.00,99999.00,99999.00,99999.00,99999.00,99999.00,99999.00,99999.00
99999.00,99999.00,99999.00,99999.00,99999.00,99999.00,99999.00,99999.00,99999.00,99999.00,99999.00,99999.00,99999.00,99999.00,99999.00, 870.39, 854.89, 840.75, 827.96, 816.16, 805.16, 794.80, 785.00, 775.73, 766.87, 758.38, 750.23, 742.37, 734.94, 727.81, 721.13, 714.78, 708.83, 703.16, 697.85, 692.75, 687.98, 683.46, 679.10, 674.98, 671.13, 667.51, 664.23, 661.31, 658.71, 656.27, 654.04, 651.91, 649.90, 648.08, 646.28, 644.55, 642.88, 641.27, 640.38, 640.38, 641.13, 642.11, 643.21, 644.33, 645.54, 646.81, 648.13, 649.62, 651.21, 652.93, 654.77, 656.79, 659.21, 661.95, 665.14, 668.64, 672.38, 676.54, 681.08, 685.97, 691.26, 696.92, 703.03, 709.56, 716.37, 723.51, 730.99, 738.80, 747.02, 755.60, 764.63, 774.11, 784.03, 794.63, 805.70, 817.48, 829.94, 843.09, 857.04, 871.94, 888.00, 905.54,99999.00,99999.00,99999.00,99999.00,99999.00,99999.00,99999.00,99999.00,99999.00,99999.00,99999.00,99999.00,99999.00,99999.00,99999.00,99999.00,99999.00,99999.00,99999.00,99999.00,99999.00,99999.00,99999.00,99999.00,99999.00,99999.00
99999.00,99999.00,99999.00,99999.00,99999.00,99999.00,99999.00,99999.00,99999.00,99999.00,99999.00,99999.00,99999.00,99999.00,99999.00, 865.08, 849.68, 835.73, 822.93, 810.94, 799.89, 789.56, 779.81, 770.54, 761.70, 753.26, 745.16, 737.36, 729.82, 722.72, 715.89, 709.49, 703.40, 697.69, 692.25, 687.15, 682.25, 677.67, 673.32, 669.14, 665.23, 661.60, 658.31, 655.34, 652.60, 650.14, 647.81, 645.70, 643.65, 641.78, 640.02, 638.31, 636.64, 635.04, 634.21, 634.25, 635.07, 636.11, 637.28, 638.46, 639.75, 641.10, 642.56, 644.18, 645.91, 647.70, 649.68, 651.89, 654.37, 657.24, 660.49, 664.05, 667.90, 672.12, 676.69, 681.66, 686.98, 692.75, 698.97, 705.51, 712.35, 719.50, 727.02, 734.86, 743.11, 751.75, 760.77, 770.38, 780.38, 790.97, 802.12, 813.88, 826.29, 839.38, 853.24, 868.02, 883.90, 901.13,99999.00,99999.00,99999.00,99999.00,99999.00,99999.00,99999.00,99999.00,99999.00,99999.00,99999.00,99999.00,99999.00,99999.00,99999.00,99999.00,99999.00,99999.00,99999.00,99999.00,99999.00,99999.00,99999.00,99999.00,99999.00,99999.00
99999.00,99999.00,99999.00,99999.00,99999.00,99999.00,99999.00,99999.00,99999.00,99999.00,99999.00,99999.00,99999.00,99999.00,99999.00, 860.41, 845.11, 831.02, 817.96, 806.15, 795.10, 784.57, 774.78, 765.54, 756.74, 748.31, 740.22, 732.47, 724.98, 717.74, 710.94, 704.39, 698.25, 692.41, 686.93, 681.69, 676.79, 672.09, 667.68, 663.51, 659.48, 655.87, 652.48, 649.41, 646.58, 644.04, 641.67, 639.51, 637.46, 635.53, 633.79, 632.07, 630.44, 628.85, 628.07, 628.17, 629.04, 630.14, 631.38, 632.64, 634.02, 635.49, 637.06, 638.74, 640.55, 642.50, 644.62, 646.93, 649.47, 652.45, 655.76, 659.43, 663.40, 667.70, 672.34, 677.34, 682.77, 688.66, 694.93, 701.48, 708.38, 715.57, 723.12, 731.03, 739.28, 748.06, 757.16, 766.78, 776.87, 787.45, 798.65, 810.40, 822.73, 835.71, 849.43, 864.00, 879.56, 896.30, 914.46,99999.00,99999.00,99999.00,99999.00,99999.00,99999.00,99999.00,99999.00,99999.00,99999.00,99999.00,99999.00,99999.00,99999.00,99999.00,99999.00,99999.00,99999.00,99999.00,99999.00,99999.00,99999.00,99999.00,99999.00,99999.00
99999.00,99999.00,99999.00,99999.00,99999.00,99999.00,99999.00,99999.00,99999.00,99999.00,99999.00,99999.00,99999.00,99999.00,99999.00, 855.71, 840.50, 826.51, 813.61, 801.66, 790.34, 780.00, 770.21, 760.76, 751.92, 743.52, 735.48, 727.73, 720.26, 713.07, 706.11, 699.58, 693.30, 687.40, 681.78, 676.51, 671.48, 666.77, 662.24, 658.00, 653.98, 650.20, 646.78, 643.54, 640.63, 637.97, 635.57, 633.33, 631.30, 629.33, 627.55, 625.88, 624.27, 622.69, 621.96, 622.11, 623.05, 624.22, 625.52, 626.88, 628.31, 629.84, 631.53, 633.35, 635.22, 637.25, 639.46, 641.89, 644.54, 647.58, 650.98, 654.78, 658.82, 663.21, 667.95, 673.09, 678.65, 684.59, 690.93, 697.52, 704.47, 711.73, 719.29, 727.36, 735.70, 744.50, 753.71, 763.34, 773.50, 784.11, 795.30, 806.98, 819.21, 832.04, 845.57, 859.86, 875.03, 891.20, 908.49, 926.97,99999.00,99999.00,99999.00,99999.00,99999.00,99999.00,99999.00,99999.00,99999.00,99999.00,99999.00,99999.00,99999.00,99999.00,99999.00,99999.00,99999.00,99999.00,99999.00,99999.00,99999.00,99999.00,99999.00,99999.00
99999.00,99999.00,99999.00,99999.00,99999.00,99999.00,99999.00,99999.00,99999.00,99999.00,99999.00,99999.00,99999.00,99999.00,99999.00, 851.50, 836.38, 822.47, 809.52, 797.35, 786.21, 775.72, 765.66, 756.40, 747.56, 738.96, 730.87, 723.15, 715.73, 708.54, 701.59, 694.88, 688.62, 682.57, 676.90, 671.49, 666.43, 661.58, 657.05, 652.69, 648.54, 644.60, 641.05, 637.72, 634.71, 631.96, 629.49, 627.20, 625.13, 623.17, 621.34, 619.69, 618.08, 616.54, 615.87, 616.09, 617.08, 618.32, 619.67, 621.10, 622.62, 624.25, 626.00, 627.83, 629.78, 631.89, 634.21, 636.75, 639.53, 642.62, 646.18, 650.05, 654.18, 658.66, 663.54, 668.84, 674.51, 680.58, 686.96, 693.65, 700.61, 708.04, 715.71, 723.81, 732.27, 741.11, 750.41, 760.10, 770.36, 781.04, 792.16, 803.76, 815.86, 828.54, 841.84, 855.84, 870.60, 886.20, 902.68, 920.07, 937.81, 955.78, 973.93, 992.05,1010.57,1029.83,1049.65,1070.36,1092.45,99999.00,99999.00,99999.00,99999.00,99999.00,99999.00,99999.00,99999.00,99999.00,99999.00,99999.00,99999.00,99999.00,99999.00,99999.00
99999.00,99999.00,99999.00,99999.00,99999.00,99999.00,99999.00,99999.00,99999.00,99999.00,99999.00,99999.00,99999.00,99999.00,99999.00, 847.67, 832.60, 818.73, 805.82, 793.71, 782.39, 771.60, 761.72, 752.31, 743.20, 734.79, 726.70, 718.78, 711.31, 704.16, 697.25, 690.54, 684.04, 678.02, 672.20, 666.74, 661.53, 656.65, 651.98, 647.52, 643.19, 639.07, 635.35, 631.99, 628.83, 626.00, 623.42, 621.11, 618.96, 617.02, 615.16, 613.48, 611.92, 610.42, 609.80, 610.08, 611.14, 612.45, 613.83, 615.30, 616.87, 618.54, 620.35, 622.21, 624.23, 626.44, 628.86, 631.51, 634.43, 637.60, 641.28, 645.25, 649.48, 654.09, 659.13, 664.53, 670.33, 676.56, 683.04, 689.91, 696.99, 704.47, 712.28, 720.42, 729.00, 737.91, 747.35, 757.13, 767.40, 778.04, 789.09, 800.59, 812.57, 825.08, 838.16, 851.85, 866.22, 881.28, 897.08, 913.59, 930.75, 947.85, 965.20, 983.09,1001.25,1019.92,1039.42,1059.95,1081.59,99999.00,99999.00,99999.00,99999.00,99999.00,99999.00,99999.00,99999.00,99999.00,99999.00,99999.00,99999.00,99999.00,99999.00,99999.00
99999.00,99999.00,99999.00,99999.00,99999.00,99999.00,99999.00,99999.00,99999.00,99999.00,99999.00,99999.00,99999.00,99999.00,99999.00, 844.15, 829.08, 815.21, 802.30, 790.17, 778.70, 768.06, 757.99, 748.29, 739.36, 730.79, 722.44, 714.71, 707.24, 699.88, 692.93, 686.26, 679.79, 673.49, 667.70, 662.10, 656.84, 651.82, 646.98, 642.34, 637.91, 633.62, 629.70, 626.22, 622.97, 620.05, 617.38, 615.01, 612.83, 610.86, 609.00, 607.29, 605.75, 604.25, 603.69, 604.03, 605.12, 606.46, 607.87, 609.38, 610.99, 612.72, 614.54, 616.47, 618.57, 620.87, 623.40, 626.18, 629.22, 632.54, 636.30, 640.38, 644.74, 649.51, 654.65, 660.18, 666.14, 672.56, 679.17, 686.15, 693.43, 701.01, 708.98, 717.22, 725.95, 734.99, 744.50, 754.44, 764.72, 775.36, 786.39, 797.84, 809.73, 822.12, 835.02, 848.47, 862.51, 877.16, 892.42, 908.27, 924.67, 941.55, 958.55, 975.85, 993.71,1012.21,1031.28,1051.33,1072.72,99999.00,99999.00,99999.00,99999.00,99999.00,99999.00,99999.00,99999.00,99999.00,99999.00,99999.00,99999.00,99999.00,99999.00,99999.00
99999.00,99999.00,99999.00,99999.00,99999.00,99999.00,99999.00,99999.00,99999.00,99999.00,99999.00,99999.00,99999.00,99999.00,99999.00, 840.95, 825.88, 812.01, 799.10, 786.97, 775.50, 764.64, 754.30, 744.74, 735.63, 726.77, 718.59, 710.71, 702.98, 695.81, 688.86, 681.98, 675.47, 669.25, 663.18, 657.60, 652.19, 646.96, 641.96, 637.16, 632.55, 628.16, 624.01, 620.36, 617.09, 614.02, 611.29, 608.81, 606.62, 604.58, 602.76, 601.01, 599.45, 598.01, 597.51, 597.88, 598.97, 600.34, 601.79, 603.34, 604.99, 606.77, 608.61, 610.61, 612.80, 615.20, 617.84, 620.74, 623.91, 627.37, 631.24, 635.44, 639.97, 644.85, 650.12, 655.81, 661.99, 668.53, 675.34, 682.43, 689.88, 697.57, 705.71, 714.13, 722.98, 732.26, 741.89, 751.90, 762.24, 772.92, 783.97, 795.42, 807.28, 819.59, 832.37, 845.65, 859.45, 873.78, 888.65, 904.03, 919.89, 936.19, 952.90, 970.04, 987.47,1005.51,1024.33,1044.13,1065.14,99999.00,99999.00,99999.00,99999.00,99999.00,99999.00,99999.00,99999.00,99999.00,99999.00,99999.00,99999.00,99999.00,99999.00,99999.00
99999.00,99999.00,99999.00,99999.00,99999.00,99999.00,99999.00,99999.00,99999.00,99999.00,99999.00,99999.00,99999.00,99999.00,99999.00, 837.75, 822.68, 808.81, 795.90, 783.77, 772.30, 761.39, 751.11, 741.33, 731.94, 723.23, 714.87, 706.69, 699.13, 691.81, 684.60, 677.91, 671.40, 664.93, 658.94, 653.08, 647.51, 642.12, 636.91, 631.95, 627.18, 622.62, 618.28, 614.45, 611.06, 607.91, 605.10, 602.55, 600.30, 598.23, 596.39, 594.66, 593.07, 591.69, 591.25, 591.62, 592.70, 594.10, 595.59, 597.17, 598.87, 600.67, 602.56, 604.64, 606.91, 609.41, 612.16, 615.18, 618.48, 622.10, 626.10, 630.47, 635.12, 640.12, 645.55, 651.47, 657.86, 664.52, 671.51, 678.72, 686.36, 694.23, 702.51, 711.19, 720.18, 729.65, 739.46, 749.55, 759.96, 770.69, 781.77, 793.22, 805.06, 817.32, 830.00, 843.14, 856.75, 870.83, 885.39, 900.41, 915.86, 931.73, 947.99, 964.69, 981.90, 999.69,1018.20,1037.60,1058.13,99999.00,99999.00,99999.00,99999.00,99999.00,99999.00,99999.00,99999.00,99999.00,99999.00,99999.00,99999.00,99999.00,99999.00,99999.00
99999.00,99999.00,99999.00,99999.00,99999.00,99999.00,99999.00,99999.00,99999.00,99999.00,99999.00,99999.00,99999.00,99999.00,99999.00, 834.87, 819.79, 805.92, 793.01, 780.89, 769.41, 758.50, 748.08, 738.08, 728.75, 719.81, 711.18, 703.15, 695.41, 687.80, 680.75, 673.91, 667.14, 660.86, 654.73, 648.62, 642.78, 637.22, 631.86, 626.69, 621.77, 617.05, 612.55, 608.48, 604.94, 601.78, 598.82, 596.21, 593.87, 591.80, 589.89, 588.21, 586.61, 585.29, 584.86, 585.22, 586.30, 587.73, 589.25, 590.88, 592.63, 594.43, 596.39, 598.54, 600.90, 603.51, 606.37, 609.51, 612.94, 616.73, 620.90, 625.39, 630.20, 635.35, 641.00, 647.13, 653.71, 660.50, 667.68, 675.09, 682.87, 691.03, 699.46, 708.35, 717.56, 727.20, 737.10, 747.29, 757.78, 768.57, 779.70, 791.17, 803.01, 815.23, 827.85, 840.88, 854.34, 868.24, 882.56, 897.32, 912.47, 928.02, 943.95, 960.32, 977.17, 994.62,1012.77,1031.80,1051.95,99999.00,99999.00,99999.00,99999.00,99999.00,99999.00,99999.00,99999.00,99999.00,99999.00,99999.00,99999.00,99999.00,99999.00,99999.00
99999.00,99999.00,99999.00,99999.00,99999.00,99999.00,99999.00,99999.00,99999.00,99999.00,99999.00,99999.00,99999.00,99999.00,99999.00, 832.06, 816.98, 803.11, 790.20, 778.08, 766.61, 755.69, 745.27, 735.34, 725.73, 716.56, 707.98, 699.73, 691.72, 684.25, 677.03, 669.89, 663.29, 656.86, 650.47, 644.19, 638.09, 632.27, 626.75, 621.42, 616.30, 611.44, 606.79, 602.47, 598.75, 595.48, 592.46, 589.78, 587.36, 585.25, 583.33, 581.63, 580.05, 578.78, 578.34, 578.70, 579.77, 581.23, 582.79, 584.46, 586.22, 588.07, 590.10, 592.32, 594.78, 597.48, 600.45, 603.70, 607.28, 611.24, 615.60, 620.22, 625.20, 630.57, 636.43, 642.75, 649.54, 656.52, 663.87, 671.56, 679.51, 687.90, 696.56, 705.65, 715.18, 724.95, 734.98, 745.27, 755.85, 766.73, 777.92, 789.44, 801.29, 813.51, 826.10, 839.07, 852.43, 866.19, 880.36, 894.92, 909.86, 925.18, 940.87, 956.99, 973.59, 990.77,1008.64,1027.38,1047.24,99999.00,99999.00,99999.00,99999.00,99999.00,99999.00,99999.00,99999.00,99999.00,99999.00,99999.00,99999.00,99999.00,99999.00,99999.00
99999.00,99999.00,99999.00,99999.00,99999.00,99999.00,99999.00,99999.00,99999.00,99999.00,99999.00,99999.00,99999.00,99999.00,99999.00, 829.32, 814.24, 800.37, 787.46, 775.34, 763.87, 752.96, 742.53, 732.53, 722.91, 713.83, 704.97, 696.48, 688.52, 680.84, 673.34, 666.35, 659.56, 652.84, 646.24, 639.81, 633.42, 627.35, 621.55, 616.08, 610.81, 605.75, 600.96, 596.43, 592.49, 589.07, 586.05, 583.24, 580.78, 578.58, 576.67, 574.93, 573.40, 572.13, 571.69, 572.05, 573.11, 574.61, 576.20, 577.91, 579.67, 581.58, 583.68, 585.98, 588.52, 591.32, 594.39, 597.77, 601.50, 605.65, 610.17, 614.96, 620.15, 625.77, 631.81, 638.39, 645.33, 652.62, 660.14, 668.07, 676.27, 684.86, 694.09, 703.48, 713.16, 723.08, 733.25, 743.68, 754.37, 765.35, 776.63, 788.21, 800.12, 812.36, 824.95, 837.90, 851.21, 864.90, 878.97, 893.41, 908.22, 923.38, 938.91, 954.85, 971.27, 988.25,1005.91,1024.43,1044.06,99999.00,99999.00,99999.00,99999.00,99999.00,99999.00,99999.00,99999.00,99999.00,99999.00,99999.00,99999.00,99999.00,99999.00,99999.00
99999.00,99999.00,99999.00,99999.00,99999.00,99999.00,99999.00,99999.00,99999.00,99999.00,99999.00,99999.00,99999.00,99999.00,99999.00, 826.82, 811.75, 797.88, 784.97, 772.84, 761.37, 750.46, 740.03, 730.03, 720.41, 711.13, 702.15, 693.75, 685.50, 677.58, 670.14, 662.93, 655.88, 648.88, 642.10, 635.38, 628.78, 622.42, 616.38, 610.64, 605.22, 600.03, 595.04, 590.34, 586.16, 582.58, 579.47, 576.60, 574.09, 571.84, 569.90, 568.14, 566.62, 565.35, 564.91, 565.27, 566.33, 567.86, 569.49, 571.20, 573.00, 574.97, 577.13, 579.51, 582.13, 585.02, 588.20, 591.70, 595.59, 599.93, 604.65, 609.62, 615.04, 620.87, 627.17, 634.05, 641.18, 648.71, 656.49, 664.65, 673.42, 682.32, 691.76, 701.41, 711.28, 721.38, 731.71, 742.29, 753.13, 764.24, 775.63, 787.32, 799.31, 811.61, 824.25, 837.22, 850.53, 864.20, 878.24, 892.62, 907.35, 922.43, 937.86, 953.69, 969.98, 986.82,1004.34,1022.69,1042.13,99999.00,99999.00,99999.00,99999.00,99999.00,99999.00,99999.00,99999.00,99999.00,99999.00,99999.00,99999.00,99999.00,99999.00,99999.00
99999.00,99999.00,99999.00,99999.00,99999.00,99999.00,99999.00,99999.00,99999.00,99999.00,99999.00,99999.00,99999.00,99999.00,99999.00, 824.51, 809.44, 795.57, 782.66, 770.53, 759.06, 748.15, 737.73, 727.73, 718.10, 708.82, 699.84, 691.14, 682.68, 674.85, 667.12, 659.68, 652.24, 645.03, 637.98, 630.98, 624.20, 617.51, 611.19, 605.21, 599.53, 594.20, 589.09, 584.20, 579.80, 576.01, 572.77, 569.91, 567.28, 565.00, 562.99, 561.26, 559.70, 558.44, 558.00, 558.36, 559.41, 560.97, 562.64, 564.35, 566.20, 568.22, 570.45, 572.90, 575.61, 578.59, 581.86, 585.49, 589.55, 594.09, 599.00, 604.21, 609.82, 615.91, 622.52, 629.65, 637.04, 644.81, 653.17, 661.65, 670.69, 680.08, 689.75, 699.62, 709.70, 720.00, 730.53, 741.29, 752.31, 763.58, 775.12, 786.95, 799.06, 811.47, 824.19, 837.23, 850.60, 864.31, 878.37, 892.76, 907.49, 922.54, 937.93, 953.71, 969.93, 986.68,1004.09,1022.32,1041.63,99999.00,99999.00,99999.00,99999.00,99999.00,99999.00,99999.00,99999.00,99999.00,99999.00,99999.00,99999.00,99999.00,99999.00,99999.00
99999.00,99999.00,99999.00,99999.00,99999.00,99999.00,99999.00,99999.00,99999.00,99999.00,99999.00,99999.00,99999.00,99999.00,99999.00, 822.20, 807.13, 793.26, 780.35, 768.22, 756.75, 745.84, 735.42, 725.42, 715.79, 706.51, 697.53, 688.83, 680.48, 672.32, 664.30, 656.47, 648.74, 641.30, 633.86, 626.65, 619.60, 612.63, 605.98, 599.73, 593.82, 588.24, 583.00, 578.01, 573.37, 569.36, 565.97, 563.04, 560.37, 558.05, 556.00, 554.25, 552.65, 551.40, 550.97, 551.32, 552.37, 553.96, 555.63, 557.37, 559.27, 561.35, 563.63, 566.16, 568.94, 572.00, 575.37, 579.14, 583.36, 588.11, 593.23, 598.65, 604.50, 610.89, 617.84, 625.19, 633.18, 641.27, 649.92, 658.89, 668.34, 678.08, 688.01, 698.14, 708.47, 719.01, 729.77, 740.77, 752.00, 763.47, 775.21, 787.21, 799.49, 812.05, 824.91, 838.08, 851.56, 865.37, 879.51, 893.98, 908.76, 923.84, 939.25, 955.03, 971.23, 987.94,1005.28,1023.43,1042.64,99999.00,99999.00,99999.00,99999.00,99999.00,99999.00,99999.00,99999.00,99999.00,99999.00,99999.00,99999.00,99999.00,99999.00,99999.00
99999.00,99999.00,99999.00,99999.00,99999.00,99999.00,99999.00,99999.00,99999.00,99999.00,99999.00,99999.00,99999.00,99999.00,99999.00, 820.61, 805.53, 791.66, 778.75, 766.63, 755.16, 744.25, 733.82, 723.82, 714.20, 704.91, 695.93, 687.23, 678.52, 669.93, 661.58, 653.42, 645.41, 637.57, 629.85, 622.40, 614.96, 607.79, 600.80, 594.22, 588.05, 582.25, 576.78, 571.67, 566.87, 562.66, 559.07, 556.04, 553.39, 550.98, 548.91, 547.11, 545.46, 544.23, 543.80, 544.16, 545.20, 546.83, 548.48, 550.27, 552.21, 554.34, 556.69, 559.28, 562.12, 565.25, 568.73, 572.64, 577.02, 581.99, 587.29, 592.96, 599.08, 605.78, 613.34, 621.02, 629.30, 637.90, 646.96, 656.65, 666.53, 676.58, 686.82, 697.25, 707.88, 718.71, 729.75, 741.01, 752.51, 764.24, 776.22, 788.45, 800.95, 813.72, 826.78, 840.13, 853.79, 867.76, 882.06, 896.66, 911.56, 926.75, 942.23, 958.05, 974.27, 990.98,1008.30,1026.40,1045.54,99999.00,99999.00,99999.00,99999.00,99999.00,99999.00,99999.00,99999.00,99999.00,99999.00,99999.00,99999.00,99999.00,99999.00,99999.00
99999.00,99999.00,99999.00,99999.00,99999.00,99999.00,99999.00,99999.00,99999.00,99999.00,99999.00,99999.00,99999.00,99999.00,99999.00, 819.40, 804.32, 790.45, 777.54, 765.42, 753.95, 743.04, 732.61, 722.61, 712.99, 703.70, 694.72, 685.74, 676.76, 667.78, 659.06, 650.46, 642.12, 633.96, 625.94, 618.11, 610.39, 602.98, 595.61, 588.71, 582.23, 576.18, 570.51, 565.18, 560.29, 555.87, 552.09, 548.92, 546.23, 543.79, 541.70, 539.84, 538.15, 536.93, 536.51, 536.87, 537.91, 539.53, 541.22, 543.04, 545.03, 547.21, 549.61, 552.24, 555.15, 558.35, 561.94, 565.97, 570.53, 575.68, 581.20, 587.14, 593.54, 600.82, 608.74, 616.91, 625.61, 634.94, 644.54, 654.63, 664.88, 675.31, 685.91, 696.70, 707.68, 718.85, 730.24, 741.83, 753.65, 765.70, 777.98, 790.51, 803.30, 816.35, 829.68, 843.28, 857.19, 871.40, 885.93, 900.75, 915.80, 930.98, 946.48, 962.34, 978.63, 995.37,1012.69,1030.77,1049.87,99999.00,99999.00,99999.00,99999.00,99999.00,99999.00,99999.00,99999.00,99999.00,99999.00,99999.00,99999.00,99999.00,99999.00,99999.00
99999.00,99999.00,99999.00,99999.00,99999.00,99999.00,99999.00,99999.00,99999.00,99999.00,99999.00,99999.00,99999.00,99999.00,99999.00, 818.83, 803.76, 789.89, 776.98, 764.85, 753.38, 742.47, 732.04, 722.04, 712.42, 703.14, 693.85, 684.57, 675.28, 666.00, 656.85, 647.70, 638.98, 630.38, 622.04, 613.88, 605.87, 598.07, 590.44, 583.17, 576.38, 570.04, 564.13, 558.62, 553.55, 548.99, 545.03, 541.70, 538.91, 536.53, 534.36, 532.44, 530.70, 529.50, 529.10, 529.47, 530.50, 532.11, 533.83, 535.69, 537.72, 539.94, 542.38, 545.07, 548.02, 551.30, 554.99, 559.15, 563.87, 569.20, 574.95, 581.16, 588.09, 595.81, 604.14, 613.09, 622.33, 632.18, 642.42, 652.96, 663.67, 674.54, 685.58, 696.80, 708.21, 719.81, 731.61, 743.61, 755.83, 768.28, 780.95, 793.86, 807.01, 820.42, 833.88, 847.55, 861.52, 875.80, 890.39, 905.21, 920.27, 935.58, 951.13, 966.90, 983.12, 999.93,1017.28,1035.37,1054.44,99999.00,99999.00,99999.00,99999.00,99999.00,99999.00,99999.00,99999.00,99999.00,99999.00,99999.00,99999.00,99999.00,99999.00,99999.00
99999.00,99999.00,99999.00,99999.00,99999.00,99999.00,99999.00,99999.00,99999.00,99999.00,99999.00,99999.00,99999.00,99999.00,99999.00, 819.00, 803.93, 790.06, 777.15, 765.02, 753.55, 742.64, 732.22, 722.22, 712.59, 702.97, 693.35, 683.73, 674.10, 664.48, 654.86, 645.24, 636.09, 626.94, 618.22, 609.62, 601.28, 593.17, 585.26, 577.60, 570.47, 563.83, 557.66, 551.93, 546.63, 542.02, 537.87, 534.37, 531.48, 529.07, 526.90, 524.91, 523.13, 521.95, 521.57, 521.94, 522.97, 524.57, 526.32, 528.21, 530.28, 532.54, 535.02, 537.74, 540.74, 544.09, 547.87, 552.15, 557.03, 562.54, 568.50, 575.19, 582.54, 590.96, 599.76, 609.29, 619.19, 629.90, 640.84, 651.94, 663.19, 674.60, 686.18, 697.94, 709.87, 722.00, 734.31, 746.83, 759.56, 772.49, 785.26, 798.22, 811.42, 824.89, 838.62, 852.63, 866.72, 881.05, 895.68, 910.51, 925.54, 940.73, 956.16, 971.93, 988.10,1004.70,1022.06,1040.16,1059.23,99999.00,99999.00,99999.00,99999.00,99999.00,99999.00,99999.00,99999.00,99999.00,99999.00,99999.00,99999.00,99999.00,99999.00,99999.00
99999.00,99999.00,99999.00,99999.00,99999.00,99999.00,99999.00,99999.00,99999.00,99999.00,99999.00,99999.00,99999.00,99999.00,99999.00, 819.90, 804.82, 790.95, 778.04, 765.92, 754.45, 743.54, 733.11, 723.11, 713.11, 703.11, 693.11, 683.11, 673.11, 663.11, 653.11, 643.11, 633.40, 623.72, 614.57, 605.42, 596.71, 588.17, 579.95, 572.00, 564.51, 557.55, 551.11, 545.14, 539.63, 534.87, 530.61, 526.96, 523.94, 521.46, 519.32, 517.26, 515.43, 514.28, 513.92, 514.30, 515.33, 516.91, 518.70, 520.63, 522.73, 525.02, 527.52, 530.26, 533.31, 536.72, 540.58, 544.98, 549.99, 555.67, 562.05, 569.08, 577.08, 585.95, 595.32, 605.66, 616.40, 627.98, 639.66, 651.44, 663.37, 675.46, 687.72, 700.14, 712.74, 725.53, 738.50, 751.44, 764.20, 777.19, 790.39, 803.83, 817.12, 830.62, 844.38, 858.43, 872.78, 887.44, 902.18, 916.97, 931.89, 946.92, 962.14, 977.62, 993.52,1009.99,1027.19,1045.26,1064.33,99999.00,99999.00,99999.00,99999.00,99999.00,99999.00,99999.00,99999.00,99999.00,99999.00,99999.00,99999.00,99999.00,99999.00,99999.00
99999.00,99999.00,99999.00,99999.00,99999.00,99999.00,99999.00,99999.00,99999.00,99999.00,99999.00,99999.00,99999.00,99999.00,99999.00, 822.03, 806.95, 793.08, 780.17, 768.05, 756.58, 745.67, 735.24, 724.81, 714.39, 703.96, 693.54, 683.11, 672.69, 662.26, 651.83, 641.41, 631.01, 620.75, 611.04, 601.36, 592.22, 583.14, 574.57, 566.23, 558.47, 551.19, 544.46, 538.25, 532.52, 527.52, 523.25, 519.44, 516.28, 513.72, 511.53, 509.49, 507.61, 506.49, 506.15, 506.55, 507.58, 509.15, 510.97, 512.93, 515.06, 517.37, 519.89, 522.64, 525.73, 529.19, 533.13, 537.62, 542.75, 548.78, 555.43, 563.02, 571.39, 580.89, 590.96, 602.13, 613.94, 626.45, 639.06, 651.76, 664.57, 677.53, 690.66, 703.95, 717.41, 730.64, 743.65, 756.86, 770.26, 783.66, 796.89, 810.36, 824.08, 838.04, 851.88, 865.95, 880.32, 895.01, 909.99, 924.96, 939.76, 954.47, 969.34, 984.43, 999.94,1015.98,1032.79,1050.65,1068.58,99999.00,99999.00,99999.00,99999.00,99999.00,99999.00,99999.00,99999.00,99999.00,99999.00,99999.00,99999.00,99999.00,99999.00,99999.00
99999.00,99999.00,99999.00,99999.00,99999.00,99999.00,99999.00,99999.00,99999.00,99999.00,99999.00,99999.00,99999.00,99999.00,99999.00, 825.09, 810.01, 796.15, 783.24, 771.11, 759.64, 749.03, 738.12, 727.20, 716.29, 705.38, 694.47, 683.56, 672.65, 661.74, 650.83, 639.92, 629.01, 618.10, 607.70, 597.44, 587.74, 578.14, 569.17, 560.34, 552.23, 544.72, 537.69, 531.23, 525.30, 520.06, 515.68, 511.81, 508.53, 505.87, 503.59, 501.60, 499.67, 498.60, 498.29, 498.70, 499.73, 501.30, 503.14, 505.13, 507.27, 509.60, 512.12, 514.90, 518.01, 521.51, 525.51, 530.07, 535.49, 541.72, 548.83, 556.68, 565.58, 575.66, 586.57, 598.69, 611.90, 625.62, 639.47, 653.40, 667.42, 681.55, 695.84, 709.85, 723.35, 737.03, 750.89, 764.53, 777.97, 791.61, 805.48, 819.35, 833.08, 847.07, 861.32, 875.79, 890.24, 904.99, 919.94, 934.69, 949.32, 963.82, 978.19, 992.69,1007.62,1023.10,1037.47,1043.39,1051.06,99999.00,99999.00,99999.00,99999.00,99999.00,99999.00,99999.00,99999.00,99999.00,99999.00,99999.00,99999.00,99999.00,99999.00,99999.00
99999.00,99999.00,99999.00,99999.00,99999.00,99999.00,99999.00,99999.00,99999.00,99999.00,99999.00,99999.00,99999.00,99999.00,99999.00, 828.61, 813.53, 799.66, 786.75, 774.68, 763.77, 752.85, 741.94, 730.51, 719.04, 707.57, 696.10, 684.63, 673.16, 661.69, 650.22, 638.75, 627.28, 615.81, 604.66, 593.70, 583.32, 573.16, 563.67, 554.38, 545.82, 538.00, 530.80, 524.09, 517.95, 512.49, 507.91, 504.06, 500.67, 497.90, 495.54, 493.52, 491.62, 490.60, 490.32, 490.75, 491.79, 493.35, 495.22, 497.23, 499.38, 501.71, 504.23, 507.02, 510.15, 513.69, 517.73, 522.34, 528.08, 534.69, 541.97, 550.21, 559.52, 570.14, 582.06, 595.42,99999.00,99999.00,99999.00,99999.00,99999.00,99999.00,99999.00,99999.00,99999.00,99999.00,99999.00,99999.00,99999.00,99999.00,99999.00,99999.00,99999.00,99999.00,99999.00,99999.00,99999.00,99999.00,99999.00,99999.00, 960.99, 974.90, 988.81,1002.75,1011.63,1015.43,1020.11,1025.92,1033.44,99999.00,99999.00,99999.00,99999.00,99999.00,99999.00,99999.00,99999.00,99999.00,99999.00,99999.00,99999.00,99999.00,99999.00,99999.00
99999.00,99999.00,99999.00,99999.00,99999.00,99999.00,99999.00,99999.00,99999.00,99999.00,99999.00,99999.00,99999.00,99999.00,99999.00, 832.49, 817.41, 803.54, 790.88, 779.97, 769.06, 757.63, 746.16, 734.69, 723.13, 711.00, 698.88, 686.75, 674.62, 662.50, 650.37, 638.24, 626.12, 613.99, 601.96, 590.16, 579.03, 568.21, 558.09, 548.32, 539.29, 531.08, 523.63, 516.79, 510.45, 504.79, 500.03, 496.12, 492.70, 489.82, 487.38, 485.30, 483.47, 482.50, 482.26, 482.72, 483.77, 485.32, 487.22, 489.24, 491.40, 493.71, 496.23, 499.04, 502.17, 505.74, 509.79, 514.62, 520.74, 527.43, 534.99, 543.48, 553.13, 564.33, 577.39,99999.00,99999.00,99999.00,99999.00,99999.00,99999.00,99999.00,99999.00,99999.00,99999.00,99999.00,99999.00,99999.00,99999.00,99999.00,99999.00,99999.00,99999.00,99999.00,99999.00,99999.00,99999.00,99999.00,99999.00,99999.00,99999.00, 987.65, 996.99, 993.37, 994.30, 998.01,1002.65,1008.39,1017.39,99999.00,99999.00,99999.00,99999.00,99999.00,99999.00,99999.00,99999.00,99999.00,99999.00,99999.00,99999.00,99999.00,99999.00,99999.00
99999.00,99999.00,99999.00,99999.00,99999.00,99999.00,99999.00,99999.00,99999.00,99999.00,99999.00,99999.00,99999.00,99999.00,99999.00, 836.97, 821.89, 808.84, 797.93, 786.50, 775.03, 763.56, 752.00, 739.87, 727.74, 715.62, 702.92, 690.01, 677.10, 664.19, 651.28, 638.37, 625.46, 612.55, 599.66, 586.87, 574.87, 563.25, 552.47, 542.13, 532.60, 524.00, 516.23, 509.20, 502.79, 496.94, 492.02, 487.96, 484.61, 481.63, 479.11, 476.97, 475.23, 474.32, 474.13, 474.61, 475.68, 477.22, 479.14, 481.17, 483.32, 485.62, 488.14, 490.94, 494.09, 497.66, 501.71, 507.07, 513.22, 520.11, 527.81, 536.48, 546.47, 558.03,99999.00,99999.00,99999.00,99999.00,99999.00,99999.00,99999.00,99999.00,99999.00,99999.00,99999.00,99999.00,99999.00,99999.00,99999.00,99999.00,99999.00,99999.00,99999.00,99999.00,99999.00,99999.00,99999.00,99999.00,99999.00,99999.00,99999.00,99999.00, 978.85, 975.67, 976.81, 980.50, 985.12, 990.77,1001.66,99999.00,99999.00,99999.00,99999.00,99999.00,99999.00,99999.00,99999.00,99999.00,99999.00,99999.00,99999.00,99999.00,99999.00,99999.00
99999.00,99999.00,99999.00,99999.00,99999.00,99999.00,99999.00,99999.00,99999.00,99999.00,99999.00,99999.00,99999.00,99999.00,99999.00, 842.55, 828.45, 817.51, 806.04, 794.56, 783.01, 770.88, 758.75, 746.63, 733.93, 721.02, 708.11, 694.60, 680.73, 666.86, 653.00, 639.13, 625.26, 611.39, 597.53, 583.68, 570.82, 558.29, 546.75, 535.77, 525.74, 516.73, 508.65, 501.38, 494.83, 488.94, 483.88, 479.69, 476.32, 473.34, 470.75, 468.55, 466.89, 466.05, 465.92, 466.44, 467.52, 469.07, 471.00, 473.03, 475.16, 477.46, 479.98, 482.78, 485.92, 489.48, 493.71, 499.38, 505.70, 512.69, 520.47, 529.33, 539.43, 551.20,99999.00,99999.00,99999.00,99999.00,99999.00,99999.00,99999.00,99999.00,99999.00,99999.00,99999.00,99999.00,99999.00,99999.00,99999.00,99999.00,99999.00,99999.00,99999.00,99999.00,99999.00,99999.00,99999.00,99999.00,99999.00,99999.00,99999.00,99999.00, 960.32, 957.76, 959.20, 962.94, 967.57, 974.77, 986.17,99999.00,99999.00,99999.00,99999.00,99999.00,99999.00,99999.00,99999.00,99999.00,99999.00,99999.00,99999.00,99999.00,99999.00,99999.00
99999.00,99999.00,99999.00,99999.00,99999.00,99999.00,99999.00,99999.00,99999.00,99999.00,99999.00,99999.00,99999.00,99999.00,99999.00, 849.77, 838.83, 827.36, 815.88, 804.33, 792.20, 780.07, 767.64, 754.73, 741.82, 728.31, 714.44, 700.57, 686.34, 671.26, 656.19, 641.11, 626.03, 610.96, 595.88, 580.84, 566.60, 553.07, 540.86, 529.19, 518.63, 509.24, 500.86, 493.37, 486.64, 480.78, 475.60, 471.31, 467.84, 464.95, 462.29, 460.05, 458.49, 457.72, 457.64, 458.20, 459.31, 460.86, 462.80, 464.82, 466.95, 469.24, 471.76, 474.55, 477.69, 481.22, 485.95, 491.78, 498.17, 505.21, 513.13, 522.02, 532.16, 543.97,99999.00,99999.00,99999.00,99999.00,99999.00,99999.00,99999.00,99999.00,99999.00,99999.00,99999.00,99999.00,99999.00,99999.00,99999.00,99999.00,99999.00,99999.00,99999.00,99999.00,99999.00,99999.00,99999.00,99999.00,99999.00,99999.00,99999.00,99999.00, 941.60, 939.77, 941.58, 945.40, 950.01, 959.38, 970.92,99999.00,99999.00,99999.00,99999.00,99999.00,99999.00,99999.00,99999.00,99999.00,99999.00,99999.00,99999.00,99999.00,99999.00,99999.00
99999.00,99999.00,99999.00,99999.00,99999.00,99999.00,99999.00,99999.00,99999.00,99999.00,99999.00,99999.00,99999.00,99999.00,99999.00,99999.00,99999.00,99999.00,99999.00,99999.00,99999.00,99999.00,99999.00,99999.00,99999.00,99999.00,99999.00,99999.00,99999.00,99999.00,99999.00,99999.00,99999.00,99999.00,99999.00,99999.00, 562.46, 547.73, 534.44, 522.11, 511.26, 501.50, 492.85, 485.15, 478.28, 472.34, 467.19, 462.82, 459.27, 456.40, 453.76, 451.48, 450.02, 449.34, 449.32, 449.93, 451.05, 452.61, 454.56, 456.57, 458.70, 460.99, 463.50, 466.29, 469.41, 473.11, 478.32, 484.21, 490.65, 497.83, 505.78, 514.70, 524.86, 536.65,99999.00,99999.00,99999.00,99999.00,99999.00,99999.00,99999.00,99999.00,99999.00,99999.00,99999.00,99999.00,99999.00,99999.00,99999.00,99999.00,99999.00,99999.00,99999.00,99999.00,99999.00,99999.00,99999.00,99999.00,99999.00,99999.00,99999.00,99999.00, 922.94, 921.86, 924.05, 927.95, 934.14, 944.27, 955.88,99999.00,99999.00,99999.00,99999.00,99999.00,99999.00,99999.00,99999.00,99999.00,99999.00,99999.00,99999.00,99999.00,99999.00,99999.00
99999.00,99999.00,99999.00,99999.00,99999.00,99999.00,99999.00,99999.00,99999.00,99999.00,99999.00,99999.00,99999.00,99999.00,99999.00,99999.00,99999.00,99999.00,99999.00,99999.00,99999.00,99999.00,99999.00,99999.00,99999.00,99999.00,99999.00,99999.00,99999.00,99999.00,99999.00,99999.00,99999.00,99999.00,99999.00,99999.00,99999.00,99999.00, 527.62, 514.62, 503.35, 493.48, 484.59, 476.73, 469.72, 463.68, 458.64, 454.21, 450.61, 447.67, 445.17, 442.84, 441.49, 440.90, 440.95, 441.61, 442.77, 444.34, 446.29, 448.29, 450.42, 452.71, 455.22, 458.00, 461.10, 465.30, 470.73, 476.68, 483.26, 490.46, 498.45, 507.39, 517.54, 529.33,99999.00,99999.00,99999.00,99999.00,99999.00,99999.00,99999.00,99999.00,99999.00,99999.00,99999.00,99999.00,99999.00,99999.00,99999.00,99999.00,99999.00,99999.00,99999.00,99999.00,99999.00,99999.00,99999.00,99999.00,99999.00,99999.00,99999.00,99999.00, 904.38, 904.05, 906.61, 910.60, 918.97, 929.37, 941.31,99999.00,99999.00,99999.00,99999.00,99999.00,99999.00,99999.00,99999.00,99999.00,99999.00,99999.00,99999.00,99999.00,99999.00,99999.00
99999.00,99999.00,99999.00,99999.00,99999.00,99999.00,99999.00,99999.00,99999.00,99999.00,99999.00,99999.00,99999.00,99999.00,99999.00,99999.00,99999.00,99999.00,99999.00,99999.00,99999.00,99999.00,99999.00,99999.00,99999.00,99999.00,99999.00,99999.00,99999.00,99999.00,99999.00,99999.00,99999.00,99999.00,99999.00,99999.00,99999.00,99999.00, 520.27, 506.68, 495.03, 484.95, 476.10, 468.10, 461.01, 454.89, 449.84, 445.50, 441.86, 438.89, 436.43, 434.15, 432.92, 432.42, 432.55, 433.26, 434.45, 436.03, 437.98, 439.99, 442.12, 444.41, 446.91, 449.68, 452.96, 457.64, 463.18, 469.27, 475.88, 483.12, 491.12, 500.05, 510.20, 521.90,99999.00,99999.00,99999.00,99999.00,99999.00,99999.00,99999.00,99999.00,99999.00,99999.00,99999.00,99999.00,99999.00,99999.00,99999.00,99999.00,99999.00,99999.00,99999.00,99999.00,99999.00,99999.00,99999.00,99999.00,99999.00,99999.00,99999.00,99999.00, 885.92, 886.33, 889.27, 894.95, 904.08, 914.93, 926.96,99999.00,99999.00,99999.00,99999.00,99999.00,99999.00,99999.00,99999.00,99999.00,99999.00,99999.00,99999.00,99999.00,99999.00,99999.00
99999.00,99999.00,99999.00,99999.00,99999.00,99999.00,99999.00,99999.00,99999.00,99999.00,99999.00,99999.00,99999.00,99999.00,99999.00,99999.00,99999.00,99999.00,99999.00,99999.00,99999.00,99999.00,99999.00,99999.00,99999.00,99999.00,99999.00,99999.00,99999.00,99999.00,99999.00,99999.00,99999.00,99999.00,99999.00,99999.00,99999.00,99999.00,99999.00, 498.24, 486.33, 476.09, 467.17, 459.30, 452.15, 445.96, 440.88, 436.70, 433.04, 430.04, 427.55, 425.42, 424.31, 423.92, 424.12, 424.89, 426.11, 427.71, 429.65, 431.67, 433.80, 436.09, 438.59, 441.35, 445.12, 450.08, 455.76, 461.88, 468.52, 475.79, 483.78, 492.71, 502.77, 514.31,99999.00,99999.00,99999.00,99999.00,99999.00,99999.00,99999.00,99999.00,99999.00,99999.00,99999.00,99999.00,99999.00,99999.00,99999.00,99999.00,99999.00,99999.00,99999.00,99999.00,99999.00,99999.00,99999.00,99999.00,99999.00,99999.00,99999.00,99999.00, 867.54, 868.70, 872.01, 879.98, 889.76, 900.70, 912.82,99999.00,99999.00,99999.00,99999.00,99999.00,99999.00,99999.00,99999.00,99999.00,99999.00,99999.00,99999.00,99999.00,99999.00,99999.00
99999.00,99999.00,99999.00,99999.00,99999.00,99999.00,99999.00,99999.00,99999.00,99999.00,99999.00,99999.00,99999.00,99999.00,99999.00,99999.00,99999.00,99999.00,99999.00,99999.00,99999.00,99999.00,99999.00,99999.00,99999.00,99999.00,99999.00,99999.00,99999.00,99999.00,99999.00,99999.00,99999.00,99999.00,99999.00,99999.00,99999.00,99999.00,99999.00, 489.18, 477.29, 466.98, 458.01, 450.15, 443.18, 436.95, 431.84, 427.70, 424.16, 421.16, 418.64, 416.67, 415.68, 415.39, 415.67, 416.50, 417.76, 419.38, 421.32, 423.34, 425.47, 427.76, 430.25, 433.18, 437.43, 442.65, 448.37, 454.52, 461.18, 468.43, 476.43, 485.27, 495.17, 506.59,99999.00,99999.00,99999.00,99999.00,99999.00,99999.00,99999.00,99999.00,99999.00,99999.00,99999.00,99999.00,99999.00,99999.00,99999.00,99999.00,99999.00,99999.00,99999.00,99999.00,99999.00,99999.00,99999.00,99999.00,99999.00,99999.00,99999.00,99999.00, 849.20, 851.11, 856.56, 865.29, 875.59, 886.62, 899.07,99999.00,99999.00,99999.00,99999.00,99999.00,99999.00,99999.00,99999.00,99999.00,99999.00,99999.00,99999.00,99999.00,99999.00,99999.00
99999.00,99999.00,99999.00,99999.00,99999.00,99999.00,99999.00,99999.00,99999.00,99999.00,99999.00,99999.00,99999.00,99999.00,99999.00,99999.00,99999.00,99999.00,99999.00,99999.00,99999.00,99999.00,99999.00,99999.00,99999.00,99999.00,99999.00,99999.00,99999.00,99999.00,99999.00,99999.00,99999.00,99999.00,99999.00,99999.00,99999.00,99999.00,99999.00, 479.60, 467.90, 457.71, 448.74, 440.87, 433.94, 427.87, 422.75, 418.60, 415.24, 412.24, 409.72, 407.90, 407.04, 406.85, 407.22, 408.10, 409.40, 411.04, 412.97, 415.00, 417.13, 419.42, 421.90, 425.33, 429.86, 435.25, 441.00, 447.18, 453.83, 461.08, 468.99, 477.66, 487.45, 498.73,99999.00,99999.00,99999.00,99999.00,99999.00,99999.00,99999.00,99999.00,99999.00,99999.00,99999.00,99999.00,99999.00,99999.00,99999.00,99999.00,99999.00,99999.00,99999.00,99999.00,99999.00,99999.00,99999.00,99999.00,99999.00,99999.00,99999.00,99999.00, 830.87, 833.53, 841.69, 851.12, 861.52, 872.87, 886.41,99999.00,99999.00,99999.00,99999.00,99999.00,99999.00,99999.00,99999.00,99999.00,99999.00,99999.00,99999.00,99999.00,99999.00,99999.00
99999.00,99999.00,99999.00,99999.00,99999.00,99999.00,99999.00,99999.00,99999.00,99999.00,99999.00,99999.00,99999.00,99999.00,99999.00,99999.00,99999.00,99999.00,99999.00,99999.00,99999.00,99999.00,99999.00,99999.00,99999.00,99999.00,99999.00,99999.00,99999.00,99999.00,99999.00,99999.00,99999.00,99999.00,99999.00,99999.00,99999.00,99999.00,99999.00, 469.97, 458.28, 448.29, 439.45, 431.59, 424.65, 418.80, 413.65, 409.49, 406.19, 403.31, 400.79, 399.12, 398.40, 398.31, 398.76, 399.70, 401.04, 402.70, 404.63, 406.65, 408.79, 411.07, 413.73, 417.63, 422.46, 427.88, 433.66, 439.82, 446.47, 453.64, 461.38, 469.95, 479.59, 490.61,99999.00,99999.00,99999.00,99999.00,99999.00,99999.00,99999.00,99999.00,99999.00,99999.00,99999.00,99999.00,99999.00,99999.00,99999.00,99999.00,99999.00,99999.00,99999.00,99999.00,99999.00,99999.00,99999.00,99999.00,99999.00,99999.00,99999.00,99999.00, 812.53, 818.07, 826.99, 837.05, 847.76, 860.21, 874.66,99999.00,99999.00,99999.00,99999.00,99999.00,99999.00,99999.00,99999.00,99999.00,99999.00,99999.00,99999.00,99999.00,99999.00,99999.00
99999.00,99999.00,99999.00,99999.00,99999.00,99999.00,99999.00,99999.00,99999.00,99999.00,99999.00,99999.00,99999.00,99999.00,99999.00,99999.00,99999.00,99999.00,99999.00,99999.00,99999.00,99999.00,99999.00,99999.00,99999.00,99999.00,99999.00,99999.00,99999.00,99999.00,99999.00,99999.00,99999.00,99999.00,99999.00,99999.00,99999.00,99999.00,99999.00, 460.35, 448.65, 438.67, 430.03, 422.30, 415.37, 409.54, 404.56, 400.39, 397.08, 394.39, 391.87, 390.35, 389.75, 389.77, 390.30, 391.30, 392.68, 394.35, 396.28, 398.31, 400.45, 402.72, 405.87, 410.06, 415.09, 420.54, 426.30, 432.47, 439.03, 446.03, 453.66, 462.09, 471.47, 482.04,99999.00,99999.00,99999.00,99999.00,99999.00,99999.00,99999.00,99999.00,99999.00,99999.00,99999.00,99999.00,99999.00,99999.00,99999.00,99999.00,99999.00,99999.00,99999.00,99999.00,99999.00,99999.00,99999.00,99999.00,99999.00,99999.00,99999.00,99999.00, 794.20, 803.20, 812.82, 823.29, 835.10, 848.46, 863.69,99999.00,99999.00,99999.00,99999.00,99999.00,99999.00,99999.00,99999.00,99999.00,99999.00,99999.00,99999.00,99999.00,99999.00,99999.00
99999.00,99999.00,99999.00,99999.00,99999.00,99999.00,99999.00,99999.00,99999.00,99999.00,99999.00,99999.00,99999.00,99999.00,99999.00,99999.00,99999.00,99999.00,99999.00,99999.00,99999.00,99999.00,99999.00,99999.00,99999.00,99999.00,99999.00,99999.00,99999.00,99999.00,99999.00,99999.00,99999.00,99999.00,99999.00,99999.00,99999.00,99999.00,99999.00, 450.54, 439.03, 429.04, 420.41, 412.88, 406.08, 400.25, 395.48, 391.29, 387.97, 385.33, 382.94, 381.58, 381.11, 381.24, 381.84, 382.91, 384.33, 386.01, 387.94, 389.97, 392.10, 394.54, 398.17, 402.65, 407.75, 413.19, 418.95, 425.03, 431.44, 438.33, 445.83, 454.00, 462.95, 472.83,99999.00,99999.00,99999.00,99999.00,99999.00,99999.00,99999.00,99999.00,99999.00,99999.00,99999.00,99999.00,99999.00,99999.00,99999.00,99999.00,99999.00,99999.00,99999.00,99999.00,99999.00,99999.00,99999.00,99999.00,99999.00,99999.00,99999.00,99999.00, 778.74, 788.50, 799.08, 810.65, 823.36, 837.50, 853.18,99999.00,99999.00,99999.00,99999.00,99999.00,99999.00,99999.00,99999.00,99999.00,99999.00,99999.00,99999.00,99999.00,99999.00,99999.00
99999.00,99999.00,99999.00,99999.00,99999.00,99999.00,99999.00,99999.00,99999.00,99999.00,99999.00,99999.00,99999.00,99999.00,99999.00,99999.00,99999.00,99999.00,99999.00,99999.00,99999.00,99999.00,99999.00,99999.00,99999.00,99999.00,99999.00,99999.00,99999.00,99999.00,99999.00,99999.00,99999.00,99999.00,99999.00,99999.00,99999.00,99999.00,99999.00, 440.54, 429.22, 419.42, 410.79, 403.26, 396.80, 390.97, 386.23, 382.20, 378.87, 376.22, 374.02, 372.81, 372.47, 372.70, 373.39, 374.51, 375.97, 377.68, 379.60, 381.64, 383.75, 386.69, 390.60, 395.29, 400.43, 405.88, 411.58, 417.51, 423.83, 430.62, 437.91, 445.74, 454.17, 463.31, 473.32,99999.00,99999.00,99999.00,99999.00,99999.00,99999.00,99999.00,99999.00,99999.00,99999.00,99999.00,99999.00,99999.00,99999.00,99999.00,99999.00,99999.00,99999.00,99999.00,99999.00,99999.00,99999.00,99999.00,99999.00,99999.00,99999.00, 753.29, 763.92, 774.94, 786.56, 798.99, 812.47, 827.04, 843.18,99999.00,99999.00,99999.00,99999.00,99999.00,99999.00,99999.00,99999.00,99999.00,99999.00,99999.00,99999.00,99999.00,99999.00,99999.00
99999.00,99999.00,99999.00,99999.00,99999.00,99999.00,99999.00,99999.00,99999.00,99999.00,99999.00,99999.00,99999.00,99999.00,99999.00,99999.00,99999.00,99999.00,99999.00,99999.00,99999.00,99999.00,99999.00,99999.00,99999.00,99999.00,99999.00,99999.00,99999.00,99999.00,99999.00,99999.00,99999.00,99999.00,99999.00,99999.00,99999.00,99999.00,99999.00, 430.54, 419.22, 409.61, 401.16, 393.64, 387.23, 381.68, 376.94, 373.12, 369.77, 367.12, 365.10, 364.05, 363.84, 364.18, 364.95, 366.13, 367.63, 369.36, 371.28, 373.31, 375.60, 379.03, 383.24, 388.00, 393.20, 398.59, 404.15, 410.03, 416.28, 422.93, 429.97, 437.42, 445.35, 453.76, 462.74, 472.26,99999.00,99999.00,99999.00,99999.00,99999.00,99999.00,99999.00,99999.00,99999.00,99999.00,99999.00,99999.00,99999.00,99999.00,99999.00,99999.00,99999.00,99999.00,99999.00,99999.00,99999.00,99999.00,99999.00,99999.00, 727.54, 739.18, 750.82, 762.73, 775.14, 788.27, 802.15, 817.14, 833.36,99999.00,99999.00,99999.00,99999.00,99999.00,99999.00,99999.00,99999.00,99999.00,99999.00,99999.00,99999.00,99999.00,99999.00,99999.00
99999.00,99999.00,99999.00,99999.00,99999.00,99999.00,99999.00,99999.00,99999.00,99999.00,99999.00,99999.00,99999.00,99999.00,99999.00,99999.00,99999.00,99999.00,99999.00,99999.00,99999.00,99999.00,99999.00,99999.00,99999.00,99999.00,99999.00,99999.00,99999.00,99999.00,99999.00,99999.00,99999.00,99999.00,99999.00,99999.00,99999.00,99999.00,99999.00, 420.54, 409.22, 399.61, 391.35, 384.01, 377.61, 372.40, 367.66, 363.87, 360.68, 358.03, 356.20, 355.31, 355.23, 355.66, 356.52, 357.77, 359.31, 361.06, 362.99, 365.01, 367.81, 371.52, 375.95, 380.84, 386.00, 391.28, 396.82, 402.67, 408.84, 415.31, 422.07, 429.20, 436.65, 444.44, 452.60, 461.62, 471.24, 481.02, 490.25, 499.11, 507.76, 516.30, 524.98, 533.75, 542.60, 551.54, 560.62, 569.97, 579.52, 589.29, 599.24, 609.41, 619.96, 630.77, 641.83, 653.21, 665.02, 677.21, 689.79, 702.33, 714.70, 726.93, 739.21, 751.73, 764.73, 778.19, 792.43, 807.47, 823.93,99999.00,99999.00,99999.00,99999.00,99999.00,99999.00,99999.00,99999.00,99999.00,99999.00,99999.00,99999.00,99999.00,99999.00,99999.00
99999.00,99999.00,99999.00,99999.00,99999.00,99999.00,99999.00,99999.00,99999.00,99999.00,99999.00,99999.00,99999.00,99999.00,99999.00,99999.00,99999.00,99999.00,99999.00,99999.00,99999.00,99999.00,99999.00,99999.00,99999.00,99999.00,99999.00,99999.00,99999.00,99999.00,99999.00,99999.00,99999.00,99999.00,99999.00,99999.00,99999.00,99999.00,99999.00, 410.28, 399.22, 389.61, 381.35, 374.24, 367.99, 362.83, 358.37, 354.58, 351.61, 348.95, 347.31, 346.57, 346.62, 347.17, 348.11, 349.43, 351.01, 352.79, 354.72, 356.93, 360.22, 364.25, 368.77, 373.75, 378.82, 384.10, 389.64, 395.45, 401.50, 407.77, 414.33, 421.14, 428.21, 435.50, 443.56, 452.36, 461.62, 470.68, 479.41, 487.93, 496.35, 504.88, 513.51, 522.21, 530.99, 539.90, 549.07, 558.43, 568.00, 577.74, 587.68, 597.99, 608.54, 619.32, 630.40, 641.88, 653.71, 665.95, 678.49, 691.09, 703.64, 716.18, 728.84, 741.80, 755.01, 768.75, 783.28, 798.81, 815.74,99999.00,99999.00,99999.00,99999.00,99999.00,99999.00,99999.00,99999.00,99999.00,99999.00,99999.00,99999.00,99999.00,99999.00,99999.00
99999.00,99999.00,99999.00,99999.00,99999.00,99999.00,99999.00,99999.00,99999.00,99999.00,99999.00,99999.00,99999.00,99999.00,99999.00,99999.00,99999.00,99999.00,99999.00,99999.00,99999.00,99999.00,99999.00,99999.00,99999.00,99999.00,99999.00,99999.00,99999.00,99999.00,99999.00,99999.00,99999.00,99999.00,99999.00,99999.00,99999.00,99999.00,99999.00, 399.85, 388.96, 379.61, 371.35, 364.24, 358.36, 353.21, 349.09, 345.30, 342.35, 339.89, 338.43, 337.86, 338.04, 338.70, 339.73, 341.11, 342.75, 344.55, 346.50, 349.22, 352.82, 357.08, 361.78, 366.69, 371.78, 377.10, 382.64, 388.37, 394.28, 400.42, 406.77, 413.33, 420.08, 427.51, 435.62, 444.30, 452.99, 461.58, 469.98, 478.26, 486.67, 495.16, 503.71, 512.34, 521.09, 530.10, 539.28, 548.66, 558.19, 567.93, 578.01, 588.31, 598.83, 609.64, 620.81, 632.32, 644.20, 656.38, 668.81, 681.34, 693.94, 706.64, 719.56, 732.74, 746.35, 760.50, 775.43, 791.34, 808.66,99999.00,99999.00,99999.00,99999.00,99999.00,99999.00,99999.00,99999.00,99999.00,99999.00,99999.00,99999.00,99999.00,99999.00,99999.00
99999.00,99999.00,99999.00,99999.00,99999.00,99999.00,99999.00,99999.00,99999.00,99999.00,99999.00,99999.00,99999.00,99999.00,99999.00,99999.00,99999.00,99999.00,99999.00,99999.00,99999.00,99999.00,99999.00,99999.00,99999.00,99999.00,99999.00,99999.00,99999.00,99999.00,99999.00,99999.00,99999.00,99999.00,99999.00,99999.00,99999.00,99999.00,99999.00, 389.43, 378.53, 369.35, 361.35, 354.24, 348.59, 343.59, 339.52, 336.01, 333.06, 330.85, 329.58, 329.16, 329.48, 330.25, 331.38, 332.83, 334.52, 336.35, 338.52, 341.75, 345.67, 350.04, 354.84, 359.79, 364.94, 370.28, 375.78, 381.42, 387.24, 393.24, 399.42, 405.77, 412.79, 420.42, 428.58, 436.84, 445.14, 453.40, 461.57, 469.85, 478.21, 486.62, 495.10, 503.70, 512.55, 521.56, 530.76, 540.11, 549.64, 559.52, 569.59, 579.87, 590.41, 601.31, 612.51, 624.07, 635.89, 647.96, 660.31, 672.83, 685.55, 698.45, 711.61, 725.07, 738.99, 753.46, 768.70, 784.93, 802.51,99999.00,99999.00,99999.00,99999.00,99999.00,99999.00,99999.00,99999.00,99999.00,99999.00,99999.00,99999.00,99999.00,99999.00,99999.00
99999.00,99999.00,99999.00,99999.00,99999.00,99999.00,99999.00,99999.00,99999.00,99999.00,99999.00,99999.00,99999.00,99999.00,99999.00,99999.00,99999.00,99999.00,99999.00,99999.00,99999.00,99999.00,99999.00,99999.00,99999.00,99999.00,99999.00,99999.00,99999.00,99999.00,99999.00,99999.00,99999.00,99999.00,99999.00,99999.00,99999.00,99999.00,99999.00, 379.00, 368.11, 358.92, 351.09, 344.24, 338.59, 333.97, 329.90, 326.73, 323.78, 321.82, 320.74, 320.49, 320.95, 321.84, 323.05, 324.58, 326.32, 328.20, 330.92, 334.47, 338.64, 343.21, 348.07, 353.10, 358.27, 363.56, 368.98, 374.55, 380.27, 386.16, 392.21, 398.92, 406.25, 414.05, 421.90, 429.86, 437.89, 445.93, 454.08, 462.32, 470.60, 478.94, 487.39, 496.09, 504.94, 513.97, 523.14, 532.49, 542.16, 552.02, 562.07, 572.38, 583.14, 594.22, 605.52, 617.02, 628.78, 640.82, 653.14, 665.69, 678.48, 691.49, 704.81, 718.48, 732.61, 747.31, 762.79, 779.25, 796.93,99999.00,99999.00,99999.00,99999.00,99999.00,99999.00,99999.00,99999.00,99999.00,99999.00,99999.00,99999.00,99999.00,99999.00,99999.00
99999.00,99999.00,99999.00,99999.00,99999.00,99999.00,99999.00,99999.00,99999.00,99999.00,99999.00,99999.00,99999.00,99999.00,99999.00,99999.00,99999.00,99999.00,99999.00,99999.00,99999.00,99999.00,99999.00,99999.00,99999.00,99999.00,99999.00,99999.00,99999.00,99999.00,99999.00,99999.00,99999.00,99999.00,99999.00,99999.00,99999.00,99999.00,99999.00, 368.23, 357.68, 348.50, 340.67, 334.24, 328.59, 324.19, 320.28, 317.16, 314.49, 312.82, 311.93, 311.85, 312.45, 313.45, 314.77, 316.37, 318.17, 320.33, 323.57, 327.46, 331.76, 336.54, 341.45, 346.48, 351.61, 356.86, 362.23, 367.74, 373.41, 379.22, 385.69, 392.79, 400.36, 407.92, 415.55, 423.30, 431.13, 439.16, 447.28, 455.43, 463.64, 471.96, 480.51, 489.21, 498.08, 507.08, 516.25, 525.73, 535.44, 545.39, 555.77, 566.44, 577.29, 588.32, 599.56, 611.03, 622.76, 634.77, 647.07, 659.62, 672.44, 685.52, 698.94, 712.74, 727.02, 741.89, 757.53, 774.13, 791.73,99999.00,99999.00,99999.00,99999.00,99999.00,99999.00,99999.00,99999.00,99999.00,99999.00,99999.00,99999.00,99999.00,99999.00,99999.00
99999.00,99999.00,99999.00,99999.00,99999.00,99999.00,99999.00,99999.00,99999.00,99999.00,99999.00,99999.00,99999.00,99999.00,99999.00,99999.00,99999.00,99999.00,99999.00,99999.00,99999.00,99999.00,99999.00,99999.00,99999.00,99999.00,99999.00,99999.00,99999.00,99999.00,99999.00,99999.00,99999.00,99999.00,99999.00,99999.00,99999.00,99999.00,99999.00, 357.32, 346.91, 338.07, 330.24, 323.97, 318.59, 314.19, 310.65, 307.54, 305.21, 303.84, 303.15, 303.24, 303.98, 305.10, 306.52, 308.20, 310.07, 312.85, 316.42, 320.58, 325.12, 329.94, 334.86, 339.87, 344.97, 350.20, 355.54, 361.02, 366.65, 372.93, 379.84, 387.24, 394.64, 402.04, 409.50, 417.10, 424.95, 432.94, 440.97, 449.06, 457.24, 465.65, 474.21, 482.93, 491.77, 500.97, 510.38, 520.01, 530.05, 540.37, 550.84, 561.46, 572.25, 583.25, 594.46, 605.90, 617.60, 629.58, 641.85, 654.38, 667.21, 680.33, 693.81, 707.68, 722.06, 737.04, 752.78, 769.29, 786.81,99999.00,99999.00,99999.00,99999.00,99999.00,99999.00,99999.00,99999.00,99999.00,99999.00,99999.00,99999.00,99999.00,99999.00,99999.00
99999.00,99999.00,99999.00,99999.00,99999.00,99999.00,99999.00,99999.00,99999.00,99999.00,99999.00,99999.00,99999.00,99999.00,99999.00,99999.00,99999.00,99999.00,99999.00,99999.00,99999.00,99999.00,99999.00,99999.00,99999.00,99999.00,99999.00,99999.00,99999.00,99999.00,99999.00,99999.00,99999.00,99999.00,99999.00,99999.00,99999.00,99999.00,99999.00, 346.41, 336.00, 327.30, 319.81, 313.55, 308.59, 304.19, 300.88, 297.92, 295.93, 294.86, 294.40, 294.66, 295.54, 296.79, 298.31, 300.08, 302.32, 305.63, 309.56, 313.81, 318.52, 323.36, 328.28, 333.27, 338.37, 343.58, 348.93, 354.41, 360.53, 367.29, 374.54, 381.81, 389.10, 396.38, 403.72, 411.37, 419.19, 427.10, 435.06, 443.12, 451.46, 459.95, 468.55, 477.50, 486.64, 495.99, 505.73, 515.73, 525.87, 536.13, 546.54, 557.12, 567.89, 578.86, 590.04, 601.45, 613.11, 625.05, 637.29, 649.80, 662.61, 675.74, 689.25, 703.16, 717.58, 732.60, 748.24, 764.67, 782.12,99999.00,99999.00,99999.00,99999.00,99999.00,99999.00,99999.00,99999.00,99999.00,99999.00,99999.00,99999.00,99999.00,99999.00,99999.00
99999.00,99999.00,99999.00,99999.00,99999.00,99999.00,99999.00,99999.00,99999.00,99999.00,99999.00,99999.00,99999.00,99999.00,99999.00,99999.00,99999.00,99999.00,99999.00,99999.00,99999.00,99999.00,99999.00,99999.00,99999.00,99999.00,99999.00,99999.00,99999.00,99999.00,99999.00,99999.00,99999.00,99999.00,99999.00,99999.00,99999.00,99999.00,99999.00, 335.49, 325.09, 316.38, 309.34, 303.12, 298.33, 294.19, 290.88, 288.29, 286.64, 285.88, 285.68, 286.11, 287.15, 288.52, 290.15, 292.07, 294.96, 298.59, 302.71, 307.17, 311.95, 316.79, 321.71, 326.71, 331.81, 337.04, 342.40, 348.41, 355.04, 362.17, 369.33, 376.52, 383.72, 390.92, 398.34, 405.97, 413.73, 421.59, 429.73, 438.01, 446.39, 455.11, 464.02, 473.11, 482.59, 492.31, 502.14, 512.09, 522.16, 532.39, 542.77, 553.33, 564.07, 575.00, 586.15, 597.52, 609.15, 621.04, 633.23, 645.71, 658.50, 671.61, 685.10, 699.01, 713.41, 728.33, 743.88, 760.24, 777.64,99999.00,99999.00,99999.00,99999.00,99999.00,99999.00,99999.00,99999.00,99999.00,99999.00,99999.00,99999.00,99999.00,99999.00,99999.00
99999.00,99999.00,99999.00,99999.00,99999.00,99999.00,99999.00,99999.00,99999.00,99999.00,99999.00,99999.00,99999.00,99999.00,99999.00,99999.00,99999.00,99999.00,99999.00,99999.00,99999.00,99999.00,99999.00,99999.00,99999.00,99999.00,99999.00,99999.00,99999.00,99999.00,99999.00,99999.00,99999.00,99999.00,99999.00,99999.00,99999.00,99999.00,99999.00, 324.19, 314.17, 305.47, 298.43, 292.70, 287.90, 284.19, 280.88, 278.67, 277.36, 276.90, 276.98, 277.60, 278.79, 280.29, 282.03, 284.43, 287.78, 291.70, 295.92, 300.59, 305.38, 310.23, 315.16, 320.18, 325.32, 330.58, 336.48, 343.01, 350.04, 357.11, 364.21, 371.34, 378.49, 385.81, 393.29, 400.92, 408.87, 416.96, 425.14, 433.65, 442.34, 451.21, 460.44, 469.90, 479.48, 489.14, 498.92, 508.82, 518.87, 529.07, 539.42, 549.95, 560.65, 571.55, 582.66, 593.99, 605.57, 617.42, 629.56, 641.98, 654.72, 667.79, 681.24, 695.09, 709.39, 724.22, 739.71, 756.01, 773.36,99999.00,99999.00,99999.00,99999.00,99999.00,99999.00,99999.00,99999.00,99999.00,99999.00,99999.00,99999.00,99999.00,99999.00,99999.00
99999.00,99999.00,99999.00,99999.00,99999.00,99999.00,99999.00,99999.00,99999.00,99999.00,99999.00,99999.00,99999.00,99999.00,99999.00,99999.00,99999.00,99999.00,99999.00,99999.00,99999.00,99999.00,99999.00,99999.00,99999.00,99999.00,99999.00,99999.00,99999.00,99999.00,99999.00,99999.00,99999.00,99999.00,99999.00,99999.00,99999.00,99999.00,99999.00, 312.72, 302.87, 294.56, 287.52, 282.22, 277.47, 273.93, 270.88, 269.05, 268.07, 267.92, 268.27, 269.12, 270.47, 272.11, 274.11, 277.06, 280.71, 284.83, 289.26, 294.01, 298.82, 303.69, 308.64, 313.71, 318.88, 324.70, 331.15, 338.09, 345.08, 352.10, 359.17, 366.28, 373.60, 381.11, 388.80, 396.66, 404.66, 412.98, 421.47, 430.12, 439.14, 448.37, 457.70, 467.11, 476.62, 486.25, 496.00, 505.88, 515.90, 526.07, 536.39, 546.87, 557.54, 568.39, 579.45, 590.74, 602.27, 614.06, 626.13, 638.48, 651.14, 664.14, 677.50, 691.26, 705.49, 720.26, 735.70, 751.96, 769.28,99999.00,99999.00,99999.00,99999.00,99999.00,99999.00,99999.00,99999.00,99999.00,99999.00,99999.00,99999.00,99999.00,99999.00,99999.00
99999.00,99999.00,99999.00,99999.00,99999.00,99999.00,99999.00,99999.00,99999.00,99999.00,99999.00,99999.00,99999.00,99999.00,99999.00,99999.00,99999.00,99999.00,99999.00,99999.00,99999.00,99999.00,99999.00,99999.00,99999.00,99999.00,99999.00,99999.00,99999.00,99999.00,99999.00,99999.00,99999.00,99999.00,99999.00,99999.00,99999.00,99999.00,99999.00, 301.25, 291.40, 283.33, 276.61, 271.31, 267.05, 263.50, 260.88, 259.43, 258.79, 258.94, 259.57, 260.67, 262.19, 263.95, 266.44, 269.85, 273.80, 278.02, 282.66, 287.43, 292.27, 297.17, 302.17, 307.28, 313.03, 319.40, 326.27, 333.19, 340.17, 347.21, 354.31, 361.64, 369.18, 376.94, 384.86, 392.97, 401.27, 409.74, 418.55, 427.58, 436.69, 445.87, 455.14, 464.51, 474.00, 483.60, 493.32, 503.17, 513.15, 523.28, 533.56, 544.00, 554.62, 565.43, 576.44, 587.67, 599.12, 610.83, 622.82, 635.09, 647.67, 660.59, 673.88, 687.58, 701.76, 716.49, 731.90, 748.13, 765.44,99999.00,99999.00,99999.00,99999.00,99999.00,99999.00,99999.00,99999.00,99999.00,99999.00,99999.00,99999.00,99999.00,99999.00,99999.00
99999.00,99999.00,99999.00,99999.00,99999.00,99999.00,99999.00,99999.00,99999.00,99999.00,99999.00,99999.00,99999.00,99999.00,99999.00,99999.00,99999.00,99999.00,99999.00,99999.00,99999.00,99999.00,99999.00,99999.00,99999.00,99999.00,99999.00,99999.00,99999.00,99999.00,99999.00,99999.00,99999.00,99999.00,99999.00,99999.00,99999.00,99999.00,99999.00, 289.46, 279.93, 271.86, 265.70, 260.40, 256.57, 253.08, 250.88, 249.80, 249.50, 249.96, 250.87, 252.22, 253.93, 255.99, 259.04, 262.75, 266.90, 271.33, 276.06, 280.87, 285.73, 290.69, 295.74, 301.43, 307.73, 314.54, 321.42, 328.37, 335.40, 342.50, 349.85, 357.45, 365.25, 373.27, 381.50, 389.94, 398.57, 407.44, 416.32, 425.28, 434.34, 443.48, 452.72, 462.07, 471.52, 481.09, 490.78, 500.59, 510.53, 520.62, 530.86, 541.25, 551.82, 562.57, 573.52, 584.69, 596.08, 607.73, 619.65, 631.87, 644.40, 657.27, 670.51, 684.18, 698.34, 713.05, 728.44, 744.66, 761.97,99999.00,99999.00,99999.00,99999.00,99999.00,99999.00,99999.00,99999.00,99999.00,99999.00,99999.00,99999.00,99999.00,99999.00,99999.00
99999.00,99999.00,99999.00,99999.00,99999.00,99999.00,99999.00,99999.00,99999.00,99999.00,99999.00,99999.00,99999.00,99999.00,99999.00,99999.00,99999.00,99999.00,99999.00,99999.00,99999.00,99999.00,99999.00,99999.00,99999.00,99999.00,99999.00,99999.00,99999.00,99999.00,99999.00,99999.00,99999.00,99999.00,99999.00,99999.00,99999.00,99999.00,99999.00, 277.33, 268.14, 260.39, 254.47, 249.49, 245.66, 242.65, 240.88, 240.18, 240.22, 240.98, 242.16, 243.75, 245.66, 248.28, 251.79, 255.80, 260.05, 264.70, 269.47, 274.31, 279.23, 284.24, 289.87, 296.12, 302.86, 309.72, 316.66, 323.69, 330.80, 338.19, 345.81, 353.68, 361.82, 370.17, 378.75, 387.63, 396.55, 405.48, 414.41, 423.35, 432.37, 441.48, 450.70, 460.01, 469.44, 478.97, 488.63, 498.41, 508.33, 518.38, 528.59, 538.96, 549.49, 560.22, 571.14, 582.27, 593.64, 605.25, 617.15, 629.33, 641.84, 654.69, 667.92, 681.58, 695.73, 710.44, 725.84, 742.08, 759.40,99999.00,99999.00,99999.00,99999.00,99999.00,99999.00,99999.00,99999.00,99999.00,99999.00,99999.00,99999.00,99999.00,99999.00,99999.00
99999.00,99999.00,99999.00,99999.00,99999.00,99999.00,99999.00,99999.00,99999.00,99999.00,99999.00,99999.00,99999.00,99999.00,99999.00,99999.00,99999.00,99999.00,99999.00,99999.00,99999.00,99999.00,99999.00,99999.00,99999.00,99999.00,99999.00,99999.00,99999.00,99999.00,99999.00,99999.00,99999.00,99999.00,99999.00,99999.00,99999.00,99999.00,99999.00, 265.20, 256.01, 248.92, 243.00, 238.58, 234.75, 232.23, 230.88, 230.56, 230.93, 232.00, 233.45, 235.37, 237.67, 240.85, 244.66, 248.86, 253.33, 258.07, 262.89, 267.78, 272.75, 278.34, 284.53, 291.22, 298.06, 305.00, 312.04, 319.18, 326.57, 334.24, 342.20, 350.43, 358.91, 367.73, 376.69, 385.69, 394.70, 403.72, 412.74, 421.76, 430.79, 439.90, 449.12, 458.43, 467.85, 477.39, 487.05, 496.83, 506.74, 516.80, 527.01, 537.37, 547.91, 558.63, 569.55, 580.69, 592.05, 603.67, 615.56, 627.75, 640.26, 653.12, 666.36, 680.04, 694.21, 708.95, 724.37, 740.64, 757.99,99999.00,99999.00,99999.00,99999.00,99999.00,99999.00,99999.00,99999.00,99999.00,99999.00,99999.00,99999.00,99999.00,99999.00,99999.00
99999.00,99999.00,99999.00,99999.00,99999.00,99999.00,99999.00,99999.00,99999.00,99999.00,99999.00,99999.00,99999.00,99999.00,99999.00,99999.00,99999.00,99999.00,99999.00,99999.00,99999.00,99999.00,99999.00,99999.00,99999.00,99999.00,99999.00,99999.00,99999.00,99999.00,99999.00,99999.00,99999.00,99999.00,99999.00,99999.00,99999.00,99999.00,99999.00, 253.08, 243.88, 237.13, 231.52, 227.35, 223.84, 221.80, 220.88, 220.94, 221.65, 223.02, 224.69, 226.96, 229.91, 233.57, 237.67, 241.98, 246.66, 251.45, 256.33, 261.27, 266.82, 272.96, 279.59, 286.44, 293.38, 300.43, 307.54, 314.96, 322.70, 330.74, 339.07, 347.76, 356.71, 365.78, 374.87, 383.99, 393.13, 402.27, 411.42, 420.56, 429.71, 438.86, 448.10, 457.44, 466.90, 476.46, 486.15, 495.96, 505.91, 515.99, 526.23, 536.63, 547.20, 557.95, 568.90, 580.06, 591.46, 603.11, 615.03, 627.25, 639.79, 652.68, 665.97, 679.69, 693.91, 708.70, 724.17, 740.48, 757.88,99999.00,99999.00,99999.00,99999.00,99999.00,99999.00,99999.00,99999.00,99999.00,99999.00,99999.00,99999.00,99999.00,99999.00,99999.00
99999.00,99999.00,99999.00,99999.00,99999.00,99999.00,99999.00,99999.00,99999.00,99999.00,99999.00,99999.00,99999.00,99999.00,99999.00,99999.00,99999.00,99999.00,99999.00,99999.00,99999.00,99999.00,99999.00,99999.00,99999.00,99999.00,99999.00,99999.00,99999.00,99999.00,99999.00,99999.00,99999.00,99999.00,99999.00,99999.00,99999.00,99999.00,99999.00, 240.78, 231.76, 225.00, 220.05, 215.88, 212.93, 211.37, 210.88, 211.31, 212.36, 214.00, 216.18, 218.84, 222.33, 226.40, 230.69, 235.21, 239.98, 244.85, 249.78, 255.29, 261.39, 267.97, 274.82, 281.76, 288.78, 295.90, 303.37, 311.15, 319.25, 327.76, 336.56, 345.67, 354.86, 364.09, 373.35, 382.63, 391.93, 401.23, 410.53, 419.84, 429.14, 438.44, 447.75, 457.16, 466.67, 476.30, 486.04, 495.92, 505.92, 516.07, 526.37, 536.83, 547.46, 558.27, 569.28, 580.50, 591.96, 603.67, 615.65, 627.93, 640.54, 653.50, 666.86, 680.65, 694.94, 709.80, 725.34, 741.72, 759.18,99999.00,99999.00,99999.00,99999.00,99999.00,99999.00,99999.00,99999.00,99999.00,99999.00,99999.00,99999.00,99999.00,99999.00,99999.00
99999.00,99999.00,99999.00,99999.00,99999.00,99999.00,99999.00,99999.00,99999.00,99999.00,99999.00,99999.00,99999.00,99999.00,99999.00,99999.00,99999.00,99999.00,99999.00,99999.00,99999.00,99999.00,99999.00,99999.00,99999.00,99999.00,99999.00,99999.00,99999.00,99999.00,99999.00,99999.00,99999.00,99999.00,99999.00,99999.00,99999.00,99999.00,99999.00, 227.87, 219.63, 212.87, 208.26, 204.41, 202.02, 200.95, 200.88, 201.69, 203.06, 204.98, 207.65, 210.94, 214.91, 219.28, 223.77, 228.50, 233.35, 238.26, 243.75, 249.82, 256.35, 263.20, 270.10, 277.12, 284.25, 291.73, 299.54, 307.79, 316.36, 325.29, 334.52, 343.84, 353.23, 362.66, 372.12, 381.60, 391.10, 400.59, 410.09, 419.59, 429.10, 438.60, 448.10, 457.60, 467.20, 476.92, 486.76, 496.73, 506.83, 517.07, 527.46, 538.01, 548.74, 559.64, 570.75, 582.07, 593.62, 605.42, 617.50, 629.87, 642.57, 655.63, 669.09, 682.99, 697.38, 712.33, 727.97, 744.44, 761.98,99999.00,99999.00,99999.00,99999.00,99999.00,99999.00,99999.00,99999.00,99999.00,99999.00,99999.00,99999.00,99999.00,99999.00,99999.00
99999.00,99999.00,99999.00,99999.00,99999.00,99999.00,99999.00,99999.00,99999.00,99999.00,99999.00,99999.00,99999.00,99999.00,99999.00,99999.00,99999.00,99999.00,99999.00,99999.00,99999.00,99999.00,99999.00,99999.00,99999.00,99999.00,99999.00,99999.00,99999.00,99999.00,99999.00,99999.00,99999.00,99999.00,99999.00,99999.00,99999.00,99999.00,99999.00, 214.96, 207.07, 200.75, 196.13, 192.94, 191.11, 190.52, 190.88, 192.07, 193.72, 196.36, 199.40, 203.24, 207.60, 212.14, 216.88, 221.77, 226.72, 232.20, 238.24, 244.72, 251.53, 258.42, 265.44, 272.55, 280.03, 287.95, 296.23, 304.88, 313.94, 323.29, 332.76, 342.32, 351.95, 361.63, 371.33, 381.05, 390.78, 400.51, 410.25, 419.99, 429.72, 439.46, 449.20, 458.93, 468.67, 478.52, 488.49, 498.58, 508.81, 519.18, 529.70, 540.38, 551.24, 562.27, 573.50, 584.95, 596.63, 608.56, 620.77, 633.27, 646.10, 659.30, 672.89, 686.92, 701.44, 716.53, 732.28, 748.86, 766.51,99999.00,99999.00,99999.00,99999.00,99999.00,99999.00,99999.00,99999.00,99999.00,99999.00,99999.00,99999.00,99999.00,99999.00,99999.00
99999.00,99999.00,99999.00,99999.00,99999.00,99999.00,99999.00,99999.00,99999.00,99999.00,99999.00,99999.00,99999.00,99999.00,99999.00,99999.00,99999.00,99999.00,99999.00,99999.00,99999.00,99999.00,99999.00,99999.00,99999.00,99999.00,99999.00,99999.00,99999.00,99999.00,99999.00,99999.00,99999.00,99999.00,99999.00,99999.00,99999.00,99999.00,99999.00, 202.05, 194.16, 188.62, 184.01, 181.47, 180.20, 180.10, 180.88, 182.42, 184.60, 187.71, 191.39, 195.68, 200.33, 205.07, 210.00, 215.01, 220.57, 226.64, 233.09, 239.84, 246.73, 253.72, 260.81, 268.36, 276.27, 284.58, 293.32, 302.53, 312.00, 321.61, 331.35, 341.19, 351.11, 361.07, 371.06, 381.06, 391.07, 401.09, 411.11, 421.12, 431.14, 441.16, 451.18, 461.20, 471.21, 481.23, 491.34, 501.47, 511.74, 522.15, 532.71, 543.44, 554.34, 565.44, 576.73, 588.24, 599.99, 612.01, 624.30, 636.90, 649.84, 663.16, 676.89, 691.06, 705.73, 720.98, 736.88, 753.59, 771.36,99999.00,99999.00,99999.00,99999.00,99999.00,99999.00,99999.00,99999.00,99999.00,99999.00,99999.00,99999.00,99999.00,99999.00,99999.00
99999.00,99999.00,99999.00,99999.00,99999.00,99999.00,99999.00,99999.00,99999.00,99999.00,99999.00,99999.00,99999.00,99999.00,99999.00,99999.00,99999.00,99999.00,99999.00,99999.00,99999.00,99999.00,99999.00,99999.00,99999.00,99999.00,99999.00,99999.00,99999.00,99999.00,99999.00,99999.00,99999.00,99999.00,99999.00,99999.00,99999.00,99999.00,99999.00, 189.14, 181.25, 176.07, 171.88, 170.00, 169.29, 169.67, 170.88, 172.74, 175.88, 179.36, 183.57, 188.24, 193.06, 198.02, 203.11, 208.75, 214.88, 221.38, 228.14, 235.01, 241.96, 249.10, 256.60, 264.51, 272.86, 281.69, 291.09, 300.67, 310.43, 320.34, 330.39, 340.55, 350.80, 361.10, 371.43, 381.76, 392.11, 402.46, 412.81, 423.16, 433.51, 443.86, 454.21, 464.30, 474.32, 484.34, 494.36, 504.66, 515.06, 525.51, 536.11, 546.88, 557.83, 568.97, 580.32, 591.89, 603.70, 615.77, 628.14, 640.82, 653.85, 667.27, 681.11, 695.40, 710.19, 725.57, 741.65, 758.54, 776.45,99999.00,99999.00,99999.00,99999.00,99999.00,99999.00,99999.00,99999.00,99999.00,99999.00,99999.00,99999.00,99999.00,99999.00,99999.00
99999.00,99999.00,99999.00,99999.00,99999.00,99999.00,99999.00,99999.00,99999.00,99999.00,99999.00,99999.00,99999.00,99999.00,99999.00,99999.00,99999.00,99999.00,99999.00,99999.00,99999.00,99999.00,99999.00,99999.00,99999.00,99999.00,99999.00,99999.00,99999.00,99999.00,99999.00,99999.00,99999.00,99999.00,99999.00,99999.00,99999.00,99999.00,99999.00, 175.66, 168.34, 163.16, 159.75, 158.53, 158.38, 159.25, 160.86, 163.53, 167.14, 171.24, 175.89, 180.85, 185.85, 190.99, 196.74, 202.95, 209.50, 216.30, 223.24, 230.26, 237.33, 244.80, 252.71, 261.11, 270.35, 279.81, 289.48, 299.36, 309.43, 319.68, 330.09, 340.64, 351.27, 361.97, 372.69, 383.42, 394.16, 404.90, 415.64, 426.38, 436.83, 447.18, 457.53, 467.88, 478.23, 488.33, 498.34, 508.36, 518.68, 529.29, 540.03, 550.84, 561.83, 573.01, 584.40, 596.02, 607.88, 620.01, 632.44, 645.19, 658.29, 671.79, 685.73, 700.10, 714.98, 730.44, 746.63, 763.70, 781.78,99999.00,99999.00,99999.00,99999.00,99999.00,99999.00,99999.00,99999.00,99999.00,99999.00,99999.00,99999.00,99999.00,99999.00,99999.00
99999.00,99999.00,99999.00,99999.00,99999.00,99999.00,99999.00,99999.00,99999.00,99999.00,99999.00,99999.00,99999.00,99999.00,99999.00,99999.00,99999.00,99999.00,99999.00,99999.00,99999.00,99999.00,99999.00,99999.00,99999.00,99999.00,99999.00,99999.00,99999.00,99999.00,99999.00,99999.00,99999.00,99999.00,99999.00,99999.00,99999.00,99999.00,99999.00, 161.79, 155.43, 150.25, 147.63, 147.05, 147.46, 148.82, 151.01, 154.72, 158.69, 163.31, 168.34, 173.46, 178.67, 184.53, 190.84, 197.45, 204.30, 211.31, 218.34, 225.46, 232.98, 240.91, 250.01, 259.28, 268.78, 278.51, 288.48, 298.68, 309.11, 319.75, 330.58, 341.56, 352.65, 363.82, 375.00, 386.20, 397.40, 408.48, 419.22, 429.96, 440.70, 451.44, 461.89, 472.24, 482.59, 492.94, 503.29, 513.39, 523.40, 533.74, 544.39, 555.36, 566.49, 577.70, 589.13, 600.79, 612.70, 624.88, 637.36, 650.17, 663.33, 676.90, 690.91, 705.35, 720.28, 735.77, 751.98, 769.11, 787.39,99999.00,99999.00,99999.00,99999.00,99999.00,99999.00,99999.00,99999.00,99999.00,99999.00,99999.00,99999.00,99999.00,99999.00,99999.00
99999.00,99999.00,99999.00,99999.00,99999.00,99999.00,99999.00,99999.00,99999.00,99999.00,99999.00,99999.00,99999.00,99999.00,99999.00,99999.00,99999.00,99999.00,99999.00,99999.00,99999.00,99999.00,99999.00,99999.00,99999.00,99999.00,99999.00,99999.00,99999.00,99999.00,99999.00,99999.00,99999.00,99999.00,99999.00,99999.00,99999.00,99999.00,99999.00, 147.92, 141.95, 137.34, 135.50, 135.58, 136.55, 138.39, 141.72, 145.89, 150.48, 155.54, 160.85, 166.13, 172.13, 178.55, 185.25, 192.15, 199.19, 206.28, 213.44, 220.98, 229.98, 239.17, 248.55, 258.15, 267.96, 278.00, 288.30, 298.86, 309.69, 320.76, 332.07, 343.56, 355.20, 366.92, 378.65, 390.09, 401.29, 412.49, 423.69, 434.77, 445.51, 456.25, 466.99, 477.74, 488.18, 498.53, 508.88, 519.23, 529.58, 539.68, 550.03, 560.72, 571.76, 583.15, 594.71, 606.41, 618.35, 630.58, 643.10, 655.95, 669.18, 682.80, 696.87, 711.35, 726.29, 741.77, 757.95, 775.02, 793.34,99999.00,99999.00,99999.00,99999.00,99999.00,99999.00,99999.00,99999.00,99999.00,99999.00,99999.00,99999.00,99999.00,99999.00,99999.00
99999.00,99999.00,99999.00,99999.00,99999.00,99999.00,99999.00,99999.00,99999.00,99999.00,99999.00,99999.00,99999.00,99999.00,99999.00,99999.00,99999.00,99999.00,99999.00,99999.00,99999.00,99999.00,99999.00,99999.00,99999.00,99999.00,99999.00,99999.00,99999.00,99999.00,99999.00,99999.00,99999.00,99999.00,99999.00,99999.00,99999.00,99999.00,99999.00, 134.06, 128.08, 124.43, 123.37, 124.11, 125.64, 128.48, 132.84, 137.37, 142.47, 147.90, 153.35, 159.53, 166.08, 172.88, 179.85, 186.94, 194.08, 201.25, 210.15, 219.22, 228.48, 237.95, 247.63, 257.55, 267.71, 278.14, 288.84, 299.83, 311.10, 322.68, 334.53, 346.63, 358.91, 371.25, 382.94, 394.67, 406.42, 417.86, 429.06, 440.27, 451.47, 462.55, 473.29, 484.03, 494.77, 505.52, 515.96, 526.31, 536.66, 547.01, 557.25, 567.82, 578.55, 589.66, 601.13, 613.00, 625.08, 637.34, 649.90, 662.80, 676.07, 689.74, 703.86, 718.35, 733.27, 748.67, 764.74, 781.68, 799.91,99999.00,99999.00,99999.00,99999.00,99999.00,99999.00,99999.00,99999.00,99999.00,99999.00,99999.00,99999.00,99999.00,99999.00,99999.00
99999.00,99999.00,99999.00,99999.00,99999.00,99999.00,99999.00,99999.00,99999.00,99999.00,99999.00,99999.00,99999.00,99999.00,99999.00,99999.00,99999.00,99999.00,99999.00,99999.00,99999.00,99999.00,99999.00,99999.00,99999.00,99999.00,99999.00,99999.00,99999.00,99999.00,99999.00,99999.00,99999.00,99999.00,99999.00,99999.00,99999.00,99999.00,99999.00, 120.19, 114.21, 111.52, 111.25, 112.64, 115.03, 119.13, 123.95, 129.09, 134.62, 140.31, 146.69, 153.41, 160.34, 167.41, 174.56, 181.74, 190.53, 199.49, 208.62, 217.95, 227.48, 237.23, 247.22, 257.46, 267.99, 278.81, 289.96, 301.45, 313.28, 325.48, 338.01, 350.84, 363.73, 376.13, 388.47, 400.83, 412.53, 424.27, 436.02, 447.46, 458.66, 469.87, 481.07, 492.01, 502.75, 513.49, 524.24, 534.68, 545.03, 555.38, 565.73, 575.97, 586.78, 597.78, 609.16, 620.94, 632.97, 645.39, 658.09, 671.03, 684.33, 698.05, 712.21, 726.67, 741.54, 756.82, 772.73, 789.48, 807.46,99999.00,99999.00,99999.00,99999.00,99999.00,99999.00,99999.00,99999.00,99999.00,99999.00,99999.00,99999.00,99999.00,99999.00,99999.00
99999.00,99999.00,99999.00,99999.00,99999.00,99999.00,99999.00,99999.00,99999.00,99999.00,99999.00,99999.00,99999.00,99999.00,99999.00,99999.00,99999.00,99999.00,99999.00,99999.00,99999.00,99999.00,99999.00,99999.00,99999.00,99999.00,99999.00,99999.00,99999.00,99999.00,99999.00,99999.00,99999.00,99999.00,99999.00,99999.00,99999.00,99999.00,99999.00, 105.53, 100.35,  98.61,  99.12, 101.24, 105.07, 110.19, 115.36, 121.01, 126.99, 133.61, 140.52, 147.61, 154.80, 162.04, 170.94, 179.80, 188.81, 198.01, 207.38, 216.96, 226.76, 236.80, 247.09, 257.67, 268.56, 279.79, 291.40, 303.41, 315.85, 328.75, 342.10, 355.87, 369.53, 382.77, 395.71, 408.11, 420.45, 432.75, 444.50, 456.25, 467.69, 478.89, 490.09, 501.30, 512.23, 522.98, 533.72, 544.46, 554.91, 565.26, 575.61, 585.96, 596.19, 607.26, 618.54, 630.23, 642.33, 654.72, 667.54, 680.67, 694.08, 707.92, 722.21, 736.79, 751.58, 766.59, 782.20, 798.61, 816.25,99999.00,99999.00,99999.00,99999.00,99999.00,99999.00,99999.00,99999.00,99999.00,99999.00,99999.00,99999.00,99999.00,99999.00,99999.00
99999.00,99999.00,99999.00,99999.00,99999.00,99999.00,99999.00,99999.00,99999.00,99999.00,99999.00,99999.00,99999.00,99999.00,99999.00,99999.00,99999.00,99999.00,99999.00,99999.00,99999.00,99999.00,99999.00,99999.00,99999.00,99999.00,99999.00,99999.00,99999.00,99999.00,99999.00,99999.00,99999.00,99999.00,99999.00,99999.00,99999.00,99999.00,99999.00,  90.45,  86.48,  85.70,  86.99,  90.63,  95.67, 101.25, 107.03, 113.35, 120.25, 127.40, 134.68, 142.03, 151.09, 160.08, 169.01, 178.09, 187.34, 196.77, 206.40, 216.24, 226.31, 236.63, 247.23, 258.14, 269.40, 281.04, 293.10, 305.65, 318.74, 332.40, 346.68, 361.56, 376.50, 390.93, 404.68, 417.92, 430.34, 442.68, 454.98, 466.73, 478.48, 489.92, 501.12, 512.32, 523.53, 534.46, 545.21, 555.95, 566.69, 577.14, 587.49, 597.84, 608.19, 618.42, 629.77, 641.35, 653.37, 665.83, 678.60, 691.85, 705.46, 719.41, 733.79, 748.35, 763.01, 777.88, 793.13, 809.27, 826.51,99999.00,99999.00,99999.00,99999.00,99999.00,99999.00,99999.00,99999.00,99999.00,99999.00,99999.00,99999.00,99999.00,99999.00,99999.00
99999.00,99999.00,99999.00,99999.00,99999.00,99999.00,99999.00,99999.00,99999.00,99999.00,99999.00,99999.00,99999.00,99999.00,99999.00,99999.00,99999.00,99999.00,99999.00,99999.00,99999.00,99999.00,99999.00,99999.00,99999.00,99999.00,99999.00,99999.00,99999.00,99999.00,99999.00,99999.00,99999.00,99999.00,99999.00,99999.00,99999.00,99999.00,99999.00,  75.38,  72.61,  72.79,  75.60,  80.67,  86.69,  92.62,  99.34, 106.58, 114.01, 121.53, 130.84, 140.03, 149.12, 158.13, 167.29, 176.61, 186.10, 195.77, 205.65, 215.75, 226.09, 236.69, 247.60, 258.84, 270.45, 282.49, 295.02, 308.10, 321.83, 336.31, 351.63, 367.84,99999.00,99999.00,99999.00,99999.00,99999.00,99999.00,99999.00,99999.00,99999.00,99999.00,99999.00,99999.00,99999.00,99999.00,99999.00,99999.00,99999.00,99999.00,99999.00,99999.00,99999.00,99999.00,99999.00,99999.00,99999.00,99999.00,99999.00,99999.00,99999.00,99999.00,99999.00,99999.00, 776.18, 790.50, 805.29, 820.84, 837.77,99999.00,99999.00,99999.00,99999.00,99999.00,99999.00,99999.00,99999.00,99999.00,99999.00,99999.00,99999.00,99999.00,99999.00,99999.00
99999.00,99999.00,99999.00,99999.00,99999.00,99999.00,99999.00,99999.00,99999.00,99999.00,99999.00,99999.00,99999.00,99999.00,99999.00,99999.00,99999.00,99999.00,99999.00,99999.00,99999.00,99999.00,99999.00,99999.00,99999.00,99999.00,99999.00,99999.00,99999.00,99999.00,99999.00,99999.00,99999.00,99999.00,99999.00,99999.00,99999.00,99999.00,99999.00,  60.30,  58.74,  59.88,  64.99,  71.24,  77.72,  84.92,  92.55, 100.32, 110.00, 119.49, 128.81, 138.02, 147.12, 156.37, 165.76, 175.32, 185.06, 194.98, 205.11, 215.47, 226.08, 236.97, 248.18, 259.73, 271.69, 284.11, 297.07, 310.67, 325.03, 340.32, 356.74,99999.00,99999.00,99999.00,99999.00,99999.00,99999.00,99999.00,99999.00,99999.00,99999.00,99999.00,99999.00,99999.00,99999.00,99999.00,99999.00,99999.00,99999.00,99999.00,99999.00,99999.00,99999.00,99999.00,99999.00,99999.00,99999.00,99999.00,99999.00,99999.00,99999.00,99999.00,99999.00,99999.00,99999.00, 804.93, 818.76, 833.58, 849.76,99999.00,99999.00,99999.00,99999.00,99999.00,99999.00,99999.00,99999.00,99999.00,99999.00,99999.00,99999.00,99999.00,99999.00,99999.00
99999.00,99999.00,99999.00,99999.00,99999.00,99999.00,99999.00,99999.00,99999.00,99999.00,99999.00,99999.00,99999.00,99999.00,99999.00,99999.00,99999.00,99999.00,99999.00,99999.00,99999.00,99999.00,99999.00,99999.00,99999.00,99999.00,99999.00,99999.00,99999.00,99999.00,99999.00,99999.00,99999.00,99999.00,99999.00,99999.00,99999.00,99999.00,99999.00,  45.23,  44.88,  48.48,  55.02,  62.24,  70.00,  78.11,  88.32,  98.25, 107.93, 117.43, 126.77, 135.98, 145.34, 154.83, 164.47, 174.28, 184.27, 194.45, 204.84, 215.46, 226.34, 237.51, 249.01, 260.87, 273.15, 285.92, 299.28, 313.33, 328.25, 344.28,99999.00,99999.00,99999.00,99999.00,99999.00,99999.00,99999.00,99999.00,99999.00,99999.00,99999.00,99999.00,99999.00,99999.00,99999.00,99999.00,99999.00,99999.00,99999.00,99999.00,99999.00,99999.00,99999.00,99999.00,99999.00,99999.00,99999.00,99999.00,99999.00,99999.00,99999.00,99999.00,99999.00,99999.00,99999.00,99999.00, 833.90, 847.52, 862.83,99999.00,99999.00,99999.00,99999.00,99999.00,99999.00,99999.00,99999.00,99999.00,99999.00,99999.00,99999.00,99999.00,99999.00,99999.00
99999.00,99999.00,99999.00,99999.00,99999.00,99999.00,99999.00,99999.00,99999.00,99999.00,99999.00,99999.00,99999.00,99999.00,99999.00,99999.00,99999.00,99999.00,99999.00,99999.00,99999.00,99999.00,99999.00,99999.00,99999.00,99999.00,99999.00,99999.00,99999.00,99999.00,99999.00,99999.00,99999.00,99999.00,99999.00,99999.00,99999.00,99999.00,99999.00,  30.15,  31.01,  37.87,  46.02,  54.52,  65.47,  76.02,  86.24,  96.17, 105.86, 115.37, 124.72, 134.20, 143.81, 153.56, 163.46, 173.53, 183.78, 194.23, 204.89, 215.78, 226.93, 238.38, 250.16, 262.31, 274.89, 287.98, 301.67, 316.10, 331.46, 348.03,99999.00,99999.00,99999.00,99999.00,99999.00,99999.00,99999.00,99999.00,99999.00,99999.00,99999.00,99999.00,99999.00,99999.00,99999.00,99999.00,99999.00,99999.00,99999.00,99999.00,99999.00,99999.00,99999.00,99999.00,99999.00,99999.00,99999.00,99999.00,99999.00,99999.00,99999.00,99999.00,99999.00,99999.00,99999.00,99999.00, 851.40, 862.92, 876.94,99999.00,99999.00,99999.00,99999.00,99999.00,99999.00,99999.00,99999.00,99999.00,99999.00,99999.00,99999.00,99999.00,99999.00,99999.00
99999.00,99999.00,99999.00,99999.00,99999.00,99999.00,99999.00,99999.00,99999.00,99999.00,99999.00,99999.00,99999.00,99999.00,99999.00,99999.00,99999.00,99999.00,99999.00,99999.00,99999.00,99999.00,99999.00,99999.00,99999.00,99999.00,99999.00,99999.00,99999.00,99999.00,99999.00,99999.00,99999.00,99999.00,99999.00,99999.00,99999.00,99999.00,99999.00,  15.08,  19.61,  28.87,  40.98,  52.43,  63.38,  73.94,  84.16,  94.10, 103.81, 113.32, 122.95, 132.70, 142.59, 152.62, 162.80, 173.15, 183.68, 194.40, 205.33, 216.51, 227.94, 239.67, 251.72, 264.15, 277.02, 290.39, 304.37, 319.10, 334.75, 351.64,99999.00,99999.00,99999.00,99999.00,99999.00,99999.00,99999.00,99999.00,99999.00,99999.00,99999.00,99999.00,99999.00,99999.00,99999.00,99999.00,99999.00,99999.00,99999.00,99999.00,99999.00,99999.00,99999.00,99999.00,99999.00,99999.00,99999.00,99999.00,99999.00,99999.00,99999.00,99999.00,99999.00,99999.00,99999.00,99999.00, 872.22, 879.84, 892.36,99999.00,99999.00,99999.00,99999.00,99999.00,99999.00,99999.00,99999.00,99999.00,99999.00,99999.00,99999.00,99999.00,99999.00,99999.00
99999.00,99999.00,99999.00,99999.00,99999.00,99999.00,99999.00,99999.00,99999.00,99999.00,99999.00,99999.00,99999.00,99999.00,99999.00,99999.00,99999.00,99999.00,99999.00,99999.00,99999.00,99999.00,99999.00,99999.00,99999.00,99999.00,99999.00,99999.00,99999.00,99999.00,99999.00,99999.00,99999.00,99999.00,99999.00,99999.00,99999.00,99999.00,99999.00,   0.00,  13.87,  26.78,  38.90,  50.38,  61.33,  71.88,  82.11,  92.05, 101.76, 111.57, 121.51, 131.57, 141.76, 152.09, 162.58, 173.23, 184.06, 195.09, 206.33, 217.80, 229.54, 241.57, 253.93, 266.67, 279.84, 293.52, 307.80, 322.83, 338.79, 355.99,99999.00,99999.00,99999.00,99999.00,99999.00,99999.00,99999.00,99999.00,99999.00,99999.00,99999.00,99999.00,99999.00,99999.00,99999.00,99999.00,99999.00,99999.00,99999.00,99999.00,99999.00,99999.00,99999.00,99999.00,99999.00,99999.00,99999.00,99999.00,99999.00,99999.00,99999.00,99999.00,99999.00,99999.00,99999.00,99999.00, 893.04, 897.34, 909.28,99999.00,99999.00,99999.00,99999.00,99999.00,99999.00,99999.00,99999.00,99999.00,99999.00,99999.00,99999.00,99999.00,99999.00,99999.00
99999.00,99999.00,99999.00,99999.00,99999.00,99999.00,99999.00,99999.00,99999.00,99999.00,99999.00,99999.00,99999.00,99999.00,99999.00,99999.00,99999.00,99999.00,99999.00,99999.00,99999.00,99999.00,99999.00,99999.00,99999.00,99999.00,99999.00,99999.00,99999.00,99999.00,99999.00,99999.00,99999.00,99999.00,99999.00,99999.00,99999.00,99999.00,99999.00,   0.00,  13.87,  26.78,  38.90,  50.38,  61.33,  71.88,  82.11,  92.05, 102.09, 112.25, 122.52, 132.92, 143.45, 154.12, 164.94, 175.93, 187.10, 198.46, 209.95, 221.51, 233.33, 245.46, 257.94, 270.81, 284.14, 298.01, 312.54, 327.87, 344.17, 361.71,99999.00,99999.00,99999.00,99999.00,99999.00,99999.00,99999.00,99999.00,99999.00,99999.00,99999.00,99999.00,99999.00,99999.00,99999.00,99999.00,99999.00,99999.00,99999.00,99999.00,99999.00,99999.00,99999.00,99999.00,99999.00,99999.00,99999.00,99999.00,99999.00,99999.00,99999.00,99999.00,99999.00,99999.00,99999.00,99999.00, 913.86, 917.88, 926.39,99999.00,99999.00,99999.00,99999.00,99999.00,99999.00,99999.00,99999.00,99999.00,99999.00,99999.00,99999.00,99999.00,99999.00,99999.00
99999.00,99999.00,99999.00,99999.00,99999.00,99999.00,99999.00,99999.00,99999.00,99999.00,99999.00,99999.00,99999.00,99999.00,99999.00,99999.00,99999.00,99999.00,99999.00,99999.00,99999.00,99999.00,99999.00,99999.00,99999.00,99999.00,99999.00,99999.00,99999.00,99999.00,99999.00,99999.00,99999.00,99999.00,99999.00,99999.00,99999.00,99999.00,99999.00,   0.00,  13.87,  26.78,  38.90,  50.38,  61.33,  71.88,  82.11,  92.43, 102.85, 113.38, 124.03, 134.80, 145.71, 156.76, 167.96, 179.33, 190.76, 202.19, 213.83, 225.73, 237.80, 250.01, 262.57, 275.54, 288.99, 302.99, 317.68, 333.21, 349.83, 367.74,99999.00,99999.00,99999.00,99999.00,99999.00,99999.00,99999.00,99999.00,99999.00,99999.00,99999.00,99999.00,99999.00,99999.00,99999.00,99999.00,99999.00,99999.00,99999.00,99999.00,99999.00,99999.00,99999.00,99999.00,99999.00,99999.00,99999.00,99999.00,99999.00,99999.00,99999.00,99999.00,99999.00,99999.00,99999.00,99999.00, 934.68, 938.43, 943.88,99999.00,99999.00,99999.00,99999.00,99999.00,99999.00,99999.00,99999.00,99999.00,99999.00,99999.00,99999.00,99999.00,99999.00,99999.00
99999.00,99999.00,99999.00,99999.00,99999.00,99999.00,99999.00,99999.00,99999.00,99999.00,99999.00,99999.00,99999.00,99999.00,99999.00,99999.00,99999.00,99999.00,99999.00,99999.00,99999.00,99999.00,99999.00,99999.00,99999.00,99999.00,99999.00,99999.00,99999.00,99999.00,99999.00,99999.00,99999.00,99999.00,99999.00,99999.00,99999.00,99999.00,99999.00,   0.00,  13.87,  26.78,  38.90,  50.38,  61.33,  71.88,  82.53,  93.28, 104.13, 115.08, 126.16, 137.36, 148.69, 160.17, 171.71, 183.13, 194.73, 206.54, 218.45, 230.40, 242.63, 255.18, 267.99, 281.04, 294.57, 308.68, 323.48, 339.14, 355.92, 374.21,99999.00,99999.00,99999.00,99999.00,99999.00,99999.00,99999.00,99999.00,99999.00,99999.00,99999.00,99999.00,99999.00,99999.00,99999.00,99999.00,99999.00,99999.00,99999.00,99999.00,99999.00,99999.00,99999.00,99999.00,99999.00,99999.00,99999.00,99999.00,99999.00,99999.00,99999.00,99999.00,99999.00,99999.00,99999.00,99999.00, 955.49, 958.97, 964.43,99999.00,99999.00,99999.00,99999.00,99999.00,99999.00,99999.00,99999.00,99999.00,99999.00,99999.00,99999.00,99999.00,99999.00,99999.00
99999.00,99999.00,99999.00,99999.00,99999.00,99999.00,99999.00,99999.00,99999.00,99999.00,99999.00,99999.00,99999.00,99999.00,99999.00,99999.00,99999.00,99999.00,99999.00,99999.00,99999.00,99999.00,99999.00,99999.00,99999.00,99999.00,99999.00,99999.00,99999.00,99999.00,99999.00,99999.00,99999.00,99999.00,99999.00,99999.00,99999.00,99999.00,99999.00,   0.00,  13.87,  26.78,  38.90,  50.38,  61.33,  72.37,  83.50,  94.73, 106.07, 117.51, 129.07, 140.76, 152.57, 164.10, 175.78, 187.62, 199.57, 211.42, 223.50, 235.84, 248.33, 260.94, 273.91, 287.29, 301.07, 315.26, 330.15, 345.91, 362.81, 381.23,99999.00,99999.00,99999.00,99999.00,99999.00,99999.00,99999.00,99999.00,99999.00,99999.00,99999.00,99999.00,99999.00,99999.00,99999.00,99999.00,99999.00,99999.00,99999.00,99999.00,99999.00,99999.00,99999.00,99999.00,99999.00,99999.00,99999.00,99999.00,99999.00,99999.00,99999.00,99999.00,99999.00,99999.00,99999.00,99999.00, 976.31, 979.52, 984.97,99999.00,99999.00,99999.00,99999.00,99999.00,99999.00,99999.00,99999.00,99999.00,99999.00,99999.00,99999.00,99999.00,99999.00,99999.00
99999.00,99999.00,99999.00,99999.00,99999.00,99999.00,99999.00,99999.00,99999.00,99999.00,99999.00,99999.00,99999.00,99999.00,99999.00,99999.00,99999.00,99999.00,99999.00,99999.00,99999.00,99999.00,99999.00,99999.00,99999.00,99999.00,99999.00,99999.00,99999.00,99999.00,99999.00,99999.00,99999.00,99999.00,99999.00,99999.00,99999.00,99999.00,99999.00,   0.00,  13.87,  26.78,  38.90,  50.38,  61.89,  73.49,  85.18,  96.97, 108.87, 120.87, 132.99, 144.89, 156.75, 168.75, 180.91, 192.81, 204.88, 217.16, 229.59, 241.97, 254.64, 267.62, 280.86, 294.31, 308.25, 322.77, 337.90, 353.75, 370.73, 389.25,99999.00,99999.00,99999.00,99999.00,99999.00,99999.00,99999.00,99999.00,99999.00,99999.00,99999.00,99999.00,99999.00,99999.00,99999.00,99999.00,99999.00,99999.00,99999.00,99999.00,99999.00,99999.00,99999.00,99999.00,99999.00,99999.00,99999.00,99999.00,99999.00,99999.00,99999.00,99999.00,99999.00,99999.00,99999.00,99999.00, 997.13,1000.06,1005.52,99999.00,99999.00,99999.00,99999.00,99999.00,99999.00,99999.00,99999.00,99999.00,99999.00,99999.00,99999.00,99999.00,99999.00,99999.00
99999.00,99999.00,99999.00,99999.00,99999.00,99999.00,99999.00,99999.00,99999.00,99999.00,99999.00,99999.00,99999.00,99999.00,99999.00,99999.00,99999.00,99999.00,99999.00,99999.00,99999.00,99999.00,99999.00,99999.00,99999.00,99999.00,99999.00,99999.00,99999.00,99999.00,99999.00,99999.00,99999.00,99999.00,99999.00,99999.00,99999.00,99999.00,99999.00,   0.00,  13.87,  26.78,  38.90,  51.03,  63.20,  75.46,  87.81, 100.25, 112.80, 125.28, 137.43, 149.72, 162.13, 174.35, 186.55, 198.92, 211.48, 223.82, 236.37, 249.18, 262.19, 275.23, 288.63, 302.46, 316.66, 331.25, 346.54, 362.72, 379.95, 398.55,99999.00,99999.00,99999.00,99999.00,99999.00,99999.00,99999.00,99999.00,99999.00,99999.00,99999.00,99999.00,99999.00,99999.00,99999.00,99999.00,99999.00,99999.00,99999.00,99999.00,99999.00,99999.00,99999.00,99999.00,99999.00,99999.00,99999.00,99999.00,99999.00,99999.00,99999.00,99999.00,99999.00,99999.00,99999.00,99999.00,1017.95,1020.61,1026.06,99999.00,99999.00,99999.00,99999.00,99999.00,99999.00,99999.00,99999.00,99999.00,99999.00,99999.00,99999.00,99999.00,99999.00,99999.00
99999.00,99999.00,99999.00,99999.00,99999.00,99999.00,99999.00,99999.00,99999.00,99999.00,99999.00,99999.00,99999.00,99999.00,99999.00,99999.00,99999.00,99999.00,99999.00,99999.00,99999.00,99999.00,99999.00,99999.00,99999.00,99999.00,99999.00,99999.00,99999.00,99999.00,99999.00,99999.00,99999.00,99999.00,99999.00,99999.00,99999.00,99999.00,99999.00,   0.00,  13.87,  26.78,  39.69,  52.60,  65.55,  78.59,  91.72, 104.95, 117.62, 130.31, 143.12, 155.88, 168.33, 180.93, 193.69, 206.28, 218.88, 231.69, 244.73, 257.59, 270.73, 284.19, 297.84, 311.77, 326.19, 341.13, 356.57, 372.92, 390.34, 409.28,99999.00,99999.00,99999.00,99999.00,99999.00,99999.00,99999.00,99999.00,99999.00,99999.00,99999.00,99999.00,99999.00,99999.00,99999.00,99999.00,99999.00,99999.00,99999.00,99999.00,99999.00,99999.00,99999.00,99999.00,99999.00,99999.00,99999.00,99999.00,99999.00,99999.00,99999.00,99999.00,99999.00,99999.00,99999.00,99999.00,1038.77,1041.15,1046.61,99999.00,99999.00,99999.00,99999.00,99999.00,99999.00,99999.00,99999.00,99999.00,99999.00,99999.00,99999.00,99999.00,99999.00,99999.00
99999.00,99999.00,99999.00,99999.00,99999.00,99999.00,99999.00,99999.00,99999.00,99999.00,99999.00,99999.00,99999.00,99999.00,99999.00,99999.00,99999.00,99999.00,99999.00,99999.00,99999.00,99999.00,99999.00,99999.00,99999.00,99999.00,99999.00,99999.00,99999.00,99999.00,99999.00,99999.00,99999.00,99999.00,99999.00,99999.00,99999.00,99999.00,99999.00,   0.00,  13.87,  27.74,  41.60,  55.47,  69.38,  83.38,  97.06, 110.31, 123.68, 137.15, 150.08, 163.05, 176.16, 189.23, 202.02, 214.99, 228.07, 240.95, 254.06, 267.44, 280.67, 294.22, 308.15, 322.33, 336.88, 352.01, 367.81, 384.31, 401.98, 421.14,99999.00,99999.00,99999.00,99999.00,99999.00,99999.00,99999.00,99999.00,99999.00,99999.00,99999.00,99999.00,99999.00,99999.00,99999.00,99999.00,99999.00,99999.00,99999.00,99999.00,99999.00,99999.00,99999.00,99999.00,99999.00,99999.00,99999.00,99999.00,99999.00,99999.00,99999.00,99999.00,99999.00,99999.00,99999.00,99999.00,1060.55,1061.70,1067.15,99999.00,99999.00,99999.00,99999.00,99999.00,99999.00,99999.00,99999.00,99999.00,99999.00,99999.00,99999.00,99999.00,99999.00,99999.00
99999.00,99999.00,99999.00,99999.00,99999.00,99999.00,99999.00,99999.00,99999.00,99999.00,99999.00,99999.00,99999.00,99999.00,99999.00,99999.00,99999.00,99999.00,99999.00,99999.00,99999.00,99999.00,99999.00,99999.00,99999.00,99999.00,99999.00,99999.00,99999.00,99999.00,99999.00,99999.00,99999.00,99999.00,99999.00,99999.00,99999.00,99999.00,99999.00,   0.00,  15.08,  30.15,  45.23,  60.30,  75.41,  89.47, 103.59, 117.80, 131.71, 145.21, 158.84, 172.49, 185.65, 198.96, 212.25, 225.28, 238.50, 251.86, 265.04, 278.48, 292.23, 305.87, 319.89, 334.35, 349.14, 364.41, 380.40, 397.26, 415.07, 434.48,99999.00,99999.00,99999.00,99999.00,99999.00,99999.00,99999.00,99999.00,99999.00,99999.00,99999.00,99999.00,99999.00,99999.00,99999.00,99999.00,99999.00,99999.00,99999.00,99999.00,99999.00,99999.00,99999.00,99999.00,99999.00,99999.00,99999.00,99999.00,99999.00,99999.00,99999.00,99999.00,99999.00,99999.00,99999.00,99999.00,1083.54,1083.45,1087.70,99999.00,99999.00,99999.00,99999.00,99999.00,99999.00,99999.00,99999.00,99999.00,99999.00,99999.00,99999.00,99999.00,99999.00,99999.00
99999.00,99999.00,99999.00,99999.00,99999.00,99999.00,99999.00,99999.00,99999.00,99999.00,99999.00,99999.00,99999.00,99999.00,99999.00,99999.00,99999.00,99999.00,99999.00,99999.00,99999.00,99999.00,99999.00,99999.00,99999.00,99999.00,99999.00,99999.00,99999.00,99999.00,99999.00,99999.00,99999.00,99999.00,99999.00,99999.00,99999.00,99999.00,99999.00,99999.00,99999.00,99999.00,99999.00,99999.00,99999.00,99999.00,99999.00,99999.00,99999.00,99999.00,99999.00,99999.00,99999.00,99999.00,99999.00,99999.00,99999.00,99999.00,99999.00,99999.00,99999.00,99999.00,99999.00,99999.00,99999.00,99999.00,99999.00,99999.00,99999.00,99999.00,99999.00,99999.00,99999.00,99999.00,99999.00,99999.00,99999.00,99999.00,99999.00,99999.00,99999.00,99999.00,99999.00,99999.00,99999.00,99999.00,99999.00,99999.00,99999.00,99999.00,99999.00,99999.00,99999.00,99999.00,99999.00,99999.00,99999.00,99999.00,99999.00,99999.00,99999.00,99999.00,99999.00,99999.00,99999.00,99999.00,99999.00,99999.00,99999.00,99999.00,99999.00,99999.00,99999.00,99999.00,99999.00,99999.00,99999.00,99999.00,99999.00,99999.00,99999.00,99999.00,99999.00,99999.00
99999.00,99999.00,99999.00,99999.00,99999.00,99999.00,99999.00,99999.00,99999.00,99999.00,99999.00,99999.00,99999.00,99999.00,99999.00,99999.00,99999.00,99999.00,99999.00,99999.00,99999.00,99999.00,99999.00,99999.00,99999.00,99999.00,99999.00,99999.00,99999.00,99999.00,99999.00,99999.00,99999.00,99999.00,99999.00,99999.00,99999.00,99999.00,99999.00,99999.00,99999.00,99999.00,99999.00,99999.00,99999.00,99999.00,99999.00,99999.00,99999.00,99999.00,99999.00,99999.00,99999.00,99999.00,99999.00,99999.00,99999.00,99999.00,99999.00,99999.00,99999.00,99999.00,99999.00,99999.00,99999.00,99999.00,99999.00,99999.00,99999.00,99999.00,99999.00,99999.00,99999.00,99999.00,99999.00,99999.00,99999.00,99999.00,99999.00,99999.00,99999.00,99999.00,99999.00,99999.00,99999.00,99999.00,99999.00,99999.00,99999.00,99999.00,99999.00,99999.00,99999.00,99999.00,99999.00,99999.00,99999.00,99999.00,99999.00,99999.00,99999.00,99999.00,99999.00,99999.00,99999.00,99999.00,99999.00,99999.00,99999.00,99999.00,99999.00,99999.00,99999.00,99999.00,99999.00,99999.00,99999.00,99999.00,99999.00,99999.00,99999.00,99999.00,99999.00,99999.00
99999.00,99999.00,99999.00,99999.00,99999.00,99999.00,99999.00,99999.00,99999.00,99999.00,99999.00,99999.00,99999.00,99999.00,99999.00,99999.00,99999.00,99999.00,99999.00,99999.00,99999.00,99999.00,99999.00,99999.00,99999.00,99999.00,99999.00,99999.00,99999.00,99999.00,99999.00,99999.00,99999.00,99999.00,99999.00,99999.00,99999.00,99999.00,99999.00,99999.00,99999.00,99999.00,99999.00,99999.00,99999.00,99999.00,99999.00,99999.00,99999.00,99999.00,99999.00,99999.00,99999.00,99999.00,99999.00,99999.00,99999.00,99999.00,99999.00,99999.00,99999.00,99999.00,99999.00,99999.00,99999.00,99999.00,99999.00,99999.00,99999.00,99999.00,99999.00,99999.00,99999.00,99999.00,99999.00,99999.00,99999.00,99999.00,99999.00,99999.00,99999.00,99999.00,99999.00,99999.00,99999.00,99999.00,99999.00,99999.00,99999.00,99999.00,99999.00,99999.00,99999.00,99999.00,99999.00,99999.00,99999.00,99999.00,99999.00,99999.00,99999.00,99999.00,99999.00,99999.00,99999.00,99999.00,99999.00,99999.00,99999.00,99999.00,99999.00,99999.00,99999.00,99999.00,99999.00,99999.00,99999.00,99999.00,99999.00,99999.00,99999.00,99999.00,99999.00,99999.00
99999.00,99999.00,99999.00,99999.00,99999.00,99999.00,99999.00,99999.00,99999.00,99999.00,99999.00,99999.00,99999.00,99999.00,99999.00,99999.00,99999.00,99999.00,99999.00,99999.00,99999.00,99999.00,99999.00,99999.00,99999.00,99999.00,99999.00,99999.00,99999.00,99999.00,99999.00,99999.00,99999.00,99999.00,99999.00,99999.00,99999.00,99999.00,99999.00,99999.00,99999.00,99999.00,99999.00,99999.00,99999.00,99999.00,99999.00,99999.00,99999.00,99999.00,99999.00,99999.00,99999.00,99999.00,99999.00,99999.00,99999.00,99999.00,99999.00,99999.00,99999.00,99999.00,99999.00,99999.00,99999.00,99999.00,99999.00,99999.00,99999.00,99999.00,99999.00,99999.00,99999.00,99999.00,99999.00,99999.00,99999.00,99999.00,99999.00,99999.00,99999.00,99999.00,99999.00,99999.00,99999.00,99999.00,99999.00,99999.00,99999.00,99999.00,99999.00,99999.00,99999.00,99999.00,99999.00,99999.00,99999.00,99999.00,99999.00,99999.00,99999.00,99999.00,99999.00,99999.00,99999.00,99999.00,99999.00,99999.00,99999.00,99999.00,99999.00,99999.00,99999.00,99999.00,99999.00,99999.00,99999.00,99999.00,99999.00,99999.00,99999.00,99999.00,99999.00,99999.00
99999.00,99999.00,99999.00,99999.00,99999.00,99999.00,99999.00,99999.00,99999.00,99999.00,99999.00,99999.00,99999.00,99999.00,99999.00,99999.00,99999.00,99999.00,99999.00,99999.00,99999.00,99999.00,99999.00,99999.00,99999.00,99999.00,99999.00,99999.00,99999.00,99999.00,99999.00,99999.00,99999.00,99999.00,99999.00,99999.00,99999.00,99999.00,99999.00,99999.00,99999.00,99999.00,99999.00,99999.00,99999.00,99999.00,99999.00,99999.00,99999.00,99999.00,99999.00,99999.00,99999.00,99999.00,99999.00,99999.00,99999.00,99999.00,99999.00,99999.00,99999.00,99999.00,99999.00,99999.00,99999.00,99999.00,99999.00,99999.00,99999.00,99999.00,99999.00,99999.00,99999.00,99999.00,99999.00,99999.00,99999.00,99999.00,99999.00,99999.00,99999.00,99999.00,99999.00,99999.00,99999.00,99999.00,99999.00,99999.00,99999.00,99999.00,99999.00,99999.00,99999.00,99999.00,99999.00,99999.00,99999.00,99999.00,99999.00,99999.00,99999.00,99999.00,99999.00,99999.00,99999.00,99999.00,99999.00,99999.00,99999.00,99999.00,99999.00,99999.00,99999.00,99999.00,99999.00,99999.00,99999.00,99999.00,99999.00,99999.00,99999.00,99999.00,99999.00,99999.00
99999.00,99999.00,99999.00,99999.00,99999.00,99999.00,99999.00,99999.00,99999.00,99999.00,99999.00,99999.00,99999.00,99999.00,99999.00,99999.00,99999.00,99999.00,99999.00,99999.00,99999.00,99999.00,99999.00,99999.00,99999.00,99999.00,99999.00,99999.00,99999.00,99999.00,99999.00,99999.00,99999.00,99999.00,99999.00,99999.00,99999.00,99999.00,99999.00,99999.00,99999.00,99999.00,99999.00,99999.00,99999.00,99999.00,99999.00,99999.00,99999.00,99999.00,99999.00,99999.00,99999.00,99999.00,99999.00,99999.00,99999.00,99999.00,99999.00,99999.00,99999.00,99999.00,99999.00,99999.00,99999.00,99999.00,99999.00,99999.00,99999.00,99999.00,99999.00,99999.00,99999.00,99999.00,99999.00,99999.00,99999.00,99999.00,99999.00,99999.00,99999.00,99999.00,99999.00,99999.00,99999.00,99999.00,99999.00,99999.00,99999.00,99999.00,99999.00,99999.00,99999.00,99999.00,99999.00,99999.00,99999.00,99999.00,99999.00,99999.00,99999.00,99999.00,99999.00,99999.00,99999.00,99999.00,99999.00,99999.00,99999.00,99999.00,99999.00,99999.00,99999.00,99999.00,99999.00,99999.00,99999.00,99999.00,99999.00,99999.00,99999.00,99999.00,99999.00,99999.00
99999.00,99999.00,99999.00,99999.00,99999.00,99999.00,99999.00,99999.00,99999.00,99999.00,99999.00,99999.00,99999.00,99999.00,99999.00,99999.00,99999.00,99999.00,99999.00,99999.00,99999.00,99999.00,99999.00,99999.00,99999.00,99999.00,99999.00,99999.00,99999.00,99999.00,99999.00,99999.00,99999.00,99999.00,99999.00,99999.00,99999.00,99999.00,99999.00,99999.00,99999.00,99999.00,99999.00,99999.00,99999.00,99999.00,99999.00,99999.00,99999.00,99999.00,99999.00,99999.00,99999.00,99999.00,99999.00,99999.00,99999.00,99999.00,99999.00,99999.00,99999.00,99999.00,99999.00,99999.00,99999.00,99999.00,99999.00,99999.00,99999.00,99999.00,99999.00,99999.00,99999.00,99999.00,99999.00,99999.00,99999.00,99999.00,99999.00,99999.00,99999.00,99999.00,99999.00,99999.00,99999.00,99999.00,99999.00,99999.00,99999.00,99999.00,99999.00,99999.00,99999.00,99999.00,99999.00,99999.00,99999.00,99999.00,99999.00,99999.00,99999.00,99999.00,99999.00,99999.00,99999.00,99999.00,99999.00,99999.00,99999.00,99999.00,99999.00,99999.00,99999.00,99999.00,99999.00,99999.00,99999.00,99999.00,99999.00,99999.00,99999.00,99999.00,99999.00,99999.00
99999.00,99999.00,99999.00,99999.00,99999.00,99999.00,99999.00,99999.00,99999.00,99999.00,99999.00,99999.00,99999.00,99999.00,99999.00,99999.00,99999.00,99999.00,99999.00,99999.00,99999.00,99999.00,99999.00,99999.00,99999.00,99999.00,99999.00,99999.00,99999.00,99999.00,99999.00,99999.00,99999.00,99999.00,99999.00,99999.00,99999.00,99999.00,99999.00,99999.00,99999.00,99999.00,99999.00,99999.00,99999.00,99999.00,99999.00,99999.00,99999.00,99999.00,99999.00,99999.00,99999.00,99999.00,99999.00,99999.00,99999.00,99999.00,99999.00,99999.00,99999.00,99999.00,99999.00,99999.00,99999.00,99999.00,99999.00,99999.00,99999.00,99999.00,99999.00,99999.00,99999.00,99999.00,99999.00,99999.00,99999.00,99999.00,99999.00,99999.00,99999.00,99999.00,99999.00,99999.00,99999.00,99999.00,99999.00,99999.00,99999.00,99999.00,99999.00,99999.00,99999.00,99999.00,99999.00,99999.00,99999.00,99999.00,99999.00,99999.00,99999.00,99999.00,99999.00,99999.00,99999.00,99999.00,99999.00,99999.00,99999.00,99999.00,99999.00,99999.00,99999.00,99999.00,99999.00,99999.00,99999.00,99999.00,99999.00,99999.00,99999.00,99999.00,99999.00,99999.00
99999.00,99999.00,99999.00,99999.00,99999.00,99999.00,99999.00,99999.00,99999.00,99999.00,99999.00,99999.00,99999.00,99999.00,99999.00,99999.00,99999.00,99999.00,99999.00,99999.00,99999.00,99999.00,99999.00,99999.00,99999.00,99999.00,99999.00,99999.00,99999.00,99999.00,99999.00,99999.00,99999.00,99999.00,99999.00,99999.00,99999.00,99999.00,99999.00,99999.00,99999.00,99999.00,99999.00,99999.00,99999.00,99999.00,99999.00,99999.00,99999.00,99999.00,99999.00,99999.00,99999.00,99999.00,99999.00,99999.00,99999.00,99999.00,99999.00,99999.00,99999.00,99999.00,99999.00,99999.00,99999.00,99999.00,99999.00,99999.00,99999.00,99999.00,99999.00,99999.00,99999.00,99999.00,99999.00,99999.00,99999.00,99999.00,99999.00,99999.00,99999.00,99999.00,99999.00,99999.00,99999.00,99999.00,99999.00,99999.00,99999.00,99999.00,99999.00,99999.00,99999.00,99999.00,99999.00,99999.00,99999.00,99999.00,99999.00,99999.00,99999.00,99999.00,99999.00,99999.00,99999.00,99999.00,99999.00,99999.00,99999.00,99999.00,99999.00,99999.00,99999.00,99999.00,99999.00,99999.00,99999.00,99999.00,99999.00,99999.00,99999.00,99999.00,99999.00,99999.00
99999.00,99999.00,99999.00,99999.00,99999.00,99999.00,99999.00,99999.00,99999.00,99999.00,99999.00,99999.00,99999.00,99999.00,99999.00,99999.00,99999.00,99999.00,99999.00,99999.00,99999.00,99999.00,99999.00,99999.00,99999.00,99999.00,99999.00,99999.00,99999.00,99999.00,99999.00,99999.00,99999.00,99999.00,99999.00,99999.00,99999.00,99999.00,99999.00,99999.00,99999.00,99999.00,99999.00,99999.00,99999.00,99999.00,99999.00,99999.00,99999.00,99999.00,99999.00,99999.00,99999.00,99999.00,99999.00,99999.00,99999.00,99999.00,99999.00,99999.00,99999.00,99999.00,99999.00,99999.00,99999.00,99999.00,99999.00,99999.00,99999.00,99999.00,99999.00,99999.00,99999.00,99999.00,99999.00,99999.00,99999.00,99999.00,99999.00,99999.00,99999.00,99999.00,99999.00,99999.00,99999.00,99999.00,99999.00,99999.00,99999.00,99999.00,99999.00,99999.00,99999.00,99999.00,99999.00,99999.00,99999.00,99999.00,99999.00,99999.00,99999.00,99999.00,99999.00,99999.00,99999.00,99999.00,99999.00,99999.00,99999.00,99999.00,99999.00,99999.00,99999.00,99999.00,99999.00,99999.00,99999.00,99999.00,99999.00,99999.00,99999.00,99999.00,99999.00,99999.00
99999.00,99999.00,99999.00,99999.00,99999.00,99999.00,99999.00,99999.00,99999.00,99999.00,99999.00,99999.00,99999.00,99999.00,99999.00,99999.00,99999.00,99999.00,99999.00,99999.00,99999.00,99999.00,99999.00,99999.00,99999.00,99999.00,99999.00,99999.00,99999.00,99999.00,99999.00,99999.00,99999.00,99999.00,99999.00,99999.00,99999.00,99999.00,99999.00,99999.00,99999.00,99999.00,99999.00,99999.00,99999.00,99999.00,99999.00,99999.00,99999.00,99999.00,99999.00,99999.00,99999.00,99999.00,99999.00,99999.00,99999.00,99999.00,99999.00,99999.00,99999.00,99999.00,99999.00,99999.00,99999.00,99999.00,99999.00,99999.00,99999.00,99999.00,99999.00,99999.00,99999.00,99999.00,99999.00,99999.00,99999.00,99999.00,99999.00,99999.00,99999.00,99999.00,99999.00,99999.00,99999.00,99999.00,99999.00,99999.00,99999.00,99999.00,99999.00,99999.00,99999.00,99999.00,99999.00,99999.00,99999.00,99999.00,99999.00,99999.00,99999.00,99999.00,99999.00,99999.00,99999.00,99999.00,99999.00,99999.00,99999.00,99999.00,99999.00,99999.00,99999.00,99999.00,99999.00,99999.00,99999.00,99999.00,99999.00,99999.00,99999.00,99999.00,99999.00,99999.00
99999.00,99999.00,99999.00,99999.00,99999.00,99999.00,99999.00,99999.00,99999.00,99999.00,99999.00,99999.00,99999.00,99999.00,99999.00,99999.00,99999.00,99999.00,99999.00,99999.00,99999.00,99999.00,99999.00,99999.00,99999.00,99999.00,99999.00,99999.00,99999.00,99999.00,99999.00,99999.00,99999.00,99999.00,99999.00,99999.00,99999.00,99999.00,99999.00,99999.00,99999.00,99999.00,99999.00,99999.00,99999.00,99999.00,99999.00,99999.00,99999.00,99999.00,99999.00,99999.00,99999.00,99999.00,99999.00,99999.00,99999.00,99999.00,99999.00,99999.00,99999.00,99999.00,99999.00,99999.00,99999.00,99999.00,99999.00,99999.00,99999.00,99999.00,99999.00,99999.00,99999.00,99999.00,99999.00,99999.00,99999.00,99999.00,99999.00,99999.00,99999.00,99999.00,99999.00,99999.00,99999.00,99999.00,99999.00,99999.00,99999.00,99999.00,99999.00,99999.00,99999.00,99999.00,99999.00,99999.00,99999.00,99999.00,99999.00,99999.00,99999.00,99999.00,99999.00,99999.00,99999.00,99999.00,99999.00,99999.00,99999.00,99999.00,99999.00,99999.00,99999.00,99999.00,99999.00,99999.00,99999.00,99999.00,99999.00,99999.00,99999.00,99999.00,99999.00,99999.00
99999.00,99999.00,99999.00,99999.00,99999.00,99999.00,99999.00,99999.00,99999.00,99999.00,99999.00,99999.00,99999.00,99999.00,99999.00,99999.00,99999.00,99999.00,99999.00,99999.00,99999.00,99999.00,99999.00,99999.00,99999.00,99999.00,99999.00,99999.00,99999.00,99999.00,99999.00,99999.00,99999.00,99999.00,99999.00,99999.00,99999.00,99999.00,99999.00,99999.00,99999.00,99999.00,99999.00,99999.00,99999.00,99999.00,99999.00,99999.00,99999.00,99999.00,99999.00,99999.00,99999.00,99999.00,99999.00,99999.00,99999.00,99999.00,99999.00,99999.00,99999.00,99999.00,99999.00,99999.00,99999.00,99999.00,99999.00,99999.00,99999.00,99999.00,99999.00,99999.00,99999.00,99999.00,99999.00,99999.00,99999.00,99999.00,99999.00,99999.00,99999.00,99999.00,99999.00,99999.00,99999.00,99999.00,99999.00,99999.00,99999.00,99999.00,99999.00,99999.00,99999.00,99999.00,99999.00,99999.00,99999.00,99999.00,99999.00,99999.00,99999.00,99999.00,99999.00,99999.00,99999.00,99999.00,99999.00,99999.00,99999.00,99999.00,99999.00,99999.00,99999.00,99999.00,99999.00,99999.00,99999.00,99999.00,99999.00,99999.00,99999.00,99999.00,99999.00,99999.00
99999.00,99999.00,99999.00,99999.00,99999.00,99999.00,99999.00,99999.00,99999.00,99999.00,99999.00,99999.00,99999.00,99999.00,99999.00,99999.00,99999.00,99999.00,99999.00,99999.00,99999.00,99999.00,99999.00,99999.00,99999.00,99999.00,99999.00,99999.00,99999.00,99999.00,99999.00,99999.00,99999.00,99999.00,99999.00,99999.00,99999.00,99999.00,99999.00,99999.00,99999.00,99999.00,99999.00,99999.00,99999.00,99999.00,99999.00,99999.00,99999.00,99999.00,99999.00,99999.00,99999.00,99999.00,99999.00,99999.00,99999.00,99999.00,99999.00,99999.00,99999.00,99999.00,99999.00,99999.00,99999.00,99999.00,99999.00,99999.00,99999.00,99999.00,99999.00,99999.00,99999.00,99999.00,99999.00,99999.00,99999.00,99999.00,99999.00,99999.00,99999.00,99999.00,99999.00,99999.00,99999.00,99999.00,99999.00,99999.00,99999.00,99999.00,99999.00,99999.00,99999.00,99999.00,99999.00,99999.00,99999.00,99999.00,99999.00,99999.00,99999.00,99999.00,99999.00,99999.00,99999.00,99999.00,99999.00,99999.00,99999.00,99999.00,99999.00,99999.00,99999.00,99999.00,99999.00,99999.00,99999.00,99999.00,99999.00,99999.00,99999.00,99999.00,99999.00,99999.00
99999.00,99999.00,99999.00,99999.00,99999.00,99999.00,99999.00,99999.00,99999.00,99999.00,99999.00,99999.00,99999.00,99999.00,99999.00,99999.00,99999.00,99999.00,99999.00,99999.00,99999.00,99999.00,99999.00,99999.00,99999.00,99999.00,99999.00,99999.00,99999.00,99999.00,99999.00,99999.00,99999.00,99999.00,99999.00,99999.00,99999.00,99999.00,99999.00,99999.00,99999.00,99999.00,99999.00,99999.00,99999.00,99999.00,99999.00,99999.00,99999.00,99999.00,99999.00,99999.00,99999.00,99999.00,99999.00,99999.00,99999.00,99999.00,99999.00,99999.00,99999.00,99999.00,99999.00,99999.00,99999.00,99999.00,99999.00,99999.00,99999.00,99999.00,99999.00,99999.00,99999.00,99999.00,99999.00,99999.00,99999.00,99999.00,99999.00,99999.00,99999.00,99999.00,99999.00,99999.00,99999.00,99999.00,99999.00,99999.00,99999.00,99999.00,99999.00,99999.00,99999.00,99999.00,99999.00,99999.00,99999.00,99999.00,99999.00,99999.00,99999.00,99999.00,99999.00,99999.00,99999.00,99999.00,99999.00,99999.00,99999.00,99999.00,99999.00,99999.00,99999.00,99999.00,99999.00,99999.00,99999.00,99999.00,99999.00,99999.00,99999.00,99999.00,99999.00,99999.00
