99999.00,99999.00,99999.00,99999.00,99999.00,99999.00,99999.00,99999.00,99999.00,99999.00,99999.00,99999.00,99999.00,99999.00,99999.00,99999.00,99999.00,99999.00,99999.00,99999.00,99999.00,99999.00,99999.00,99999.00,99999.00,99999.00,99999.00,99999.00,99999.00,99999.00,99999.00,99999.00,99999.00,99999.00,99999.00,99999.00,99999.00,99999.00,99999.00,99999.00,99999.00,99999.00,99999.00,99999.00,99999.00,99999.00,99999.00,99999.00,99999.00,99999.00,99999.00,99999.00,99999.00,99999.00,99999.00,99999.00,99999.00,99999.00,99999.00,99999.00,99999.00,99999.00,99999.00,99999.00,99999.00,99999.00,99999.00,99999.00,99999.00,99999.00,99999.00,99999.00,99999.00,99999.00,99999.00,99999.00,99999.00,99999.00,99999.00,99999.00,99999.00,99999.00,99999.00,99999.00,99999.00,99999.00,99999.00,99999.00,99999.00,99999.00,99999.00,99999.00,99999.00,99999.00,99999.00,99999.00,99999.00,99999.00,99999.00,99999.00,99999.00,99999.00,99999.00,99999.00,99999.00,99999.00,99999.00,99999.00,99999.00,99999.00,99999.00,99999.00,99999.00,99999.00,99999.00,99999.00,99999.00,99999.00,99999.00,99999.00,99999.00,99999.00,99999.00,99999.00,99999.00,99999.00,99999.00,99999.00,99999.00,99999.00,99999.00,99999.00,99999.00,99999.00,99999.00,99999.00,99999.00,99999.00,99999.00,99999.00,99999.00,99999.00,99999.00,99999.00,99999.00,99999.00,99999.00,99999.00,99999.00,99999.00,99999.00,99999.00,99999.00,99999.00,99999.00,99999.00,99999.00,99999.00,99999.00,99999.00,99999.00,99999.00,99999.00,99999.00,99999.00,99999.00,99999.00,99999.00,99999.00,99999.00,99999.00,99999.00,99999.00,99999.00,99999.00,99999.00,99999.00,99999.00,99999.00,99999.00,99999.00,99999.00,99999.00,99999.00,99999.00,99999.00,99999.00,99999.00,99999.00,99999.00,99999.00,99999.00,99999.00,99999.00,99999.00,99999.00
99999.00,99999.00,99999.00,99999.00,99999.00,99999.00,99999.00,99999.00,99999.00,99999.00,99999.00,99999.00,99999.00,99999.00,99999.00,99999.00,99999.00,99999.00,99999.00,99999.00,99999.00,99999.00,99999.00,99999.00,99999.00,99999.00,99999.00,99999.00,99999.00,99999.00,99999.00,99999.00,99999.00,99999.00,99999.00,99999.00,99999.00,99999.00,99999.00,99999.00,99999.00,99999.00,99999.00,99999.00,99999.00,99999.00,99999.00,99999.00,99999.00,99999.00,99999.00,99999.00,99999.00,99999.00,99999.00,99999.00,99999.00,99999.00,99999.00,99999.00,99999.00,99999.00,99999.00,99999.00,99999.00,99999.00,99999.00,99999.00,99999.00,99999.00,99999.00,99999.00,99999.00,99999.00,99999.00,99999.00,99999.00,99999.00,99999.00,99999.00,99999.00,99999.00,99999.00,99999.00,99999.00,99999.00,99999.00,99999.00,99999.00,99999.00,99999.00,99999.00,99999.00,99999.00,99999.00,99999.00,99999.00,99999.00,99999.00,99999.00,99999.00,99999.00,99999.00,99999.00,99999.00,99999.00,99999.00,99999.00,99999.00,99999.00,99999.00,99999.00,99999.00,99999.00,99999.00,99999.00,99999.00,99999.00,99999.00,99999.00,99999.00,99999.00,99999.00,99999.00,99999.00,99999.00,99999.00,99999.00,99999.00,99999.00,99999.00,99999.00,99999.00,99999.00,99999.00,99999.00,99999.00,99999.00,99999.00,99999.00,99999.00,99999.00,99999.00,99999.00,99999.00,99999.00,99999.00,99999.00,99999.00,99999.00,99999.00,99999.00,99999.00,99999.00,99999.00,99999.00,99999.00,99999.00,99999.00,99999.00,99999.00,99999.00,99999.00,99999.00,99999.00,99999.00,99999.00,99999.00,99999.00,99999.00,99999.00,99999.00,99999.00,99999.00,99999.00,99999.00,99999.00,99999.00,99999.00,99999.00,99999.00,99999.00,99999.00,99999.00,99999.00,99999.00,99999.00,99999.00,99999.00,99999.00,99999.00,99999.00,99999.00,99999.00,99999.00,99999.00
99999.00,99999.00,99999.00,99999.00,99999.00,99999.00,99999.00,99999.00,99999.00,99999.00,99999.00,99999.00,99999.00,99999.00,99999.00,99999.00,99999.00,99999.00,99999.00,99999.00,99999.00,99999.00,99999.00,99999.00,99999.00,99999.00,99999.00,99999.00,99999.00,99999.00,99999.00,99999.00,99999.00,99999.00,99999.00,99999.00,99999.00,99999.00,99999.00,99999.00,99999.00,99999.00,99999.00,99999.00,99999.00,99999.00,99999.00,99999.00,99999.00,99999.00,99999.00,99999.00,99999.00,99999.00,99999.00,99999.00,99999.00,99999.00,99999.00,99999.00,99999.00,99999.00,99999.00,99999.00,99999.00,99999.00,99999.00,99999.00,99999.00,99999.00,99999.00,99999.00,99999.00,99999.00,99999.00,99999.00,99999.00,99999.00,99999.00,99999.00,99999.00,99999.00,99999.00,99999.00,99999.00,99999.00,99999.00,99999.00,99999.00,99999.00,99999.00,99999.00,99999.00,99999.00,99999.00,99999.00,99999.00,99999.00,99999.00,99999.00,99999.00,99999.00,99999.00,99999.00,99999.00,99999.00,99999.00,99999.00,99999.00,99999.00,99999.00,99999.00,99999.00,99999.00,99999.00,99999.00,99999.00,99999.00,99999.00,99999.00,99999.00,99999.00,99999.00,99999.00,99999.00,99999.00,99999.00,99999.00,99999.00,99999.00,99999.00,99999.00,99999.00,99999.00,99999.00,99999.00,99999.00,99999.00,99999.00,99999.00,99999.00,99999.00,99999.00,99999.00,99999.00,99999.00,99999.00,99999.00,99999.00,99999.00,99999.00,99999.00,99999.00,99999.00,99999.00,99999.00,99999.00,99999.00,99999.00,99999.00,99999.00,99999.00,99999.00,99999.00,99999.00,99999.00,99999.00,99999.00,99999.00,99999.00,99999.00,99999.00,99999.00,99999.00,99999.00,99999.00,99999.00,99999.00,99999.00,99999.00,99999.00,99999.00,99999.00,99999.00,99999.00,99999.00,99999.00,99999.00,99999.00,99999.00,99999.00,99999.00,99999.00,99999.00,99999.00,99999.00
99999.00,99999.00,99999.00,99999.00,99999.00,99999.00,99999.00,99999.00,99999.00,99999.00,99999.00,99999.00,99999.00,99999.00,99999.00,99999.00,99999.00,99999.00,99999.00,99999.00,99999.00,99999.00,99999.00,99999.00,99999.00,99999.00,99999.00,99999.00,99999.00,99999.00,99999.00,99999.00,99999.00,99999.00,99999.00,99999.00,99999.00,99999.00,99999.00,99999.00,99999.00,99999.00,99999.00,99999.00,99999.00,99999.00,99999.00,99999.00,99999.00,99999.00,99999.00,99999.00,99999.00,99999.00,99999.00,99999.00,99999.00,99999.00,99999.00,99999.00,99999.00,99999.00,99999.00,99999.00,99999.00,99999.00,99999.00,99999.00,99999.00,99999.00,99999.00,99999.00,99999.00,99999.00,99999.00,99999.00,99999.00,99999.00,99999.00,99999.00,99999.00,99999.00,99999.00,99999.00,99999.00,99999.00,99999.00,99999.00,99999.00,99999.00,99999.00,99999.00,99999.00,99999.00,99999.00,99999.00,99999.00,99999.00,99999.00,99999.00,99999.00,99999.00,99999.00,99999.00,99999.00,99999.00,99999.00,99999.00,99999.00,99999.00,99999.00,99999.00,99999.00,99999.00,99999.00,99999.00,99999.00,99999.00,99999.00,99999.00,99999.00,99999.00,99999.00,99999.00,99999.00,99999.00,99999.00,99999.00,99999.00,99999.00,99999.00,99999.00,99999.00,99999.00,99999.00,99999.00,99999.00,99999.00,99999.00,99999.00,99999.00,99999.00,99999.00,99999.00,99999.00,99999.00,99999.00,99999.00,99999.00,99999.00,99999.00,99999.00,99999.00,99999.00,99999.00,99999.00,99999.00,99999.00,99999.00,99999.00,99999.00,99999.00,99999.00,99999.00,99999.00,99999.00,99999.00,99999.00,99999.00,99999.00,99999.00,99999.00,99999.00,99999.00,99999.00,99999.00,99999.00,99999.00,99999.00,99999.00,99999.00,99999.00,99999.00,99999.00,99999.00,99999.00,99999.00,99999.00,99999.00,99999.00,99999.00,99999.00,99999.00,99999.00,99999.00,99999.00
99999.00,99999.00,99999.00,99999.00,99999.00,99999.00,99999.00,99999.00,99999.00,99999.00,99999.00,99999.00,99999.00,99999.00,99999.00,99999.00,99999.00,99999.00,99999.00,99999.00,99999.00,99999.00,99999.00,99999.00,99999.00,99999.00,99999.00,99999.00,99999.00,99999.00,99999.00,99999.00,99999.00,99999.00,99999.00,99999.00,99999.00,99999.00,99999.00,99999.00,99999.00,99999.00,99999.00,99999.00,99999.00,99999.00,99999.00,99999.00,99999.00,99999.00,99999.00,99999.00,99999.00,99999.00,99999.00,99999.00,99999.00,99999.00,99999.00,99999.00,99999.00,99999.00,99999.00,99999.00,99999.00,99999.00,99999.00,99999.00,99999.00,99999.00,99999.00,99999.00,99999.00,99999.00,99999.00,99999.00,99999.00,99999.00,99999.00,99999.00,99999.00,99999.00,99999.00,99999.00,99999.00,99999.00,99999.00,99999.00,99999.00,99999.00,99999.00,99999.00,99999.00,99999.00,99999.00,99999.00,99999.00,99999.00,99999.00,99999.00,99999.00,99999.00,99999.00,99999.00,99999.00,99999.00,99999.00,99999.00,99999.00,99999.00,99999.00,99999.00,99999.00,99999.00,99999.00,99999.00,99999.00,99999.00,99999.00,99999.00,99999.00,99999.00,99999.00,99999.00,99999.00,99999.00,99999.00,99999.00,99999.00,99999.00,99999.00,99999.00,99999.00,99999.00,99999.00,99999.00,99999.00,99999.00,99999.00,99999.00,99999.00,99999.00,99999.00,99999.00,99999.00,99999.00,99999.00,99999.00,99999.00,99999.00,99999.00,99999.00,99999.00,99999.00,99999.00,99999.00,99999.00,99999.00,99999.00,99999.00,99999.00,99999.00,99999.00,99999.00,99999.00,99999.00,99999.00,99999.00,99999.00,99999.00,99999.00,99999.00,99999.00,99999.00,99999.00,99999.00,99999.00,99999.00,99999.00,99999.00,99999.00,99999.00,99999.00,99999.00,99999.00,99999.00,99999.00,99999.00,99999.00,99999.00,99999.00,99999.00,99999.00,99999.00,99999.00,99999.00
99999.00,99999.00,99999.00,99999.00,99999.00,99999.00,99999.00,99999.00,99999.00,99999.00,99999.00,99999.00,99999.00,99999.00,99999.00,99999.00,99999.00,99999.00,99999.00,99999.00,99999.00,99999.00,99999.00,99999.00,99999.00,99999.00,99999.00,99999.00,99999.00,99999.00,99999.00,99999.00,99999.00,99999.00,99999.00,99999.00,99999.00,99999.00,99999.00,99999.00,99999.00,99999.00,99999.00,99999.00,99999.00,99999.00,99999.00,99999.00,99999.00,99999.00,99999.00,99999.00,99999.00,99999.00,99999.00,99999.00,99999.00,99999.00,99999.00,99999.00,99999.00,99999.00,99999.00,99999.00,99999.00,99999.00,99999.00,99999.00,99999.00,99999.00,99999.00,99999.00,99999.00,99999.00,99999.00,99999.00,99999.00,99999.00,99999.00,99999.00,99999.00,99999.00,99999.00,99999.00,99999.00,99999.00,99999.00,99999.00,99999.00,99999.00,99999.00,99999.00,99999.00,99999.00,99999.00,99999.00,99999.00,99999.00,99999.00,99999.00,99999.00,99999.00,99999.00,99999.00,99999.00,99999.00,99999.00,99999.00,99999.00,99999.00,99999.00,99999.00,99999.00,99999.00,99999.00,99999.00,99999.00,99999.00,99999.00,99999.00,99999.00,99999.00,99999.00,99999.00,99999.00,99999.00,99999.00,99999.00,99999.00,99999.00,99999.00,99999.00,99999.00,99999.00,99999.00,99999.00,99999.00,99999.00,99999.00,99999.00,99999.00,99999.00,99999.00,99999.00,99999.00,99999.00,99999.00,99999.00,99999.00,99999.00,99999.00,99999.00,99999.00,99999.00,99999.00,99999.00,99999.00,99999.00,99999.00,99999.00,99999.00,99999.00,99999.00,99999.00,99999.00,99999.00,99999.00,99999.00,99999.00,99999.00,99999.00,99999.00,99999.00,99999.00,99999.00,99999.00,99999.00,99999.00,99999.00,99999.00,99999.00,99999.00,99999.00,99999.00,99999.00,99999.00,99999.00,99999.00,99999.00,99999.00,99999.00,99999.00,99999.00,99999.00,99999.00,99999.00
99999.00,99999.00,99999.00,99999.00,99999.00,99999.00,99999.00,99999.00,99999.00,99999.00,99999.00,99999.00,99999.00,99999.00,99999.00,99999.00,99999.00,99999.00,99999.00,99999.00,99999.00,99999.00,99999.00,99999.00,99999.00,99999.00,99999.00,99999.00,99999.00,99999.00,99999.00,99999.00,99999.00,99999.00,99999.00,99999.00,99999.00,99999.00,99999.00,99999.00,99999.00,99999.00,99999.00,99999.00,99999.00,99999.00,99999.00,99999.00,99999.00,99999.00,99999.00,99999.00,99999.00,99999.00,99999.00,99999.00,99999.00,99999.00,99999.00,99999.00,99999.00,99999.00,99999.00,99999.00,99999.00,99999.00,99999.00,99999.00,99999.00,99999.00,99999.00,99999.00,99999.00,99999.00,99999.00,99999.00,99999.00,99999.00,99999.00,99999.00,99999.00,99999.00,99999.00,99999.00,99999.00,99999.00,99999.00,99999.00,99999.00,99999.00,99999.00,99999.00,99999.00,99999.00,99999.00,99999.00,99999.00,99999.00,99999.00,99999.00,99999.00,99999.00,99999.00,99999.00,99999.00,99999.00,99999.00,99999.00,99999.00,99999.00,99999.00,99999.00,99999.00,99999.00,99999.00,99999.00,99999.00,99999.00,99999.00,99999.00,99999.00,99999.00,99999.00,99999.00,99999.00,99999.00,99999.00,99999.00,99999.00,99999.00,99999.00,99999.00,99999.00,99999.00,99999.00,99999.00,99999.00,99999.00,99999.00,99999.00,99999.00,99999.00,99999.00,99999.00,99999.00,99999.00,99999.00,99999.00,99999.00,99999.00,99999.00,99999.00,99999.00,99999.00,99999.00,99999.00,99999.00,99999.00,99999.00,99999.00,99999.00,99999.00,99999.00,99999.00,99999.00,99999.00,99999.00,99999.00,99999.00,99999.00,99999.00,99999.00,99999.00,99999.00,99999.00,99999.00,99999.00,99999.00,99999.00,99999.00,99999.00,99999.00,99999.00,99999.00,99999.00,99999.00,99999.00,99999.00,99999.00,99999.00,99999.00,99999.00,99999.00,99999.00,99999.00,99999.00
99999.00,99999.00,99999.00,99999.00,99999.00,99999.00,99999.00,99999.00,99999.00,99999.00,99999.00,99999.00,99999.00,99999.00,99999.00,99999.00,99999.00,99999.00,99999.00,99999.00,99999.00,99999.00,99999.00,99999.00,99999.00,99999.00,99999.00,99999.00,99999.00,99999.00,99999.00,99999.00,99999.00,99999.00,99999.00,99999.00,99999.00,99999.00,99999.00,99999.00,99999.00,99999.00,99999.00,99999.00,99999.00,99999.00,99999.00,99999.00,99999.00,99999.00,99999.00,99999.00,99999.00,99999.00,99999.00,99999.00,99999.00,99999.00,99999.00,99999.00,99999.00,99999.00,99999.00,99999.00,99999.00,99999.00,99999.00,99999.00,99999.00,99999.00,99999.00,99999.00,99999.00,99999.00,99999.00,99999.00,99999.00,99999.00,99999.00,99999.00,99999.00,99999.00,99999.00,99999.00,99999.00,99999.00,99999.00,99999.00,99999.00,99999.00,99999.00,99999.00,99999.00,99999.00,99999.00,99999.00,99999.00,99999.00,99999.00,99999.00,99999.00,99999.00,99999.00,99999.00,99999.00,99999.00,99999.00,99999.00,99999.00,99999.00,99999.00,99999.00,99999.00,99999.00,99999.00,99999.00,99999.00,99999.00,99999.00,99999.00,99999.00,99999.00,99999.00,99999.00,99999.00,99999.00,99999.00,99999.00,99999.00,99999.00,99999.00,99999.00,99999.00,99999.00,99999.00,99999.00,99999.00,99999.00,99999.00,99999.00,99999.00,99999.00,99999.00,99999.00,99999.00,99999.00,99999.00,99999.00,99999.00,99999.00,99999.00,99999.00,99999.00,99999.00,99999.00,99999.00,99999.00,99999.00,99999.00,99999.00,99999.00,99999.00,99999.00,99999.00,99999.00,99999.00,99999.00,99999.00,99999.00,99999.00,99999.00,99999.00,99999.00,99999.00,99999.00,99999.00,99999.00,99999.00,99999.00,99999.00,99999.00,99999.00,99999.00,99999.00,99999.00,99999.00,99999.00,99999.00,99999.00,99999.00,99999.00,99999.00,99999.00,99999.00,99999.00,99999.00
99999.00,99999.00,99999.00,99999.00,99999.00,99999.00,99999.00,99999.00,99999.00,99999.00,99999.00,99999.00,99999.00,99999.00,99999.00,99999.00,99999.00,99999.00,99999.00,99999.00,99999.00,99999.00,99999.00,99999.00,99999.00,99999.00,99999.00,99999.00,99999.00,99999.00,99999.00,99999.00,99999.00,99999.00,99999.00,99999.00,99999.00,99999.00,99999.00,99999.00,99999.00,99999.00,99999.00,99999.00,99999.00,99999.00,99999.00,99999.00,99999.00,99999.00,99999.00,99999.00,99999.00,99999.00,99999.00,99999.00,99999.00,99999.00,99999.00,99999.00,99999.00,99999.00,99999.00,99999.00,99999.00,99999.00,99999.00,99999.00,99999.00,99999.00,99999.00,99999.00,99999.00,99999.00,99999.00,99999.00,99999.00,99999.00,99999.00,99999.00,99999.00,99999.00,99999.00,99999.00,99999.00,99999.00,99999.00,99999.00,99999.00,99999.00,99999.00,99999.00,99999.00,99999.00,99999.00,99999.00,99999.00,99999.00,99999.00,99999.00,99999.00,99999.00,99999.00,99999.00,99999.00,99999.00,99999.00,99999.00,99999.00,99999.00,99999.00,99999.00,99999.00,99999.00,99999.00,99999.00,99999.00,99999.00,99999.00,99999.00,99999.00,99999.00,99999.00,99999.00,99999.00,99999.00,99999.00,99999.00,99999.00,99999.00,99999.00,99999.00,99999.00,99999.00,99999.00,99999.00,99999.00,99999.00,99999.00,99999.00,99999.00,99999.00,99999.00,99999.00,99999.00,99999.00,99999.00,99999.00,99999.00,99999.00,99999.00,99999.00,99999.00,99999.00,99999.00,99999.00,99999.00,99999.00,99999.00,99999.00,99999.00,99999.00,99999.00,99999.00,99999.00,99999.00,99999.00,99999.00,99999.00,99999.00,99999.00,99999.00,99999.00,99999.00,99999.00,99999.00,99999.00,99999.00,99999.00,99999.00,99999.00,99999.00,99999.00,99999.00,99999.00,99999.00,99999.00,99999.00,99999.00,99999.00,99999.00,99999.00,99999.00,99999.00,99999.00,99999.00
99999.00,99999.00,99999.00,99999.00,99999.00,99999.00,99999.00,99999.00,99999.00,99999.00,99999.00,99999.00,99999.00,99999.00,99999.00,99999.00,99999.00,99999.00,99999.00,99999.00,99999.00,99999.00,99999.00,99999.00,99999.00,99999.00,99999.00,99999.00,99999.00,99999.00,99999.00,99999.00,99999.00,99999.00,99999.00,99999.00,99999.00,99999.00,99999.00,99999.00,99999.00,99999.00,99999.00,99999.00,99999.00,99999.00,99999.00,99999.00,99999.00,99999.00,99999.00,99999.00,99999.00,99999.00,99999.00,99999.00,99999.00,99999.00,99999.00,99999.00,99999.00,99999.00,99999.00,99999.00,99999.00,99999.00,99999.00,99999.00,99999.00,99999.00,99999.00,99999.00,99999.00,99999.00,99999.00,99999.00,99999.00,99999.00,99999.00,99999.00,99999.00,99999.00,99999.00,99999.00,99999.00,99999.00,99999.00,99999.00,99999.00,99999.00,99999.00,99999.00,99999.00,99999.00,99999.00,99999.00,99999.00,99999.00,99999.00,99999.00,99999.00,99999.00,99999.00,99999.00,99999.00,99999.00,99999.00,99999.00,99999.00,99999.00,99999.00,99999.00,99999.00,99999.00,99999.00,99999.00,99999.00,99999.00,99999.00,99999.00,99999.00,99999.00,99999.00,99999.00,99999.00,99999.00,99999.00,99999.00,99999.00,99999.00,99999.00,99999.00,99999.00,99999.00,99999.00,99999.00,99999.00,99999.00,99999.00,99999.00,99999.00,99999.00,99999.00,99999.00,99999.00,99999.00,99999.00,99999.00,99999.00,99999.00,99999.00,99999.00,99999.00,99999.00,99999.00,99999.00,99999.00,99999.00,99999.00,99999.00,99999.00,99999.00,99999.00,99999.00,99999.00,99999.00,99999.00,99999.00,99999.00,99999.00,99999.00,99999.00,99999.00,99999.00,99999.00,99999.00,99999.00,99999.00,99999.00,99999.00,99999.00,99999.00,99999.00,99999.00,99999.00,99999.00,99999.00,99999.00,99999.00,99999.00,99999.00,99999.00,99999.00,99999.00,99999.00,99999.00
99999.00,99999.00,99999.00,99999.00,99999.00,99999.00,99999.00,99999.00,99999.00,99999.00,99999.00,99999.00,99999.00,99999.00,99999.00,99999.00,99999.00,99999.00,99999.00,99999.00,99999.00,99999.00,99999.00,99999.00,99999.00,99999.00,99999.00,99999.00,99999.00,99999.00,99999.00,99999.00,99999.00,99999.00,99999.00,99999.00,99999.00,99999.00,99999.00,99999.00,99999.00,99999.00,99999.00,99999.00,99999.00,99999.00,99999.00,99999.00,99999.00,99999.00,99999.00,99999.00,99999.00,99999.00,99999.00,99999.00,99999.00,99999.00,99999.00,99999.00,99999.00,99999.00,99999.00,99999.00,99999.00,99999.00,99999.00,99999.00,99999.00,99999.00,99999.00,99999.00,99999.00,99999.00,99999.00,99999.00,99999.00,99999.00,99999.00,99999.00,99999.00,99999.00,99999.00,99999.00,99999.00,99999.00,99999.00,99999.00,99999.00,99999.00,99999.00,99999.00,99999.00,99999.00,99999.00,99999.00,99999.00,99999.00,99999.00,99999.00,99999.00,99999.00,99999.00,99999.00,99999.00,99999.00,99999.00,99999.00,99999.00,99999.00,99999.00,99999.00,99999.00,99999.00,99999.00,99999.00,99999.00,99999.00,99999.00,99999.00,99999.00,99999.00,99999.00,99999.00,99999.00,99999.00,99999.00,99999.00,99999.00,99999.00,99999.00,99999.00,99999.00,99999.00,99999.00,99999.00,99999.00,99999.00,99999.00,99999.00,99999.00,99999.00,99999.00,99999.00,99999.00,99999.00,99999.00,99999.00,99999.00,99999.00,99999.00,99999.00,99999.00,99999.00,99999.00,99999.00,99999.00,99999.00,99999.00,99999.00,99999.00,99999.00,99999.00,99999.00,99999.00,99999.00,99999.00,99999.00,99999.00,99999.00,99999.00,99999.00,99999.00,99999.00,99999.00,99999.00,99999.00,99999.00,99999.00,99999.00,99999.00,99999.00,99999.00,99999.00,99999.00,99999.00,99999.00,99999.00,99999.00,99999.00,99999.00,99999.00,99999.00,99999.00,99999.00,99999.00
99999.00,99999.00,99999.00,99999.00,99999.00,99999.00,99999.00,99999.00,99999.00,99999.00,99999.00,99999.00,99999.00,99999.00,99999.00,99999.00,99999.00,99999.00,99999.00,99999.00,99999.00,99999.00,99999.00,99999.00,99999.00,99999.00,99999.00,99999.00,99999.00,99999.00,99999.00,99999.00,99999.00,99999.00,99999.00,99999.00,99999.00,99999.00,99999.00,99999.00,99999.00,99999.00,99999.00,99999.00,99999.00,99999.00,99999.00,99999.00,99999.00,99999.00,99999.00,99999.00,99999.00,99999.00,99999.00,99999.00,99999.00,99999.00,99999.00,99999.00,99999.00,99999.00,99999.00,99999.00,99999.00,99999.00,99999.00,99999.00,99999.00,99999.00,99999.00,99999.00,99999.00,99999.00,99999.00,99999.00,99999.00,99999.00,99999.00,99999.00,99999.00,99999.00,99999.00,99999.00,99999.00,99999.00,99999.00,99999.00,99999.00,99999.00,99999.00,99999.00,99999.00,99999.00,99999.00,99999.00,99999.00,99999.00,99999.00,99999.00,99999.00,99999.00,99999.00,99999.00,99999.00,99999.00,99999.00,99999.00,99999.00,99999.00,99999.00,99999.00,99999.00,99999.00,99999.00,99999.00,99999.00,99999.00,99999.00,99999.00,99999.00,99999.00,99999.00,99999.00,99999.00,99999.00,99999.00,99999.00,99999.00,99999.00,99999.00,99999.00,99999.00,99999.00,99999.00,99999.00,99999.00,99999.00,99999.00,99999.00,99999.00,99999.00,99999.00,99999.00,99999.00,99999.00,99999.00,99999.00,99999.00,99999.00,99999.00,99999.00,99999.00,99999.00,99999.00,99999.00,99999.00,99999.00,99999.00,99999.00,99999.00,99999.00,99999.00,99999.00,99999.00,99999.00,99999.00,99999.00,99999.00,99999.00,99999.00,99999.00,99999.00,99999.00,99999.00,99999.00,99999.00,99999.00,99999.00,99999.00,99999.00,99999.00,99999.00,99999.00,99999.00,99999.00,99999.00,99999.00,99999.00,99999.00,99999.00,99999.00,99999.00,99999.00,99999.00,99999.00
99999.00,99999.00,99999.00,99999.00,99999.00,99999.00,99999.00,99999.00,99999.00,99999.00,99999.00,99999.00,99999.00,99999.00,99999.00,99999.00,99999.00,99999.00,99999.00,99999.00,99999.00,99999.00,99999.00,99999.00,99999.00,99999.00,99999.00,99999.00,99999.00,99999.00,99999.00,99999.00,99999.00,99999.00,99999.00,99999.00,99999.00,99999.00,99999.00,99999.00,99999.00,99999.00,99999.00,99999.00,99999.00,99999.00,99999.00,99999.00,99999.00,99999.00,99999.00,99999.00,99999.00,99999.00,99999.00,99999.00,99999.00,99999.00,99999.00,99999.00,99999.00,99999.00,99999.00,99999.00,99999.00,99999.00,99999.00,99999.00,99999.00,99999.00,99999.00,99999.00,99999.00,99999.00,99999.00,99999.00,99999.00,99999.00,99999.00,99999.00,99999.00,99999.00,99999.00,99999.00,99999.00,99999.00,99999.00,99999.00,99999.00,99999.00,99999.00,99999.00,99999.00,99999.00,99999.00,99999.00,99999.00,99999.00,99999.00,99999.00,99999.00,99999.00,99999.00,99999.00,99999.00,99999.00,99999.00,99999.00,99999.00,99999.00,99999.00,99999.00,99999.00,99999.00,99999.00,99999.00,99999.00,99999.00,99999.00,99999.00,99999.00,99999.00,99999.00,99999.00,99999.00,99999.00,99999.00,99999.00,99999.00,99999.00,99999.00,99999.00,99999.00,99999.00,99999.00,99999.00,99999.00,99999.00,99999.00,99999.00,99999.00,99999.00,99999.00,99999.00,99999.00,99999.00,99999.00,99999.00,99999.00,99999.00,99999.00,99999.00,99999.00,99999.00,99999.00,99999.00,99999.00,99999.00,99999.00,99999.00,99999.00,99999.00,99999.00,99999.00,99999.00,99999.00,99999.00,99999.00,99999.00,99999.00,99999.00,99999.00,99999.00,99999.00,99999.00,99999.00,99999.00,99999.00,99999.00,99999.00,99999.00,99999.00,99999.00,99999.00,99999.00,99999.00,99999.00,99999.00,99999.00,99999.00,99999.00,99999.00,99999.00,99999.00,99999.00,99999.00
99999.00,99999.00,99999.00,99999.00,99999.00,99999.00,99999.00,99999.00,99999.00,99999.00,99999.00,99999.00,99999.00,99999.00,99999.00,99999.00,99999.00,99999.00,99999.00,99999.00,99999.00,99999.00,99999.00,99999.00,99999.00,99999.00,99999.00,99999.00,99999.00,99999.00,99999.00,99999.00,99999.00,99999.00,99999.00,99999.00,99999.00,99999.00,99999.00,99999.00,99999.00,99999.00,99999.00,99999.00,99999.00,99999.00,99999.00,99999.00,99999.00,99999.00,99999.00,99999.00,99999.00,99999.00,99999.00,99999.00,99999.00,99999.00,99999.00,99999.00,99999.00,99999.00,99999.00,99999.00,99999.00,99999.00,99999.00,99999.00,99999.00,99999.00,99999.00,99999.00,99999.00,99999.00,99999.00,99999.00,99999.00,99999.00,99999.00,99999.00,99999.00,99999.00,99999.00,99999.00,99999.00,99999.00,99999.00,99999.00,99999.00,99999.00,99999.00,99999.00,99999.00,99999.00,99999.00,99999.00,99999.00,99999.00,99999.00,99999.00,99999.00,99999.00,99999.00,99999.00,99999.00,99999.00,99999.00,99999.00,99999.00,99999.00,99999.00,99999.00,99999.00,99999.00,99999.00,99999.00,99999.00,99999.00,99999.00,99999.00,99999.00,99999.00,99999.00,99999.00,99999.00,99999.00,99999.00,99999.00,99999.00,99999.00,99999.00,99999.00,99999.00,99999.00,99999.00,99999.00,99999.00,99999.00,99999.00,99999.00,99999.00,99999.00,99999.00,99999.00,99999.00,99999.00,99999.00,99999.00,99999.00,99999.00,99999.00,99999.00,99999.00,99999.00,99999.00,99999.00,99999.00,99999.00,99999.00,99999.00,99999.00,99999.00,99999.00,99999.00,99999.00,99999.00,99999.00,99999.00,99999.00,99999.00,99999.00,99999.00,99999.00,99999.00,99999.00,99999.00,99999.00,99999.00,99999.00,99999.00,99999.00,99999.00,99999.00,99999.00,99999.00,99999.00,99999.00,99999.00,99999.00,99999.00,99999.00,99999.00,99999.00,99999.00,99999.00,99999.00
99999.00,99999.00,99999.00,99999.00,99999.00,99999.00,99999.00,99999.00,99999.00,99999.00,99999.00,99999.00,99999.00,99999.00,99999.00,99999.00,99999.00,99999.00,99999.00,99999.00,99999.00,99999.00,99999.00,99999.00,99999.00,99999.00,99999.00,99999.00,99999.00,99999.00,99999.00,99999.00,99999.00,99999.00,99999.00,99999.00,99999.00,99999.00,99999.00,99999.00,99999.00,99999.00,99999.00,99999.00,99999.00,99999.00,99999.00,99999.00,99999.00,99999.00,99999.00,99999.00,99999.00,99999.00,99999.00,99999.00,99999.00,99999.00,99999.00,99999.00,99999.00,99999.00,99999.00,99999.00,99999.00,99999.00,99999.00,99999.00,99999.00,99999.00,99999.00,99999.00,99999.00,99999.00,99999.00,99999.00,99999.00,99999.00,99999.00,99999.00,99999.00,99999.00,99999.00,99999.00,99999.00,99999.00,99999.00,99999.00,99999.00,99999.00,99999.00,99999.00,99999.00,99999.00,99999.00,99999.00,99999.00,99999.00,99999.00,99999.00,99999.00,99999.00,99999.00,99999.00,99999.00,99999.00,99999.00,99999.00,99999.00,99999.00,99999.00,99999.00,99999.00,99999.00,99999.00,99999.00,99999.00,99999.00,99999.00,99999.00,99999.00,99999.00,99999.00,99999.00,99999.00,99999.00,99999.00,99999.00,99999.00,99999.00,99999.00,99999.00,99999.00,99999.00,99999.00,99999.00,99999.00,99999.00,99999.00,99999.00,99999.00,99999.00,99999.00,99999.00,99999.00,99999.00,99999.00,99999.00,99999.00,99999.00,99999.00,99999.00,99999.00,99999.00,99999.00,99999.00,99999.00,99999.00,99999.00,99999.00,99999.00,99999.00,99999.00,99999.00,99999.00,99999.00,99999.00,99999.00,99999.00,99999.00,99999.00,99999.00,99999.00,99999.00,99999.00,99999.00,99999.00,99999.00,99999.00,99999.00,99999.00,99999.00,99999.00,99999.00,99999.00,99999.00,99999.00,99999.00,99999.00,99999.00,99999.00,99999.00,99999.00,99999.00,99999.00,99999.00
99999.00,99999.00,99999.00,99999.00,99999.00,99999.00,99999.00,99999.00,99999.00,99999.00,99999.00,99999.00,99999.00,99999.00,99999.00, 836.47, 827.86, 819.83, 812.30, 804.85, 797.91, 791.34, 785.01, 778.73, 772.79, 767.32, 762.30, 757.92, 753.88, 750.50, 748.02, 746.25, 745.32, 745.41, 747.17, 750.90, 757.67, 766.63,99999.00,99999.00,99999.00,99999.00,99999.00,99999.00,99999.00,99999.00,99999.00,99999.00,99999.00,99999.00,99999.00,99999.00,99999.00,99999.00,99999.00,99999.00,99999.00,99999.00,99999.00,99999.00,99999.00,99999.00,99999.00,99999.00,99999.00,99999.00,99999.00,99999.00,99999.00,99999.00,99999.00,99999.00,99999.00,99999.00,99999.00,99999.00,99999.00,99999.00,99999.00,99999.00,99999.00,99999.00,99999.00,99999.00,99999.00,99999.00,99999.00,99999.00, 899.55, 899.15, 904.55, 912.42, 921.30, 931.93,99999.00,99999.00,99999.00,99999.00,99999.00,99999.00,99999.00,99999.00,99999.00,99999.00,99999.00,99999.00,99999.00,99999.00,99999.00,99999.00,99999.00,99999.00,99999.00,99999.00,99999.00,99999.00,99999.00,99999.00,99999.00,99999.00,99999.00,99999.00,99999.00,99999.00,99999.00,99999.00,99999.00,99999.00,99999.00,99999.00,99999.00,99999.00,1610.98,1591.97,1575.16,1560.42,1547.02,1534.64,1523.08,1513.35,1504.48,1496.66,1489.22,1482.60,1476.44,1470.61,1465.01,1461.17,1460.52,1461.68,1463.37,1465.66,1468.43,1471.87,1476.15,1481.47,1488.75,99999.00,99999.00,99999.00,99999.00,99999.00,99999.00,99999.00,99999.00,99999.00,99999.00,99999.00,99999.00,99999.00,99999.00,99999.00,99999.00,99999.00,99999.00,99999.00,99999.00,99999.00,99999.00,99999.00,99999.00,99999.00,99999.00,99999.00,99999.00,99999.00,99999.00,99999.00,99999.00,99999.00,99999.00,99999.00,99999.00,99999.00,99999.00,99999.00
99999.00,99999.00,99999.00,99999.00,99999.00,99999.00,99999.00,99999.00,99999.00,99999.00,99999.00,99999.00,99999.00,99999.00,99999.00, 828.56, 813.60, 804.85, 797.03, 789.34, 782.02, 775.12, 768.55, 762.04, 755.74, 749.81, 744.55, 739.96, 735.69, 732.06, 729.29, 727.18, 725.87, 725.50, 726.70, 729.74, 735.62, 744.06,99999.00,99999.00,99999.00,99999.00,99999.00,99999.00,99999.00,99999.00,99999.00,99999.00,99999.00,99999.00,99999.00,99999.00,99999.00,99999.00,99999.00,99999.00,99999.00,99999.00,99999.00,99999.00,99999.00,99999.00,99999.00,99999.00,99999.00,99999.00,99999.00,99999.00,99999.00,99999.00,99999.00,99999.00,99999.00,99999.00,99999.00,99999.00,99999.00,99999.00,99999.00,99999.00,99999.00,99999.00,99999.00,99999.00,99999.00,99999.00,99999.00,99999.00, 871.54, 871.72, 877.23, 884.83, 893.34, 903.96,99999.00,99999.00,99999.00,99999.00,99999.00,99999.00,99999.00,99999.00,99999.00,99999.00,99999.00,99999.00,99999.00,99999.00,99999.00,99999.00,99999.00,99999.00,99999.00,99999.00,99999.00,99999.00,99999.00,99999.00,99999.00,99999.00,99999.00,99999.00,99999.00,99999.00,99999.00,99999.00,99999.00,99999.00,99999.00,99999.00,99999.00,99999.00,1592.30,1573.44,1556.66,1541.60,1528.32,1516.14,1504.83,1494.71,1486.07,1478.28,1471.13,1464.56,1458.68,1453.18,1447.89,1444.35,1443.95,1445.30,1447.17,1449.64,1452.58,1456.18,1460.62,1467.22,1477.42,99999.00,99999.00,99999.00,99999.00,99999.00,99999.00,99999.00,99999.00,99999.00,99999.00,99999.00,99999.00,99999.00,99999.00,99999.00,99999.00,99999.00,99999.00,99999.00,99999.00,99999.00,99999.00,99999.00,99999.00,99999.00,99999.00,99999.00,99999.00,99999.00,99999.00,99999.00,99999.00,99999.00,99999.00,99999.00,99999.00,99999.00,99999.00,99999.00
99999.00,99999.00,99999.00,99999.00,99999.00,99999.00,99999.00,99999.00,99999.00,99999.00,99999.00,99999.00,99999.00,99999.00,99999.00, 821.36, 805.91, 792.11, 783.20, 775.41, 767.68, 760.44, 753.56, 746.89, 740.25, 733.93, 728.07, 723.09, 718.59, 714.70, 711.65, 709.22, 707.51, 706.69, 707.34, 709.69, 714.70, 722.74,99999.00,99999.00,99999.00,99999.00,99999.00,99999.00,99999.00,99999.00,99999.00,99999.00,99999.00,99999.00,99999.00,99999.00,99999.00,99999.00,99999.00,99999.00,99999.00,99999.00,99999.00,99999.00,99999.00,99999.00,99999.00,99999.00,99999.00,99999.00,99999.00,99999.00,99999.00,99999.00,99999.00,99999.00,99999.00,99999.00,99999.00,99999.00,99999.00,99999.00,99999.00,99999.00,99999.00,99999.00,99999.00,99999.00,99999.00,99999.00,99999.00,99999.00, 844.62, 845.33, 850.94, 858.24, 866.62, 877.27,99999.00,99999.00,99999.00,99999.00,99999.00,99999.00,99999.00,99999.00,99999.00,99999.00,99999.00,99999.00,99999.00,99999.00,99999.00,99999.00,99999.00,99999.00,99999.00,99999.00,99999.00,99999.00,99999.00,99999.00,99999.00,99999.00,99999.00,99999.00,99999.00,99999.00,99999.00,99999.00,99999.00,99999.00,99999.00,99999.00,99999.00,99999.00,1575.06,1556.20,1539.57,1524.55,1510.95,1498.90,1487.80,1477.46,1469.05,1461.25,1454.41,1447.87,1442.09,1436.85,1431.88,1428.64,1428.49,1430.03,1432.10,1434.75,1437.86,1441.63,1447.09,1455.80,1465.94,99999.00,99999.00,99999.00,99999.00,99999.00,99999.00,99999.00,99999.00,99999.00,99999.00,99999.00,99999.00,99999.00,99999.00,99999.00,99999.00,99999.00,99999.00,99999.00,99999.00,99999.00,99999.00,99999.00,99999.00,99999.00,99999.00,99999.00,99999.00,99999.00,99999.00,99999.00,99999.00,99999.00,99999.00,99999.00,99999.00,99999.00,99999.00,99999.00
99999.00,99999.00,99999.00,99999.00,99999.00,99999.00,99999.00,99999.00,99999.00,99999.00,99999.00,99999.00,99999.00,99999.00,99999.00, 814.76, 798.86, 784.59, 771.61, 762.54, 754.58, 746.96, 739.74, 732.83, 725.96, 719.29, 712.97, 707.28, 702.32, 698.19, 694.85, 692.09, 690.01, 688.74, 688.84, 690.51, 694.65, 702.39,99999.00,99999.00,99999.00,99999.00,99999.00,99999.00,99999.00,99999.00,99999.00,99999.00,99999.00,99999.00,99999.00,99999.00,99999.00,99999.00,99999.00,99999.00,99999.00,99999.00,99999.00,99999.00,99999.00,99999.00,99999.00,99999.00,99999.00,99999.00,99999.00,99999.00,99999.00,99999.00,99999.00,99999.00,99999.00,99999.00,99999.00,99999.00,99999.00,99999.00,99999.00,99999.00,99999.00,99999.00,99999.00,99999.00,99999.00,99999.00,99999.00,99999.00, 818.50, 819.73, 825.41, 832.49, 840.81, 851.53,99999.00,99999.00,99999.00,99999.00,99999.00,99999.00,99999.00,99999.00,99999.00,99999.00,99999.00,99999.00,99999.00,99999.00,99999.00,99999.00,99999.00,99999.00,99999.00,99999.00,99999.00,99999.00,99999.00,99999.00,99999.00,99999.00,99999.00,99999.00,99999.00,99999.00,99999.00,99999.00,99999.00,99999.00,99999.00,99999.00,99999.00,99999.00,1558.86,1540.03,1523.40,1508.54,1494.98,1482.63,1471.67,1461.54,1452.78,1445.25,1438.45,1432.21,1426.49,1421.40,1416.71,1413.78,1413.88,1415.63,1417.89,1420.72,1424.02,1428.45,1435.58,1444.23,1454.24,99999.00,99999.00,99999.00,99999.00,99999.00,99999.00,99999.00,99999.00,99999.00,99999.00,99999.00,99999.00,99999.00,99999.00,99999.00,99999.00,99999.00,99999.00,99999.00,99999.00,99999.00,99999.00,99999.00,99999.00,99999.00,99999.00,99999.00,99999.00,99999.00,99999.00,99999.00,99999.00,99999.00,99999.00,99999.00,99999.00,99999.00,99999.00,99999.00
99999.00,99999.00,99999.00,99999.00,99999.00,99999.00,99999.00,99999.00,99999.00,99999.00,99999.00,99999.00,99999.00,99999.00,99999.00, 808.71, 792.36, 777.65, 764.22, 751.85, 742.60, 734.45, 726.88, 719.66, 712.64, 705.63, 698.92, 692.64, 687.21, 682.32, 678.71, 675.64, 673.18, 671.46, 671.03, 672.02, 675.29, 681.93,99999.00,99999.00,99999.00,99999.00,99999.00,99999.00,99999.00,99999.00,99999.00,99999.00,99999.00,99999.00,99999.00,99999.00,99999.00,99999.00,99999.00,99999.00,99999.00,99999.00,99999.00,99999.00,99999.00,99999.00,99999.00,99999.00,99999.00,99999.00,99999.00,99999.00,99999.00,99999.00,99999.00,99999.00,99999.00,99999.00,99999.00,99999.00,99999.00,99999.00,99999.00,99999.00,99999.00,99999.00,99999.00,99999.00,99999.00,99999.00,99999.00,99999.00, 793.00, 794.74, 800.47, 807.40, 815.70, 827.16,99999.00,99999.00,99999.00,99999.00,99999.00,99999.00,99999.00,99999.00,99999.00,99999.00,99999.00,99999.00,99999.00,99999.00,99999.00,99999.00,99999.00,99999.00,99999.00,99999.00,99999.00,99999.00,99999.00,99999.00,99999.00,99999.00,99999.00,99999.00,99999.00,99999.00,99999.00,99999.00,99999.00,99999.00,99999.00,99999.00,99999.00,99999.00,1543.49,1524.64,1508.05,1493.21,1479.81,1467.50,1456.23,1446.26,1437.29,1430.06,1423.25,1417.34,1411.66,1406.69,1402.21,1399.59,1399.95,1401.90,1404.36,1407.39,1411.06,1416.89,1423.93,1432.44,1442.42,99999.00,99999.00,99999.00,99999.00,99999.00,99999.00,99999.00,99999.00,99999.00,99999.00,99999.00,99999.00,99999.00,99999.00,99999.00,99999.00,99999.00,99999.00,99999.00,99999.00,99999.00,99999.00,99999.00,99999.00,99999.00,99999.00,99999.00,99999.00,99999.00,99999.00,99999.00,99999.00,99999.00,99999.00,99999.00,99999.00,99999.00,99999.00,99999.00
99999.00,99999.00,99999.00,99999.00,99999.00,99999.00,99999.00,99999.00,99999.00,99999.00,99999.00,99999.00,99999.00,99999.00,99999.00, 803.25, 786.41, 771.22, 757.35, 744.53, 732.60, 723.16, 714.81, 707.26, 699.99, 692.76, 685.70, 678.97, 672.84, 667.39, 663.09, 659.71, 656.89, 654.73, 653.76, 654.09, 656.49, 661.97,99999.00,99999.00,99999.00,99999.00,99999.00,99999.00,99999.00,99999.00,99999.00,99999.00,99999.00,99999.00,99999.00,99999.00,99999.00,99999.00,99999.00,99999.00,99999.00,99999.00,99999.00,99999.00,99999.00,99999.00,99999.00,99999.00,99999.00,99999.00,99999.00,99999.00,99999.00,99999.00,99999.00,99999.00,99999.00,99999.00,99999.00,99999.00,99999.00,99999.00,99999.00,99999.00,99999.00,99999.00,99999.00,99999.00,99999.00,99999.00,99999.00,99999.00, 768.01, 770.24, 776.01, 782.83, 791.14, 803.96,99999.00,99999.00,99999.00,99999.00,99999.00,99999.00,99999.00,99999.00,99999.00,99999.00,99999.00,99999.00,99999.00,99999.00,99999.00,99999.00,99999.00,99999.00,99999.00,99999.00,99999.00,99999.00,99999.00,99999.00,99999.00,99999.00,99999.00,99999.00,99999.00,99999.00,99999.00,99999.00,99999.00,99999.00,99999.00,99999.00,99999.00,99999.00,1528.69,1509.89,1493.30,1478.49,1465.12,1452.98,1441.76,1431.46,1422.72,1415.22,1408.69,1402.82,1397.45,1392.55,1388.24,1385.94,1386.56,1388.73,1391.40,1394.62,1399.45,1405.21,1412.09,1420.52,1430.48,99999.00,99999.00,99999.00,99999.00,99999.00,99999.00,99999.00,99999.00,99999.00,99999.00,99999.00,99999.00,99999.00,99999.00,99999.00,99999.00,99999.00,99999.00,99999.00,99999.00,99999.00,99999.00,99999.00,99999.00,99999.00,99999.00,99999.00,99999.00,99999.00,99999.00,99999.00,99999.00,99999.00,99999.00,99999.00,99999.00,99999.00,99999.00,99999.00
99999.00,99999.00,99999.00,99999.00,99999.00,99999.00,99999.00,99999.00,99999.00,99999.00,99999.00,99999.00,99999.00,99999.00,99999.00, 798.22, 781.08, 765.36, 750.99, 737.71, 725.33, 713.70, 704.06, 695.49, 687.92, 680.54, 673.15, 666.04, 659.33, 653.42, 648.01, 644.21, 641.03, 638.44, 636.94, 636.61, 638.16, 642.48,99999.00,99999.00,99999.00,99999.00,99999.00,99999.00,99999.00,99999.00,99999.00,99999.00,99999.00,99999.00,99999.00,99999.00,99999.00,99999.00,99999.00,99999.00,99999.00,99999.00,99999.00,99999.00,99999.00,99999.00,99999.00,99999.00,99999.00,99999.00,99999.00,99999.00,99999.00,99999.00,99999.00,99999.00,99999.00,99999.00,99999.00,99999.00,99999.00,99999.00,99999.00,99999.00,99999.00,99999.00,99999.00,99999.00,99999.00,99999.00,99999.00,99999.00, 743.43, 746.13, 751.92, 758.67, 767.65, 781.61,99999.00,99999.00,99999.00,99999.00,99999.00,99999.00,99999.00,99999.00,99999.00,99999.00,99999.00,99999.00,99999.00,99999.00,99999.00,99999.00,99999.00,99999.00,99999.00,99999.00,99999.00,99999.00,99999.00,99999.00,99999.00,99999.00,99999.00,99999.00,99999.00,99999.00,99999.00,99999.00,99999.00,99999.00,99999.00,99999.00,99999.00,99999.00,1514.70,1495.57,1479.02,1464.21,1450.89,1438.77,1427.72,1417.48,1408.48,1400.79,1394.62,1388.75,1383.72,1378.87,1374.69,1372.72,1373.62,1376.01,1378.89,1382.94,1387.71,1393.39,1400.14,1408.48,1418.41,99999.00,99999.00,99999.00,99999.00,99999.00,99999.00,99999.00,99999.00,99999.00,99999.00,99999.00,99999.00,99999.00,99999.00,99999.00,99999.00,99999.00,99999.00,99999.00,99999.00,99999.00,99999.00,99999.00,99999.00,99999.00,99999.00,99999.00,99999.00,99999.00,99999.00,99999.00,99999.00,99999.00,99999.00,99999.00,99999.00,99999.00,99999.00,99999.00
99999.00,99999.00,99999.00,99999.00,99999.00,99999.00,99999.00,99999.00,99999.00,99999.00,99999.00,99999.00,99999.00,99999.00,99999.00, 793.78, 776.43, 760.19, 745.23, 731.41, 718.53, 706.43, 695.01, 685.16, 676.37, 668.75, 661.15, 653.70, 646.55, 639.96, 634.00, 629.12, 625.53, 622.51, 620.50, 619.51, 620.21, 623.39,99999.00,99999.00,99999.00,99999.00,99999.00,99999.00,99999.00,99999.00,99999.00,99999.00,99999.00,99999.00,99999.00,99999.00,99999.00,99999.00,99999.00,99999.00,99999.00,99999.00,99999.00,99999.00,99999.00,99999.00,99999.00,99999.00,99999.00,99999.00,99999.00,99999.00,99999.00,99999.00,99999.00,99999.00,99999.00,99999.00,99999.00,99999.00,99999.00,99999.00,99999.00,99999.00,99999.00,99999.00,99999.00,99999.00,99999.00,99999.00,99999.00,99999.00, 719.19, 722.34, 728.13, 734.84, 745.12, 759.93,99999.00,99999.00,99999.00,99999.00,99999.00,99999.00,99999.00,99999.00,99999.00,99999.00,99999.00,99999.00,99999.00,99999.00,99999.00,99999.00,99999.00,99999.00,99999.00,99999.00,99999.00,99999.00,99999.00,99999.00,99999.00,99999.00,99999.00,99999.00,99999.00,99999.00,99999.00,99999.00,99999.00,99999.00,99999.00,99999.00,99999.00,99999.00,1500.93,1481.93,1465.05,1450.30,1436.97,1424.91,1413.89,1403.83,1394.48,1387.03,1380.66,1375.08,1370.11,1365.58,1361.49,1359.86,1361.04,1363.65,1367.11,1371.13,1375.84,1381.38,1388.06,1396.32,1406.22,99999.00,99999.00,99999.00,99999.00,99999.00,99999.00,99999.00,99999.00,99999.00,99999.00,99999.00,99999.00,99999.00,99999.00,99999.00,99999.00,99999.00,99999.00,99999.00,99999.00,99999.00,99999.00,99999.00,99999.00,99999.00,99999.00,99999.00,99999.00,99999.00,99999.00,99999.00,99999.00,99999.00,99999.00,99999.00,99999.00,99999.00,99999.00,99999.00
99999.00,99999.00,99999.00,99999.00,99999.00,99999.00,99999.00,99999.00,99999.00,99999.00,99999.00,99999.00,99999.00,99999.00,99999.00, 789.92, 772.33, 755.85, 740.21, 725.75, 712.29, 699.66, 687.73, 676.40, 666.34, 657.34, 649.60, 641.84, 634.32, 627.17, 620.77, 614.78, 610.32, 606.89, 604.36, 602.73, 602.59, 604.63,99999.00,99999.00,99999.00,99999.00,99999.00,99999.00,99999.00,99999.00,99999.00,99999.00,99999.00,99999.00,99999.00,99999.00,99999.00,99999.00,99999.00,99999.00,99999.00,99999.00,99999.00,99999.00,99999.00,99999.00,99999.00,99999.00,99999.00,99999.00,99999.00,99999.00,99999.00,99999.00,99999.00,99999.00,99999.00,99999.00,99999.00,99999.00,99999.00,99999.00,99999.00,99999.00,99999.00,99999.00,99999.00,99999.00,99999.00,99999.00,99999.00,99999.00, 695.24, 698.83, 704.60, 711.92, 723.27, 738.71,99999.00,99999.00,99999.00,99999.00,99999.00,99999.00,99999.00,99999.00,99999.00,99999.00,99999.00,99999.00,99999.00,99999.00,99999.00,99999.00,99999.00,99999.00,99999.00,99999.00,99999.00,99999.00,99999.00,99999.00,99999.00,99999.00,99999.00,99999.00,99999.00,99999.00,99999.00,99999.00,99999.00,99999.00,99999.00,99999.00,99999.00,99999.00,1486.63,1468.46,1451.69,1436.60,1423.34,1411.27,1400.31,1390.28,1381.14,1373.42,1366.91,1361.71,1356.76,1352.59,1348.57,1347.29,1348.76,1351.76,1355.20,1359.18,1363.83,1369.25,1375.86,1384.03,1393.90,99999.00,99999.00,99999.00,99999.00,99999.00,99999.00,99999.00,99999.00,99999.00,99999.00,99999.00,99999.00,99999.00,99999.00,99999.00,99999.00,99999.00,99999.00,99999.00,99999.00,99999.00,99999.00,99999.00,99999.00,99999.00,99999.00,99999.00,99999.00,99999.00,99999.00,99999.00,99999.00,99999.00,99999.00,99999.00,99999.00,99999.00,99999.00,99999.00
99999.00,99999.00,99999.00,99999.00,99999.00,99999.00,99999.00,99999.00,99999.00,99999.00,99999.00,99999.00,99999.00,99999.00,99999.00, 786.55, 768.70, 751.96, 736.06, 720.89, 706.74, 693.47, 680.96, 669.10, 657.79, 647.52, 638.31, 630.35, 622.52, 614.95, 607.88, 601.38, 595.86, 591.50, 588.48, 586.21, 585.24, 586.16,99999.00,99999.00,99999.00,99999.00,99999.00,99999.00,99999.00,99999.00,99999.00,99999.00,99999.00,99999.00,99999.00,99999.00,99999.00,99999.00,99999.00,99999.00,99999.00,99999.00,99999.00,99999.00,99999.00,99999.00,99999.00,99999.00,99999.00,99999.00,99999.00,99999.00,99999.00,99999.00,99999.00,99999.00,99999.00,99999.00,99999.00,99999.00,99999.00,99999.00,99999.00,99999.00,99999.00,99999.00,99999.00,99999.00,99999.00,99999.00,99999.00,99999.00, 671.54, 675.55, 681.29, 689.84, 702.25, 717.61,99999.00,99999.00,99999.00,99999.00,99999.00,99999.00,99999.00,99999.00,99999.00,99999.00,99999.00,99999.00,99999.00,99999.00,99999.00,99999.00,99999.00,99999.00,99999.00,99999.00,99999.00,99999.00,99999.00,99999.00,99999.00,99999.00,99999.00,99999.00,99999.00,99999.00,99999.00,99999.00,99999.00,99999.00,99999.00,99999.00,99999.00,1493.12,1472.87,1454.73,1438.64,1423.58,1409.93,1397.89,1386.91,1376.92,1367.92,1359.89,1353.68,1348.29,1343.65,1339.56,1335.89,1334.96,1336.73,1339.74,1343.17,1347.10,1351.63,1356.99,1363.53,1371.62,1381.47,99999.00,99999.00,99999.00,99999.00,99999.00,99999.00,99999.00,99999.00,99999.00,99999.00,99999.00,99999.00,99999.00,99999.00,99999.00,99999.00,99999.00,99999.00,99999.00,99999.00,99999.00,99999.00,99999.00,99999.00,99999.00,99999.00,99999.00,99999.00,99999.00,99999.00,99999.00,99999.00,99999.00,99999.00,99999.00,99999.00,99999.00,99999.00,99999.00
99999.00,99999.00,99999.00,99999.00,99999.00,99999.00,99999.00,99999.00,99999.00,99999.00,99999.00,99999.00,99999.00,99999.00,99999.00, 783.75, 765.61, 748.57, 732.38, 716.86, 702.01, 688.03, 674.83, 662.33, 650.44, 639.09, 628.62, 619.22, 611.05, 603.14, 595.54, 588.62, 582.02, 576.83, 572.81, 569.92, 568.13, 567.92,99999.00,99999.00,99999.00,99999.00,99999.00,99999.00,99999.00,99999.00,99999.00,99999.00,99999.00,99999.00,99999.00,99999.00,99999.00,99999.00,99999.00,99999.00,99999.00,99999.00,99999.00,99999.00,99999.00,99999.00,99999.00,99999.00,99999.00,99999.00,99999.00,99999.00,99999.00,99999.00,99999.00,99999.00,99999.00,99999.00,99999.00,99999.00,99999.00,99999.00,99999.00,99999.00,99999.00,99999.00,99999.00,99999.00,99999.00,99999.00,99999.00,99999.00, 648.06, 652.48, 658.82, 668.38, 681.32, 697.02,99999.00,99999.00,99999.00,99999.00,99999.00,99999.00,99999.00,99999.00,99999.00,99999.00,99999.00,99999.00,99999.00,99999.00,99999.00,99999.00,99999.00,99999.00,99999.00,99999.00,99999.00,99999.00,99999.00,99999.00,99999.00,99999.00,99999.00,99999.00,99999.00,99999.00,99999.00,99999.00,99999.00,99999.00,99999.00,99999.00,1501.29,1479.99,1459.81,1441.75,1425.45,1410.92,1397.22,1384.74,1373.75,1363.72,1354.73,1346.92,1340.45,1334.97,1330.73,1326.69,1323.39,1322.83,1324.57,1327.60,1331.00,1334.89,1339.31,1344.62,1351.08,1359.10,1368.93,99999.00,99999.00,99999.00,99999.00,99999.00,99999.00,99999.00,99999.00,99999.00,99999.00,99999.00,99999.00,99999.00,99999.00,99999.00,99999.00,99999.00,99999.00,99999.00,99999.00,99999.00,99999.00,99999.00,99999.00,99999.00,99999.00,99999.00,99999.00,99999.00,99999.00,99999.00,99999.00,99999.00,99999.00,99999.00,99999.00,99999.00,99999.00,99999.00
99999.00,99999.00,99999.00,99999.00,99999.00,99999.00,99999.00,99999.00,99999.00,99999.00,99999.00,99999.00,99999.00,99999.00,99999.00, 781.55, 763.08, 745.72, 729.20, 713.35, 698.03, 683.34, 669.45, 656.23, 643.65, 631.68, 620.25, 609.60, 600.01, 591.63, 583.65, 576.09, 569.01, 562.78, 557.56, 553.81, 551.21, 549.89,99999.00,99999.00,99999.00,99999.00,99999.00,99999.00,99999.00,99999.00,99999.00,99999.00,99999.00,99999.00,99999.00,99999.00,99999.00,99999.00,99999.00,99999.00,99999.00,99999.00,99999.00,99999.00,99999.00,99999.00,99999.00,99999.00,99999.00,99999.00,99999.00,99999.00,99999.00,99999.00,99999.00,99999.00,99999.00,99999.00,99999.00,99999.00,99999.00,99999.00,99999.00,99999.00,99999.00,99999.00,99999.00,99999.00,99999.00,99999.00,99999.00,99999.00, 624.79, 629.60, 637.13, 647.69, 660.89, 676.52,99999.00,99999.00,99999.00,99999.00,99999.00,99999.00,99999.00,99999.00,99999.00,99999.00,99999.00,99999.00,99999.00,99999.00,99999.00,99999.00,99999.00,99999.00,99999.00,99999.00,99999.00,99999.00,99999.00,99999.00,99999.00,99999.00,99999.00,99999.00,1680.38,1650.79,1623.51,1598.55,1575.06,1552.29,1530.29,1508.67,1487.60,1467.33,1447.94,1429.53,1413.04,1398.15,1384.87,1372.26,1360.78,1350.71,1341.67,1333.99,1327.22,1322.08,1317.67,1313.96,1311.06,1310.57,1312.30,1315.33,1318.71,1322.49,1326.88,1332.13,1338.52,1346.48,1356.29,99999.00,99999.00,99999.00,99999.00,99999.00,99999.00,99999.00,99999.00,99999.00,99999.00,99999.00,99999.00,99999.00,99999.00,99999.00,99999.00,99999.00,99999.00,99999.00,99999.00,99999.00,99999.00,99999.00,99999.00,99999.00,99999.00,99999.00,99999.00,99999.00,99999.00,99999.00,99999.00,99999.00,99999.00,99999.00,99999.00,99999.00,99999.00,99999.00
99999.00,99999.00,99999.00,99999.00,99999.00,99999.00,99999.00,99999.00,99999.00,99999.00,99999.00,99999.00,99999.00,99999.00,99999.00, 779.91, 761.06, 743.32, 726.42, 710.19, 694.50, 679.23, 664.72, 650.81, 637.53, 624.85, 612.76, 601.22, 590.42, 580.64, 572.06, 564.01, 556.54, 549.28, 543.24, 538.16, 534.46, 532.05,99999.00,99999.00,99999.00,99999.00,99999.00,99999.00,99999.00,99999.00,99999.00,99999.00,99999.00,99999.00,99999.00,99999.00,99999.00,99999.00,99999.00,99999.00,99999.00,99999.00,99999.00,99999.00,99999.00,99999.00,99999.00,99999.00,99999.00,99999.00,99999.00,99999.00,99999.00,99999.00,99999.00,99999.00,99999.00,99999.00,99999.00,99999.00,99999.00,99999.00,99999.00,99999.00,99999.00,99999.00,99999.00,99999.00,99999.00,99999.00,99999.00,99999.00, 601.71, 607.54, 616.04, 627.08, 640.62, 655.59,99999.00,99999.00,99999.00,99999.00,99999.00,99999.00,99999.00,99999.00,99999.00,99999.00,99999.00,99999.00,99999.00,99999.00,99999.00,99999.00,99999.00,99999.00,99999.00,99999.00,99999.00,99999.00,99999.00,99999.00,99999.00,99999.00,99999.00,99999.00,1667.31,1638.41,1611.13,1585.08,1560.60,1537.94,1516.43,1495.25,1474.78,1455.15,1436.37,1418.43,1401.38,1386.14,1372.37,1360.11,1348.44,1337.85,1328.69,1321.02,1314.47,1309.11,1304.63,1301.35,1298.58,1298.18,1299.91,1302.94,1306.29,1309.99,1314.33,1319.52,1325.86,1333.76,1343.54,99999.00,99999.00,99999.00,99999.00,99999.00,99999.00,99999.00,99999.00,99999.00,99999.00,99999.00,99999.00,99999.00,99999.00,99999.00,99999.00,99999.00,99999.00,99999.00,99999.00,99999.00,99999.00,99999.00,99999.00,99999.00,99999.00,99999.00,99999.00,99999.00,99999.00,99999.00,99999.00,99999.00,99999.00,99999.00,99999.00,99999.00,99999.00,99999.00
99999.00,99999.00,99999.00,99999.00,99999.00,99999.00,99999.00,99999.00,99999.00,99999.00,99999.00,99999.00,99999.00,99999.00,99999.00, 779.30, 760.02, 741.84, 724.51, 707.85, 691.73, 676.02, 660.67, 645.85, 631.97, 618.61, 605.85, 593.65, 581.99, 571.04, 561.10, 552.29, 544.24, 536.52, 529.49, 523.24, 518.15, 514.36,99999.00,99999.00,99999.00,99999.00,99999.00,99999.00,99999.00,99999.00,99999.00,99999.00,99999.00,99999.00,99999.00,99999.00,99999.00,99999.00,99999.00,99999.00,99999.00,99999.00,99999.00,99999.00,99999.00,99999.00,99999.00,99999.00,99999.00,99999.00,99999.00,99999.00,99999.00,99999.00,99999.00,99999.00,99999.00,99999.00,99999.00,99999.00,99999.00,99999.00,99999.00,99999.00,99999.00,99999.00,99999.00,99999.00,99999.00,99999.00,99999.00,99999.00, 578.85, 586.27, 595.75, 607.03, 620.30, 634.64, 650.25,99999.00,99999.00,99999.00,99999.00,99999.00,99999.00,99999.00,99999.00,99999.00,99999.00,99999.00,99999.00,99999.00,99999.00,99999.00,99999.00,99999.00,99999.00,99999.00,99999.00,99999.00,99999.00,99999.00,99999.00,99999.00,99999.00,1685.50,1655.89,1627.84,1601.12,1575.52,1550.92,1527.09,1504.50,1483.45,1463.42,1443.91,1425.30,1407.61,1390.76,1374.80,1360.59,1347.77,1336.38,1325.57,1315.82,1308.09,1301.69,1296.06,1291.94,1288.58,1285.96,1285.67,1287.40,1290.44,1293.70,1297.38,1301.68,1306.82,1313.11,1320.95,1330.99,99999.00,99999.00,99999.00,99999.00,99999.00,99999.00,99999.00,99999.00,99999.00,99999.00,99999.00,99999.00,99999.00,99999.00,99999.00,99999.00,99999.00,99999.00,99999.00,99999.00,99999.00,99999.00,99999.00,99999.00,99999.00,99999.00,99999.00,99999.00,99999.00,99999.00,99999.00,99999.00,99999.00,99999.00,99999.00,99999.00,99999.00,99999.00,99999.00
99999.00,99999.00,99999.00,99999.00,99999.00,99999.00,99999.00,99999.00,99999.00,99999.00,99999.00,99999.00,99999.00,99999.00,99999.00, 779.34, 759.55, 740.87, 723.04, 705.88, 689.25, 673.04, 657.19, 641.76, 626.95, 612.72, 599.40, 586.57, 574.31, 562.55, 551.48, 541.35, 532.30, 524.25, 516.22, 509.19, 502.80, 497.34,99999.00,99999.00,99999.00,99999.00,99999.00,99999.00,99999.00,99999.00,99999.00,99999.00,99999.00,99999.00,99999.00,99999.00,99999.00,99999.00,99999.00,99999.00,99999.00,99999.00,99999.00,99999.00,99999.00,99999.00,99999.00,99999.00,99999.00,99999.00,99999.00,99999.00,99999.00,99999.00,99999.00,99999.00,99999.00,99999.00,99999.00,99999.00,99999.00,99999.00,99999.00,99999.00,99999.00,99999.00,99999.00,99999.00,99999.00,99999.00,99999.00,99999.00, 557.32, 565.76, 575.78, 587.52, 600.29, 613.95, 629.10, 645.92,99999.00,99999.00,99999.00,99999.00,99999.00,99999.00,99999.00,99999.00,99999.00,99999.00,99999.00,99999.00,99999.00,99999.00,99999.00,99999.00,99999.00,99999.00,99999.00,99999.00,99999.00,99999.00,99999.00,99999.00,1703.79,1674.15,1645.75,1618.56,1592.46,1567.33,1543.05,1519.53,1496.72,1474.45,1453.27,1433.73,1415.30,1397.45,1380.50,1364.43,1349.40,1336.05,1324.05,1313.49,1303.51,1295.17,1288.79,1283.42,1279.11,1275.65,1273.21,1273.03,1274.79,1277.81,1281.02,1284.67,1288.93,1294.03,1300.27,1308.33,1318.60,99999.00,99999.00,99999.00,99999.00,99999.00,99999.00,99999.00,99999.00,99999.00,99999.00,99999.00,99999.00,99999.00,99999.00,99999.00,99999.00,99999.00,99999.00,99999.00,99999.00,99999.00,99999.00,99999.00,99999.00,99999.00,99999.00,99999.00,99999.00,99999.00,99999.00,99999.00,99999.00,99999.00,99999.00,99999.00,99999.00,99999.00,99999.00,99999.00
99999.00,99999.00,99999.00,99999.00,99999.00,99999.00,99999.00,99999.00,99999.00,99999.00,99999.00,99999.00,99999.00,99999.00,99999.00, 780.71, 760.32, 741.05, 722.62, 704.86, 687.63, 670.83, 654.38, 638.22, 622.35, 607.54, 593.36, 579.76, 567.03, 554.75, 542.95, 531.75, 521.43, 512.09, 503.66, 495.68, 488.16, 481.36, 475.20,99999.00,99999.00,99999.00,99999.00,99999.00,99999.00,99999.00,99999.00,99999.00,99999.00,99999.00,99999.00,99999.00,99999.00,99999.00,99999.00,99999.00,99999.00,99999.00,99999.00,99999.00,99999.00,99999.00,99999.00,99999.00,99999.00,99999.00,99999.00,99999.00,99999.00,99999.00,99999.00,99999.00,99999.00,99999.00,99999.00,99999.00,99999.00,99999.00,99999.00,99999.00,99999.00,99999.00,99999.00,99999.00,99999.00,99999.00,99999.00, 528.44, 536.75, 546.23, 556.64, 568.31, 580.73, 594.31, 609.27, 625.31, 642.25, 660.30, 679.15, 699.72,99999.00,99999.00,99999.00,99999.00,99999.00,99999.00,99999.00,99999.00,99999.00,99999.00,99999.00,99999.00,99999.00,99999.00,99999.00,99999.00,1815.54,1783.56,1752.94,1722.71,1692.94,1664.27,1636.72,1610.21,1584.66,1559.97,1536.05,1512.83,1490.22,1468.18,1446.71,1425.82,1406.07,1387.99,1371.03,1354.61,1339.06,1324.83,1312.24,1301.03,1291.30,1282.26,1275.85,1270.67,1266.14,1262.57,1260.32,1260.28,1262.06,1265.03,1268.23,1271.87,1276.09,1281.15,1287.35,1295.89,1306.27,99999.00,99999.00,99999.00,99999.00,99999.00,99999.00,99999.00,99999.00,99999.00,99999.00,99999.00,99999.00,99999.00,99999.00,99999.00,99999.00,99999.00,99999.00,99999.00,99999.00,99999.00,99999.00,99999.00,99999.00,99999.00,99999.00,99999.00,99999.00,99999.00,99999.00,99999.00,99999.00,99999.00,99999.00,99999.00,99999.00,99999.00,99999.00,99999.00
99999.00,99999.00,99999.00,99999.00,99999.00,99999.00,99999.00,99999.00,99999.00,99999.00,99999.00,99999.00,99999.00,99999.00,99999.00, 783.49, 762.37, 742.37, 723.21, 704.72, 686.77, 669.25, 652.08, 635.20, 618.66, 602.79, 587.61, 573.55, 560.10, 547.17, 535.04, 523.23, 511.89, 501.34, 491.67, 482.78, 474.61, 466.67, 459.12, 451.87,99999.00,99999.00,99999.00,99999.00,99999.00,99999.00,99999.00,99999.00,99999.00,99999.00,99999.00,99999.00,99999.00,99999.00,99999.00,99999.00,99999.00,99999.00,99999.00,99999.00,99999.00,99999.00,99999.00,99999.00,99999.00,99999.00,99999.00,99999.00,99999.00,99999.00,99999.00,99999.00,99999.00,99999.00,99999.00,99999.00,99999.00,99999.00,99999.00,99999.00,99999.00,99999.00,99999.00,99999.00,99999.00,99999.00, 499.61, 508.22, 517.37, 527.36, 538.36, 549.76, 562.28, 575.95, 590.51, 605.90, 622.42, 639.75, 658.39, 678.53,99999.00,99999.00,99999.00,99999.00,99999.00,99999.00,99999.00,99999.00,99999.00,99999.00,99999.00,99999.00,99999.00,99999.00,99999.00,99999.00,1804.52,1772.96,1742.50,1712.91,1684.20,1656.41,1629.55,1603.57,1578.42,1554.04,1530.35,1507.30,1484.83,1462.89,1441.47,1420.59,1400.24,1380.43,1361.98,1345.19,1329.49,1314.29,1300.77,1288.96,1278.60,1269.78,1262.82,1257.72,1253.03,1249.34,1247.30,1247.42,1249.23,1252.16,1255.37,1258.98,1263.18,1268.21,1274.64,1283.52,1294.36,99999.00,99999.00,99999.00,99999.00,99999.00,99999.00,99999.00,99999.00,99999.00,99999.00,99999.00,99999.00,99999.00,99999.00,99999.00,99999.00,99999.00,99999.00,99999.00,99999.00,99999.00,99999.00,99999.00,99999.00,99999.00,99999.00,99999.00,99999.00,99999.00,99999.00,99999.00,99999.00,99999.00,99999.00,99999.00,99999.00,99999.00,99999.00,99999.00
99999.00,99999.00,99999.00,99999.00,99999.00,99999.00,99999.00,99999.00,99999.00,99999.00,99999.00,99999.00,99999.00,99999.00,99999.00, 788.34, 766.31, 745.38, 725.30, 705.90, 687.04, 668.60, 650.52, 632.73, 615.32, 598.37, 582.56, 567.57, 553.26, 540.02, 527.30, 514.98, 503.36, 491.87, 481.08, 471.06, 461.70, 452.90, 444.42, 436.09, 427.77, 419.34, 410.79, 402.51, 394.61, 387.59, 381.44, 375.89, 370.75, 366.01, 361.50, 357.23, 353.55, 350.05, 347.60, 346.12, 345.38, 345.09, 345.39, 346.06, 347.07, 348.45, 349.98, 351.82, 354.06, 356.44, 359.03, 361.85, 364.91, 368.12, 371.89, 375.89, 380.12, 384.63, 389.46, 394.82, 400.50, 406.52, 412.91, 419.72, 427.10, 435.11, 443.62, 452.62, 461.94, 471.09, 480.15, 489.47, 499.35, 509.62, 520.61, 532.40, 545.12, 558.57, 572.69, 587.87, 603.79, 620.89, 639.05, 658.99,99999.00,99999.00,99999.00,99999.00,99999.00,99999.00,99999.00,99999.00,99999.00,99999.00,99999.00,99999.00,99999.00,99999.00,99999.00,99999.00,1798.47,1767.46,1737.57,1708.56,1680.38,1653.03,1626.48,1600.71,1575.67,1551.30,1527.57,1504.43,1481.82,1459.70,1438.08,1416.95,1396.31,1376.16,1356.49,1337.29,1319.99,1304.31,1289.78,1277.05,1266.15,1257.27,1249.69,1244.21,1239.79,1235.95,1234.16,1234.46,1236.31,1239.21,1242.42,1246.02,1250.20,1255.20,1262.12,1271.57,1282.57,99999.00,99999.00,99999.00,99999.00,99999.00,99999.00,99999.00,99999.00,99999.00,99999.00,99999.00,99999.00,99999.00,99999.00,99999.00,99999.00,99999.00,99999.00,99999.00,99999.00,99999.00,99999.00,99999.00,99999.00,99999.00,99999.00,99999.00,99999.00,99999.00,99999.00,99999.00,99999.00,99999.00,99999.00,99999.00,99999.00,99999.00,99999.00,99999.00
99999.00,99999.00,99999.00,99999.00,99999.00,99999.00,99999.00,99999.00,99999.00,99999.00,99999.00,99999.00,99999.00,99999.00,99999.00, 796.79, 773.54, 751.40, 730.11, 709.50, 689.43, 669.78, 650.44, 631.39, 612.83, 594.92, 577.71, 561.62, 546.96, 533.02, 519.64, 507.18, 495.07, 483.21, 471.58, 460.55, 450.20, 440.41, 431.11, 422.07, 413.19, 404.45, 395.82, 387.41, 379.32, 371.86, 365.51, 359.95, 354.91, 350.27, 345.86, 341.69, 338.03, 334.56, 332.13, 330.68, 329.97, 329.71, 330.02, 330.69, 331.70, 333.09, 334.61, 336.46, 338.70, 341.07, 343.67, 346.49, 349.55, 352.69, 356.38, 360.29, 364.42, 368.83, 373.51, 378.67, 384.14, 390.02, 396.32, 403.04, 410.31, 418.14, 426.43, 435.12, 444.14, 453.31, 462.58, 472.16, 482.22, 492.93, 504.27, 516.33, 528.91, 542.02, 556.06, 570.73, 586.46, 603.05, 620.96, 640.74,99999.00,99999.00,99999.00,99999.00,99999.00,99999.00,99999.00,99999.00,99999.00,99999.00,99999.00,99999.00,99999.00,99999.00,99999.00,99999.00,1802.00,1770.98,1741.12,1712.14,1683.97,1656.55,1629.87,1603.88,1578.55,1553.83,1529.69,1506.08,1482.98,1460.33,1438.15,1416.43,1395.15,1374.33,1353.95,1334.01,1314.49,1295.38,1279.07,1265.38,1253.66,1244.09,1236.45,1230.54,1226.33,1222.43,1220.91,1221.40,1223.31,1226.20,1229.42,1233.01,1237.17,1242.42,1250.14,1259.71,1271.16,99999.00,99999.00,99999.00,99999.00,99999.00,99999.00,99999.00,99999.00,99999.00,99999.00,99999.00,99999.00,99999.00,99999.00,99999.00,99999.00,99999.00,99999.00,99999.00,99999.00,99999.00,99999.00,99999.00,99999.00,99999.00,99999.00,99999.00,99999.00,99999.00,99999.00,99999.00,99999.00,99999.00,99999.00,99999.00,99999.00,99999.00,99999.00,99999.00
99999.00,99999.00,99999.00,99999.00,99999.00,99999.00,99999.00,99999.00,99999.00,99999.00,99999.00,99999.00,99999.00,99999.00,99999.00,99999.00,99999.00,99999.00,99999.00,99999.00,99999.00,99999.00,99999.00,99999.00, 610.56, 591.48, 573.40, 556.46, 540.74, 526.02, 512.53, 499.57, 486.98, 474.72, 462.67, 450.90, 439.67, 429.06, 418.97, 409.35, 400.04, 391.00, 382.30, 373.93, 365.98, 358.21, 351.45, 345.55, 340.35, 335.82, 331.51, 327.44, 323.82, 320.37, 317.97, 316.55, 315.87, 315.64, 315.99, 316.70, 317.73, 319.12, 320.64, 322.49, 324.73, 327.10, 329.70, 332.52, 335.58, 338.68, 342.28, 346.10, 350.13, 354.45, 358.98, 364.03, 369.42, 375.28, 381.52, 388.12, 395.28, 402.89, 410.93, 419.31, 428.01, 437.00, 446.38, 456.24, 466.68, 477.66, 489.24, 501.20, 513.48, 526.56, 540.15, 554.68, 569.91, 586.20, 603.90, 623.16,99999.00,99999.00,99999.00,99999.00,99999.00,99999.00,99999.00,99999.00,99999.00,99999.00,99999.00,99999.00,99999.00,99999.00,99999.00,99999.00,99999.00,99999.00,99999.00,99999.00,99999.00,99999.00,99999.00,99999.00,99999.00,99999.00,99999.00,99999.00,99999.00,99999.00,99999.00,99999.00,99999.00,99999.00,99999.00,99999.00,99999.00,99999.00,99999.00,1253.63,1240.94,1230.56,1223.07,1216.74,1212.29,1208.78,1207.57,1208.26,1210.25,1213.14,1216.36,1219.95,1224.10,1229.85,1238.27,1248.26,1259.82,99999.00,99999.00,99999.00,99999.00,99999.00,99999.00,99999.00,99999.00,99999.00,99999.00,99999.00,99999.00,99999.00,99999.00,99999.00,99999.00,99999.00,99999.00,99999.00,99999.00,99999.00,99999.00,99999.00,99999.00,99999.00,99999.00,99999.00,99999.00,99999.00,99999.00,99999.00,99999.00,99999.00,99999.00,99999.00,99999.00,99999.00,99999.00,99999.00
99999.00,99999.00,99999.00,99999.00,99999.00,99999.00,99999.00,99999.00,99999.00,99999.00,99999.00,99999.00,99999.00,99999.00,99999.00,99999.00,99999.00,99999.00,99999.00,99999.00,99999.00,99999.00,99999.00,99999.00,99999.00, 588.45, 569.45, 551.67, 535.02, 519.81, 505.56, 492.03, 479.05, 466.44, 454.05, 441.85, 430.00, 418.64, 407.88, 397.65, 387.94, 378.63, 369.74, 361.32, 353.24, 345.59, 338.57, 332.47, 327.15, 322.47, 318.13, 314.17, 310.60, 307.17, 304.80, 303.42, 302.77, 302.58, 302.97, 303.72, 304.79, 306.22, 307.76, 309.61, 311.85, 314.22, 316.81, 319.63, 322.69, 325.77, 329.29, 333.02, 336.97, 341.18, 345.74, 350.75, 356.14, 361.92, 368.05, 374.55, 381.55, 388.96, 396.71, 404.77, 413.28, 422.27, 431.79, 441.91, 452.53, 463.68, 475.12, 486.80, 499.08, 511.75, 525.22, 539.26, 554.18, 570.23, 587.34, 606.24,99999.00,99999.00,99999.00,99999.00,99999.00,99999.00,99999.00,99999.00,99999.00,99999.00,99999.00,99999.00,99999.00,99999.00,99999.00,99999.00,99999.00,99999.00,99999.00,99999.00,99999.00,99999.00,99999.00,99999.00,99999.00,99999.00,99999.00,99999.00,99999.00,99999.00,99999.00,99999.00,99999.00,99999.00,99999.00,99999.00,99999.00,99999.00,99999.00,99999.00,1227.86,1216.78,1208.93,1202.79,1198.11,1195.03,1194.16,1195.05,1197.14,1200.05,1203.28,1206.87,1211.28,1217.84,1226.79,1236.87,1248.60,99999.00,99999.00,99999.00,99999.00,99999.00,99999.00,99999.00,99999.00,99999.00,99999.00,99999.00,99999.00,99999.00,99999.00,99999.00,99999.00,99999.00,99999.00,99999.00,99999.00,99999.00,99999.00,99999.00,99999.00,99999.00,99999.00,99999.00,99999.00,99999.00,99999.00,99999.00,99999.00,99999.00,99999.00,99999.00,99999.00,99999.00,99999.00,99999.00
99999.00,99999.00,99999.00,99999.00,99999.00,99999.00,99999.00,99999.00,99999.00,99999.00,99999.00,99999.00,99999.00,99999.00,99999.00,99999.00,99999.00,99999.00,99999.00,99999.00,99999.00,99999.00,99999.00,99999.00,99999.00,99999.00, 565.41, 547.11, 529.96, 514.08, 499.17, 484.89, 471.31, 458.26, 445.61, 433.19, 420.88, 409.02, 397.63, 386.87, 376.67, 367.07, 357.97, 349.38, 341.27, 333.75, 326.43, 320.11, 314.65, 309.89, 305.67, 301.70, 298.16, 294.76, 292.42, 291.07, 290.47, 290.31, 290.74, 291.54, 292.66, 294.13, 295.72, 297.60, 299.84, 302.22, 304.81, 307.63, 310.69, 313.77, 317.21, 320.86, 324.84, 329.01, 333.62, 338.56, 343.93, 349.67, 355.67, 362.07, 368.87, 376.04, 383.51, 391.43, 399.90, 408.98, 418.68, 428.89, 439.61, 450.57, 461.71, 473.37, 485.29, 497.85, 510.85, 524.57, 539.23, 554.66, 571.36, 589.66,99999.00,99999.00,99999.00,99999.00,99999.00,99999.00,99999.00,99999.00,99999.00,99999.00,99999.00,99999.00,99999.00,99999.00,99999.00,99999.00,99999.00,99999.00,99999.00,99999.00,99999.00,99999.00,99999.00,99999.00,99999.00,99999.00,99999.00,99999.00,99999.00,99999.00,99999.00,99999.00,99999.00,99999.00,99999.00,99999.00,99999.00,99999.00,99999.00,99999.00,99999.00,1202.57,1194.37,1188.71,1183.82,1181.23,1180.72,1181.81,1184.01,1186.94,1190.19,1193.77,1198.69,1206.36,1215.36,1225.62,1237.61,99999.00,99999.00,99999.00,99999.00,99999.00,99999.00,99999.00,99999.00,99999.00,99999.00,99999.00,99999.00,99999.00,99999.00,99999.00,99999.00,99999.00,99999.00,99999.00,99999.00,99999.00,99999.00,99999.00,99999.00,99999.00,99999.00,99999.00,99999.00,99999.00,99999.00,99999.00,99999.00,99999.00,99999.00,99999.00,99999.00,99999.00,99999.00,99999.00
99999.00,99999.00,99999.00,99999.00,99999.00,99999.00,99999.00,99999.00,99999.00,99999.00,99999.00,99999.00,99999.00,99999.00,99999.00,99999.00,99999.00,99999.00,99999.00,99999.00,99999.00,99999.00,99999.00,99999.00,99999.00,99999.00, 561.74, 543.12, 525.52, 508.86, 493.09, 478.31, 464.21, 450.53, 437.38, 424.63, 412.18, 399.90, 388.10, 376.81, 366.16, 356.15, 346.81, 338.03, 329.77, 322.04, 314.87, 308.31, 302.67, 297.81, 293.59, 289.72, 286.21, 282.95, 280.68, 279.37, 278.81, 278.70, 279.18, 280.02, 281.18, 282.71, 284.35, 286.28, 288.58, 290.96, 293.55, 296.37, 299.43, 302.51, 305.98, 309.57, 313.58, 317.83, 322.41, 327.36, 332.66, 338.30, 344.20, 350.45, 357.07, 363.97, 371.34, 379.25, 387.79, 397.01, 406.76, 417.02, 427.51, 438.13, 449.23, 460.52, 472.36, 484.46, 497.15, 510.60, 524.63, 539.63, 555.72, 573.14,99999.00,99999.00,99999.00,99999.00,99999.00,99999.00,99999.00,99999.00,99999.00,99999.00,99999.00,99999.00,99999.00,99999.00,99999.00,99999.00,99999.00,99999.00,99999.00,99999.00,99999.00,99999.00,99999.00,99999.00,99999.00,99999.00,99999.00,99999.00,99999.00,99999.00,99999.00,99999.00,99999.00,99999.00,99999.00,99999.00,99999.00,99999.00,99999.00,99999.00,99999.00,1187.96,1179.60,1173.95,1169.50,1167.41,1167.26,1168.56,1170.88,1173.85,1177.11,1180.96,1186.69,1194.94,1204.09,1214.60,1226.84,99999.00,99999.00,99999.00,99999.00,99999.00,99999.00,99999.00,99999.00,99999.00,99999.00,99999.00,99999.00,99999.00,99999.00,99999.00,99999.00,99999.00,99999.00,99999.00,99999.00,99999.00,99999.00,99999.00,99999.00,99999.00,99999.00,99999.00,99999.00,99999.00,99999.00,99999.00,99999.00,99999.00,99999.00,99999.00,99999.00,99999.00,99999.00,99999.00
99999.00,99999.00,99999.00,99999.00,99999.00,99999.00,99999.00,99999.00,99999.00,99999.00,99999.00,99999.00,99999.00,99999.00,99999.00,99999.00,99999.00,99999.00,99999.00,99999.00,99999.00,99999.00,99999.00,99999.00,99999.00,99999.00, 558.21, 539.25, 521.35, 504.19, 487.82, 472.37, 457.50, 443.39, 429.80, 416.50, 403.63, 391.13, 378.99, 367.36, 356.25, 345.85, 336.13, 327.13, 318.70, 310.78, 303.76, 296.93, 291.10, 286.12, 281.84, 278.10, 274.61, 271.44, 269.32, 268.15, 267.68, 267.62, 268.15, 269.04, 270.26, 271.84, 273.53, 275.53, 277.87, 280.31, 282.92, 285.74, 288.82, 291.92, 295.39, 299.18, 303.15, 307.46, 311.98, 316.92, 322.19, 327.71, 333.51, 339.58, 345.98, 352.85, 360.22, 368.21, 376.90, 386.14, 395.92, 405.92, 416.03, 426.60, 437.30, 448.51, 459.89, 471.76, 484.19, 497.05, 510.68, 525.13, 540.48, 557.10, 574.97,99999.00,99999.00,99999.00,99999.00,99999.00,99999.00,99999.00,99999.00,99999.00,99999.00,99999.00,99999.00,99999.00,99999.00,99999.00,99999.00,99999.00,99999.00,99999.00,99999.00,99999.00,99999.00,99999.00,99999.00,99999.00,99999.00,99999.00,99999.00,99999.00,99999.00,99999.00,99999.00,99999.00,99999.00,99999.00,99999.00,99999.00,99999.00,99999.00,99999.00,1172.91,1164.61,1158.98,1155.21,1153.64,1153.83,1155.34,1157.78,1160.79,1164.04,1168.41,1175.31,1183.65,1193.06,1203.83,1216.08,99999.00,99999.00,99999.00,99999.00,99999.00,99999.00,99999.00,99999.00,99999.00,99999.00,99999.00,99999.00,99999.00,99999.00,99999.00,99999.00,99999.00,99999.00,99999.00,99999.00,99999.00,99999.00,99999.00,99999.00,99999.00,99999.00,99999.00,99999.00,99999.00,99999.00,99999.00,99999.00,99999.00,99999.00,99999.00,99999.00,99999.00,99999.00,99999.00
99999.00,99999.00,99999.00,99999.00,99999.00,99999.00,99999.00,99999.00,99999.00,99999.00,99999.00,99999.00,99999.00,99999.00,99999.00,99999.00,99999.00,99999.00,99999.00,99999.00,99999.00,99999.00,99999.00,99999.00,99999.00,99999.00, 555.42, 536.13, 517.89, 500.42, 483.51, 467.07, 451.64, 436.91, 422.60, 408.92, 395.69, 382.70, 370.15, 358.23, 346.84, 336.02, 325.94, 316.59, 307.96, 299.89, 292.55, 285.88, 279.84, 274.71, 270.36, 266.65, 263.27, 260.17, 258.20, 257.19, 256.87, 256.96, 257.58, 258.53, 259.81, 261.45, 263.20, 265.25, 267.66, 270.15, 272.82, 275.67, 278.74, 282.18, 285.60, 289.42, 293.48, 297.77, 302.31, 307.19, 312.38, 317.81, 323.48, 329.37, 335.77, 342.66, 350.13, 358.28, 367.01, 376.28, 385.78, 395.39, 405.44, 415.60, 426.22, 436.97, 448.13, 459.78, 471.70, 484.21, 497.38, 511.21, 525.99, 541.62, 558.35, 576.12,99999.00,99999.00,99999.00,99999.00,99999.00,99999.00,99999.00,99999.00,99999.00,99999.00,99999.00,99999.00,99999.00,99999.00,99999.00,99999.00,99999.00,99999.00,99999.00,99999.00,99999.00,99999.00,99999.00,99999.00,99999.00,99999.00,99999.00,99999.00,99999.00,99999.00,99999.00,99999.00,99999.00,99999.00,99999.00,99999.00,99999.00,99999.00,99999.00,1157.58,1149.70,1144.12,1141.03,1139.96,1140.46,1142.19,1144.74,1147.78,1151.30,1156.48,1164.03,1172.61,1182.28,1193.06,1205.49,99999.00,99999.00,99999.00,99999.00,99999.00,99999.00,99999.00,99999.00,99999.00,99999.00,99999.00,99999.00,99999.00,99999.00,99999.00,99999.00,99999.00,99999.00,99999.00,99999.00,99999.00,99999.00,99999.00,99999.00,99999.00,99999.00,99999.00,99999.00,99999.00,99999.00,99999.00,99999.00,99999.00,99999.00,99999.00,99999.00,99999.00,99999.00,99999.00
99999.00,99999.00,99999.00,99999.00,99999.00,99999.00,99999.00,99999.00,99999.00,99999.00,99999.00,99999.00,99999.00,99999.00,99999.00,99999.00,99999.00,99999.00,99999.00,99999.00,99999.00,99999.00,99999.00,99999.00,99999.00,99999.00, 553.01, 533.35, 514.75, 496.92, 479.66, 462.84, 446.67, 430.98, 416.16, 401.91, 388.01, 374.72, 361.87, 349.27, 337.65, 326.58, 316.12, 306.43, 297.47, 289.22, 281.59, 275.11, 268.81, 263.52, 259.08, 255.33, 252.12, 249.06, 247.25, 246.41, 246.25, 246.51, 247.29, 248.40, 249.76, 251.46, 253.28, 255.39, 257.86, 260.42, 263.22, 266.29, 269.39, 272.86, 276.52, 280.31, 284.43, 288.69, 293.23, 298.09, 303.18, 308.53, 314.02, 319.99, 326.42, 333.42, 341.07, 349.28, 358.04, 367.04, 376.15, 385.69, 395.34, 405.41, 415.58, 426.12, 437.09, 448.25, 459.92, 472.05, 484.70, 498.12, 512.17, 527.07, 542.77, 559.29, 576.57, 594.61, 613.52,99999.00,99999.00,99999.00,99999.00,99999.00,99999.00,99999.00,99999.00,99999.00,99999.00,99999.00,99999.00,99999.00,99999.00,99999.00,99999.00,99999.00,99999.00,99999.00,99999.00,99999.00,99999.00,99999.00,99999.00,99999.00,99999.00,99999.00,99999.00,99999.00,99999.00,99999.00,99999.00,99999.00,99999.00,99999.00,99999.00,1141.89,1134.92,1129.39,1126.97,1126.36,1127.17,1129.10,1131.77,1134.83,1138.86,1145.20,1153.00,1161.84,1171.51,1182.47,1194.92,99999.00,99999.00,99999.00,99999.00,99999.00,99999.00,99999.00,99999.00,99999.00,99999.00,99999.00,99999.00,99999.00,99999.00,99999.00,99999.00,99999.00,99999.00,99999.00,99999.00,99999.00,99999.00,99999.00,99999.00,99999.00,99999.00,99999.00,99999.00,99999.00,99999.00,99999.00,99999.00,99999.00,99999.00,99999.00,99999.00,99999.00,99999.00,99999.00
99999.00,99999.00,99999.00,99999.00,99999.00,99999.00,99999.00,99999.00,99999.00,99999.00,99999.00,99999.00,99999.00,99999.00,99999.00,99999.00,99999.00,99999.00,99999.00,99999.00,99999.00,99999.00,99999.00,99999.00,99999.00,99999.00, 551.47, 531.39, 512.37, 494.13, 476.47, 459.26, 442.41, 426.03, 410.50, 395.33, 380.96, 367.15, 353.69, 340.87, 328.51, 317.25, 306.58, 296.53, 287.26, 278.70, 270.84, 264.07, 257.97, 252.49, 247.93, 244.14, 240.98, 238.06, 236.43, 235.76, 235.79, 236.21, 237.17, 238.45, 239.98, 241.83, 243.71, 245.89, 248.54, 251.20, 254.18, 257.31, 260.74, 264.16, 267.94, 271.82, 275.94, 280.24, 284.74, 289.53, 294.53, 299.76, 305.39, 311.40, 317.97, 325.16, 332.88, 341.13, 349.64, 358.26, 367.30, 376.45, 386.00, 395.64, 405.61, 415.97, 426.47, 437.42, 448.76, 460.51, 472.86, 485.69, 499.23, 513.42, 528.29, 543.86, 560.19, 577.35, 595.61,99999.00,99999.00,99999.00,99999.00,99999.00,99999.00,99999.00,99999.00,99999.00,99999.00,99999.00,99999.00,99999.00,99999.00,99999.00,99999.00,99999.00,99999.00,99999.00,99999.00,99999.00,99999.00,99999.00,99999.00,99999.00,99999.00,99999.00,99999.00,99999.00,99999.00,99999.00,99999.00,99999.00,99999.00,99999.00,99999.00,1126.34,1119.95,1114.80,1113.02,1112.83,1113.95,1116.08,1118.86,1122.21,1127.05,1134.01,1142.22,1151.07,1160.93,1171.90,1184.44,99999.00,99999.00,99999.00,99999.00,99999.00,99999.00,99999.00,99999.00,99999.00,99999.00,99999.00,99999.00,99999.00,99999.00,99999.00,99999.00,99999.00,99999.00,99999.00,99999.00,99999.00,99999.00,99999.00,99999.00,99999.00,99999.00,99999.00,99999.00,99999.00,99999.00,99999.00,99999.00,99999.00,99999.00,99999.00,99999.00,99999.00,99999.00,99999.00
99999.00,99999.00,99999.00,99999.00,99999.00,99999.00,99999.00,99999.00,99999.00,99999.00,99999.00,99999.00,99999.00,99999.00,99999.00,99999.00,99999.00,99999.00,99999.00,99999.00,99999.00,99999.00,99999.00,99999.00,99999.00,99999.00, 550.98, 530.42, 510.93, 492.22, 474.09, 456.42, 439.13, 422.14, 405.41, 389.59, 374.55, 359.87, 346.00, 332.73, 319.83, 307.89, 297.06, 286.83, 277.23, 268.39, 260.25, 253.14, 247.26, 241.57, 236.87, 233.02, 229.86, 227.13, 225.70, 225.21, 225.43, 226.04, 227.18, 228.64, 230.34, 232.37, 234.42, 236.77, 239.48, 242.44, 245.65, 248.90, 252.41, 256.07, 259.85, 263.85, 267.94, 272.27, 276.76, 281.46, 286.44, 291.81, 297.49, 303.65, 310.42, 317.70, 325.49, 333.50, 341.64, 350.20, 358.86, 367.92, 377.05, 386.49, 396.30, 406.22, 416.54, 427.19, 438.20, 449.73, 461.65, 474.11, 487.11, 500.68, 514.86, 529.73, 545.34, 561.87, 579.59,99999.00,99999.00,99999.00,99999.00,99999.00,99999.00,99999.00,99999.00,99999.00,99999.00,99999.00,99999.00,99999.00,99999.00,99999.00,99999.00,99999.00,99999.00,99999.00,99999.00,99999.00,99999.00,99999.00,99999.00,99999.00,99999.00,99999.00,99999.00,99999.00,99999.00,99999.00,99999.00,99999.00,99999.00,99999.00,99999.00,1110.95,1104.62,1100.34,1099.15,1099.39,1100.80,1103.13,1106.01,1109.89,1115.88,1123.23,1131.45,1140.48,1150.35,1161.42,1173.98,99999.00,99999.00,99999.00,99999.00,99999.00,99999.00,99999.00,99999.00,99999.00,99999.00,99999.00,99999.00,99999.00,99999.00,99999.00,99999.00,99999.00,99999.00,99999.00,99999.00,99999.00,99999.00,99999.00,99999.00,99999.00,99999.00,99999.00,99999.00,99999.00,99999.00,99999.00,99999.00,99999.00,99999.00,99999.00,99999.00,99999.00,99999.00,99999.00
99999.00,99999.00,99999.00,99999.00,99999.00,99999.00,99999.00,99999.00,99999.00,99999.00,99999.00,99999.00,99999.00,99999.00,99999.00,99999.00,99999.00,99999.00,99999.00,99999.00,99999.00,99999.00,99999.00,99999.00,99999.00,99999.00, 551.42, 530.31, 510.28, 491.02, 472.35, 454.14, 436.31, 418.80, 401.56, 384.80, 368.53, 353.25, 338.77, 324.70, 311.48, 298.88, 287.41, 277.06, 267.32, 258.18, 249.78, 242.31, 236.17, 230.71, 225.86, 221.92, 218.75, 216.24, 215.00, 214.72, 215.14, 215.95, 217.29, 218.94, 220.83, 223.13, 225.37, 228.17, 230.99, 234.13, 237.42, 241.00, 244.57, 248.37, 252.25, 256.33, 260.48, 264.80, 269.23, 273.98, 279.12, 284.55, 290.39, 296.76, 303.63, 310.99, 318.56, 326.23, 334.33, 342.51, 351.10, 359.75, 368.70, 377.99, 387.37, 397.13, 407.18, 417.55, 428.38, 439.55, 451.19, 463.28, 475.79, 488.82, 502.47, 516.76, 531.83, 547.83, 565.14,99999.00,99999.00,99999.00,99999.00,99999.00,99999.00,99999.00,99999.00,99999.00,99999.00,99999.00,99999.00,99999.00,99999.00,99999.00,99999.00,99999.00,99999.00,99999.00,99999.00,99999.00,99999.00,99999.00,99999.00,99999.00,99999.00,99999.00,99999.00,99999.00,99999.00,99999.00,99999.00,99999.00,99999.00,99999.00,99999.00,1095.65,1089.43,1085.98,1085.36,1086.01,1087.73,1090.25,1093.53,1098.20,1104.71,1112.47,1120.87,1129.91,1139.88,1150.96,1163.54,99999.00,99999.00,99999.00,99999.00,99999.00,99999.00,99999.00,99999.00,99999.00,99999.00,99999.00,99999.00,99999.00,99999.00,99999.00,99999.00,99999.00,99999.00,99999.00,99999.00,99999.00,99999.00,99999.00,99999.00,99999.00,99999.00,99999.00,99999.00,99999.00,99999.00,99999.00,99999.00,99999.00,99999.00,99999.00,99999.00,99999.00,99999.00,99999.00
99999.00,99999.00,99999.00,99999.00,99999.00,99999.00,99999.00,99999.00,99999.00,99999.00,99999.00,99999.00,99999.00,99999.00,99999.00,99999.00,99999.00,99999.00,99999.00,99999.00,99999.00,99999.00,99999.00,99999.00,99999.00,99999.00, 553.19, 531.46, 510.79, 490.89, 471.58, 452.74, 434.28, 416.14, 398.29, 380.69, 363.56, 347.39, 331.76, 317.15, 303.41, 290.11, 278.04, 267.09, 257.27, 248.02, 239.36, 231.52, 225.09, 219.88, 214.86, 210.83, 207.63, 205.33, 204.32, 204.26, 204.90, 205.92, 207.46, 209.32, 211.50, 213.95, 216.69, 219.76, 222.88, 226.27, 229.68, 233.35, 237.16, 241.08, 245.08, 249.17, 253.42, 257.75, 262.33, 267.25, 272.45, 278.05, 284.12, 290.60, 297.57, 304.72, 311.95, 319.60, 327.33, 335.47, 343.66, 352.14, 360.95, 369.83, 379.07, 388.58, 398.38, 408.61, 419.12, 430.07, 441.41, 453.12, 465.24, 477.85, 491.02, 504.85, 519.44, 535.04, 551.99,99999.00,99999.00,99999.00,99999.00,99999.00,99999.00,99999.00,99999.00,99999.00,99999.00,99999.00,99999.00,99999.00,99999.00,99999.00,99999.00,99999.00,99999.00,99999.00,99999.00,99999.00,99999.00,99999.00,99999.00,99999.00,99999.00,99999.00,99999.00,99999.00,99999.00,99999.00,99999.00,99999.00,99999.00,99999.00,99999.00,1080.44,1074.37,1071.69,1071.64,1072.71,1074.72,1077.43,1081.34,1087.08,1093.94,1101.88,1110.30,1119.43,1129.41,1140.52,1153.20,99999.00,99999.00,99999.00,99999.00,99999.00,99999.00,99999.00,99999.00,99999.00,99999.00,99999.00,99999.00,99999.00,99999.00,99999.00,99999.00,99999.00,99999.00,99999.00,99999.00,99999.00,99999.00,99999.00,99999.00,99999.00,99999.00,99999.00,99999.00,99999.00,99999.00,99999.00,99999.00,99999.00,99999.00,99999.00,99999.00,99999.00,99999.00,99999.00
99999.00,99999.00,99999.00,99999.00,99999.00,99999.00,99999.00,99999.00,99999.00,99999.00,99999.00,99999.00,99999.00,99999.00,99999.00,99999.00,99999.00,99999.00,99999.00,99999.00,99999.00,99999.00,99999.00,99999.00,99999.00,99999.00, 556.65, 534.17, 512.75, 492.10, 472.04, 452.45, 433.23, 414.34, 395.74, 377.41, 359.40, 341.97, 325.56, 310.17, 295.37, 281.65, 268.81, 257.32, 246.94, 237.65, 228.92, 220.76, 214.00, 208.58, 203.84, 199.69, 196.45, 194.40, 193.63, 193.81, 194.67, 195.92, 197.69, 199.76, 202.50, 205.15, 208.37, 211.58, 215.10, 218.63, 222.39, 226.13, 230.09, 234.13, 238.30, 242.44, 246.77, 251.35, 256.13, 261.13, 266.51, 272.34, 278.53, 285.13, 291.89, 298.73, 305.96, 313.26, 320.96, 328.70, 336.74, 345.10, 353.52, 362.28, 371.29, 380.57, 390.25, 400.19, 410.53, 421.22, 432.24, 443.62, 455.43, 467.68, 480.46, 493.88, 508.09, 523.32, 539.99,99999.00,99999.00,99999.00,99999.00,99999.00,99999.00,99999.00,99999.00,99999.00,99999.00,99999.00,99999.00,99999.00,99999.00,99999.00,99999.00,99999.00,99999.00,99999.00,99999.00,99999.00,99999.00,99999.00,99999.00,99999.00,99999.00,99999.00,99999.00,99999.00,99999.00,99999.00,99999.00,99999.00,99999.00,99999.00,99999.00,1065.40,1059.39,1057.49,1058.01,1059.49,1061.78,1065.08,1069.70,1075.91,1083.35,1091.31,1099.82,1108.97,1118.98,1130.18,1143.57,99999.00,99999.00,99999.00,99999.00,99999.00,99999.00,99999.00,99999.00,99999.00,99999.00,99999.00,99999.00,99999.00,99999.00,99999.00,99999.00,99999.00,99999.00,99999.00,99999.00,99999.00,99999.00,99999.00,99999.00,99999.00,99999.00,99999.00,99999.00,99999.00,99999.00,99999.00,99999.00,99999.00,99999.00,99999.00,99999.00,99999.00,99999.00,99999.00
99999.00,99999.00,99999.00,99999.00,99999.00,99999.00,99999.00,99999.00,99999.00,99999.00,99999.00,99999.00,99999.00,99999.00,99999.00,99999.00,99999.00,99999.00,99999.00,99999.00,99999.00,99999.00,99999.00,99999.00,99999.00,99999.00, 561.92, 538.56, 516.25, 494.70, 473.73, 453.23, 433.11, 413.31, 393.80, 374.58, 355.70, 337.25, 319.92, 303.40, 287.95, 273.58, 259.81, 247.62, 236.75, 226.95, 218.23, 210.03, 202.88, 197.22, 192.77, 188.49, 185.20, 183.41, 182.90, 183.33, 184.44, 185.94, 187.94, 190.59, 193.50, 196.69, 200.18, 203.72, 207.50, 211.30, 215.28, 219.27, 223.37, 227.54, 231.78, 236.19, 240.77, 245.56, 250.52, 255.70, 261.32, 267.30, 273.60, 280.01, 286.48, 293.32, 300.22, 307.50, 314.82, 322.43, 330.37, 338.35, 346.66, 355.21, 364.01, 373.20, 382.62, 392.41, 402.52, 412.94, 423.67, 434.78, 446.28, 458.23, 470.70, 483.78, 497.65, 512.60, 528.95,99999.00,99999.00,99999.00,99999.00,99999.00,99999.00,99999.00,99999.00,99999.00,99999.00,99999.00,99999.00,99999.00,99999.00,99999.00,99999.00,99999.00,99999.00,99999.00,99999.00,99999.00,99999.00,99999.00,99999.00,99999.00,99999.00,99999.00,99999.00,99999.00,99999.00,99999.00,99999.00,99999.00,99999.00,99999.00,99999.00,1049.42,1044.50,1043.37,1044.45,1046.33,1048.91,1052.94,1058.58,1065.14,1072.78,1080.83,1089.35,1098.53,1108.64,1120.55,1134.59,99999.00,99999.00,99999.00,99999.00,99999.00,99999.00,99999.00,99999.00,99999.00,99999.00,99999.00,99999.00,99999.00,99999.00,99999.00,99999.00,99999.00,99999.00,99999.00,99999.00,99999.00,99999.00,99999.00,99999.00,99999.00,99999.00,99999.00,99999.00,99999.00,99999.00,99999.00,99999.00,99999.00,99999.00,99999.00,99999.00,99999.00,99999.00,99999.00
99999.00,99999.00,99999.00,99999.00,99999.00,99999.00,99999.00,99999.00,99999.00,99999.00,99999.00,99999.00,99999.00,99999.00,99999.00,99999.00,99999.00,99999.00,99999.00,99999.00,99999.00,99999.00,99999.00,99999.00,99999.00,99999.00, 570.17, 545.73, 522.33, 499.69, 477.62, 456.00, 434.76, 413.84, 393.22, 372.88, 352.96, 333.54, 314.70, 297.05, 280.87, 265.54, 251.28, 238.08, 226.56, 216.33, 207.14, 199.31, 191.70, 185.76, 181.15, 177.20, 173.85, 172.34, 172.11, 172.81, 174.19, 175.95, 178.48, 181.71, 184.85, 188.53, 192.19, 196.15, 200.09, 204.25, 208.38, 212.70, 216.93, 221.32, 225.84, 230.53, 235.35, 240.31, 245.49, 251.01, 256.78, 262.88, 269.02, 275.13, 281.62, 288.14, 295.03, 301.96, 309.16, 316.68, 324.25, 332.14, 340.26, 348.61, 357.34, 366.29, 375.59, 385.18, 395.05, 405.20, 415.70, 426.55, 437.78, 449.45, 461.63, 474.45, 488.07, 502.70, 518.71,99999.00,99999.00,99999.00,99999.00,99999.00,99999.00,99999.00,99999.00,99999.00,99999.00,99999.00,99999.00,99999.00,99999.00,99999.00,99999.00,99999.00,99999.00,99999.00,99999.00,99999.00,99999.00,99999.00,99999.00,99999.00,99999.00,99999.00,99999.00,99999.00,99999.00,99999.00,99999.00,99999.00,99999.00,99999.00,99999.00,1033.52,1029.68,1029.32,1030.95,1033.23,1036.60,1041.31,1047.41,1054.56,1062.30,1070.37,1078.92,1088.19,1099.00,1111.57,1126.10,99999.00,99999.00,99999.00,99999.00,99999.00,99999.00,99999.00,99999.00,99999.00,99999.00,99999.00,99999.00,99999.00,99999.00,99999.00,99999.00,99999.00,99999.00,99999.00,99999.00,99999.00,99999.00,99999.00,99999.00,99999.00,99999.00,99999.00,99999.00,99999.00,99999.00,99999.00,99999.00,99999.00,99999.00,99999.00,99999.00,99999.00,99999.00,99999.00
99999.00,99999.00,99999.00,99999.00,99999.00,99999.00,99999.00,99999.00,99999.00,99999.00,99999.00,99999.00,99999.00,99999.00,99999.00,99999.00,99999.00,99999.00,99999.00,99999.00,99999.00,99999.00,99999.00,99999.00,99999.00,99999.00, 579.97, 555.04, 531.14, 507.13, 483.67, 460.65, 438.00, 415.67, 393.64, 371.91, 350.67, 330.07, 310.21, 291.52, 273.97, 257.73, 242.93, 228.93, 216.48, 205.66, 196.07, 187.79, 180.47, 174.20, 169.40, 165.79, 162.36, 161.17, 161.24, 162.24, 163.91, 166.17, 169.37, 172.80, 176.49, 180.48, 184.49, 188.72, 192.95, 197.35, 201.75, 206.23, 210.86, 215.62, 220.47, 225.40, 230.45, 235.63, 241.15, 247.01, 252.87, 258.78, 264.63, 270.78, 276.96, 283.49, 290.04, 296.86, 303.99, 311.16, 318.65, 326.36, 334.30, 342.60, 351.11, 359.95, 369.07, 378.44, 388.08, 398.02, 408.29, 418.89, 429.87, 441.27, 453.22, 465.80, 479.16, 493.50, 509.25,99999.00,99999.00,99999.00,99999.00,99999.00,99999.00,99999.00,99999.00,99999.00,99999.00,99999.00,99999.00,99999.00,99999.00,99999.00,99999.00,99999.00,99999.00,99999.00,99999.00,99999.00,99999.00,99999.00,99999.00,99999.00,99999.00,99999.00,99999.00,99999.00,99999.00,99999.00,99999.00,99999.00,99999.00,99999.00,99999.00,1017.70,1014.94,1015.35,1017.50,1020.14,1024.46,1030.19,1036.64,1044.09,1051.83,1059.93,1068.58,1078.56,1090.02,1103.08,1117.94,99999.00,99999.00,99999.00,99999.00,99999.00,99999.00,99999.00,99999.00,99999.00,99999.00,99999.00,99999.00,99999.00,99999.00,99999.00,99999.00,99999.00,99999.00,99999.00,99999.00,99999.00,99999.00,99999.00,99999.00,99999.00,99999.00,99999.00,99999.00,99999.00,99999.00,99999.00,99999.00,99999.00,99999.00,99999.00,99999.00,99999.00,99999.00,99999.00
99999.00,99999.00,99999.00,99999.00,99999.00,99999.00,99999.00,99999.00,99999.00,99999.00,99999.00,99999.00,99999.00,99999.00,99999.00,99999.00,99999.00,99999.00,99999.00,99999.00,99999.00,99999.00,99999.00,99999.00,99999.00,99999.00,99999.00,99999.00,99999.00,99999.00,99999.00,99999.00,99999.00,99999.00,99999.00,99999.00, 349.45, 327.41, 306.35, 286.28, 267.54, 250.54, 234.62, 219.90, 206.73, 195.03, 184.90, 176.06, 169.18, 162.50, 157.48, 153.78, 150.73, 149.87, 150.27, 151.60, 153.57, 156.70, 160.51, 164.21, 168.42, 172.60, 177.05, 181.47, 186.08, 190.64, 195.39, 200.29, 205.29, 210.38, 215.54, 220.77, 226.06, 231.93, 237.79, 243.56, 249.19, 255.00, 260.76, 266.62, 272.81, 279.02, 285.47, 292.23, 299.02, 306.13, 313.46, 321.00, 328.90, 336.99, 345.41, 354.09, 363.01, 372.17, 381.62, 391.35, 401.39, 411.77, 422.50, 433.70, 445.41, 457.75, 470.81, 484.90, 500.41,99999.00,99999.00,99999.00,99999.00,99999.00,99999.00,99999.00,99999.00,99999.00,99999.00,99999.00,99999.00,99999.00,99999.00,99999.00,99999.00,99999.00,99999.00,99999.00,99999.00,99999.00,99999.00,99999.00,99999.00,99999.00,99999.00,99999.00,99999.00,99999.00,99999.00,99999.00,99999.00,99999.00,99999.00,99999.00,99999.00,1001.96,1000.26,1001.39,1004.20,1007.83,1012.83,1019.02,1026.06,1033.62,1041.40,1049.59,1058.95,1069.58,1081.54,1095.08,1109.93,99999.00,99999.00,99999.00,99999.00,99999.00,99999.00,99999.00,99999.00,99999.00,99999.00,99999.00,99999.00,99999.00,99999.00,99999.00,99999.00,99999.00,99999.00,99999.00,99999.00,99999.00,99999.00,99999.00,99999.00,99999.00,99999.00,99999.00,99999.00,99999.00,99999.00,99999.00,99999.00,99999.00,99999.00,99999.00,99999.00,99999.00,99999.00,99999.00
99999.00,99999.00,99999.00,99999.00,99999.00,99999.00,99999.00,99999.00,99999.00,99999.00,99999.00,99999.00,99999.00,99999.00,99999.00,99999.00,99999.00,99999.00,99999.00,99999.00,99999.00,99999.00,99999.00,99999.00,99999.00,99999.00,99999.00,99999.00,99999.00,99999.00,99999.00,99999.00,99999.00,99999.00,99999.00,99999.00,99999.00,99999.00, 303.25, 282.08, 262.04, 243.46, 226.63, 211.38, 197.03, 184.68, 173.72, 164.28, 156.99, 150.66, 145.38, 141.56, 138.93, 138.44, 139.20, 140.87, 143.73, 147.57, 151.61, 155.90, 160.44, 164.99, 169.74, 174.47, 179.34, 184.39, 189.56, 194.83, 200.18, 205.58, 211.05, 217.22, 223.18, 228.96, 234.59, 240.35, 245.94, 251.50, 257.20, 262.97, 268.82, 275.03, 281.37, 287.78, 294.61, 301.48, 308.78, 316.26, 324.05, 332.09, 340.33, 348.80, 357.53, 366.50, 375.73, 385.25, 395.05, 405.21, 415.76, 426.74, 438.19, 450.27, 463.15, 477.10, 492.58,99999.00,99999.00,99999.00,99999.00,99999.00,99999.00,99999.00,99999.00,99999.00,99999.00,99999.00,99999.00,99999.00,99999.00,99999.00,99999.00,99999.00,99999.00,99999.00,99999.00,99999.00,99999.00,99999.00,99999.00,99999.00,99999.00,99999.00,99999.00,99999.00,99999.00,99999.00,99999.00,99999.00,99999.00,99999.00,99999.00, 986.25, 985.57, 987.42, 990.85, 995.70,1001.71,1008.24,1015.60,1023.18,1031.06,1039.96,1049.96,1061.09,1073.53,1087.15,1102.14,99999.00,99999.00,99999.00,99999.00,99999.00,99999.00,99999.00,99999.00,99999.00,99999.00,99999.00,99999.00,99999.00,99999.00,99999.00,99999.00,99999.00,99999.00,99999.00,99999.00,99999.00,99999.00,99999.00,99999.00,99999.00,99999.00,99999.00,99999.00,99999.00,99999.00,99999.00,99999.00,99999.00,99999.00,99999.00,99999.00,99999.00,99999.00,99999.00
99999.00,99999.00,99999.00,99999.00,99999.00,99999.00,99999.00,99999.00,99999.00,99999.00,99999.00,99999.00,99999.00,99999.00,99999.00,99999.00,99999.00,99999.00,99999.00,99999.00,99999.00,99999.00,99999.00,99999.00,99999.00,99999.00,99999.00,99999.00,99999.00,99999.00,99999.00,99999.00,99999.00,99999.00,99999.00,99999.00,99999.00,99999.00, 300.19, 277.86, 256.90, 237.44, 219.48, 202.88, 187.80, 174.32, 162.75, 152.51, 144.51, 138.69, 133.07, 129.11, 126.94, 126.85, 128.00, 130.33, 134.17, 138.67, 143.02, 147.86, 152.62, 157.64, 162.59, 167.80, 173.17, 178.64, 184.20, 189.83, 195.50, 202.05, 208.38, 214.50, 220.44, 226.19, 231.79, 237.35, 242.92, 248.42, 253.90, 259.63, 265.47, 271.35, 277.62, 283.95, 290.68, 297.59, 304.80, 312.24, 319.88, 327.73, 335.81, 344.11, 352.64, 361.42, 370.44, 379.76, 389.40, 399.37, 409.66, 420.41, 431.67, 443.62, 456.38, 470.32, 486.02,99999.00,99999.00,99999.00,99999.00,99999.00,99999.00,99999.00,99999.00,99999.00,99999.00,99999.00,99999.00,99999.00,99999.00,99999.00,99999.00,99999.00,99999.00,99999.00,99999.00,99999.00,99999.00,99999.00,99999.00,99999.00,99999.00,99999.00,99999.00,99999.00,99999.00,99999.00,99999.00,99999.00,99999.00,99999.00,99999.00, 970.53, 970.89, 974.12, 978.54, 984.06, 990.54, 997.67,1005.16,1012.84,1021.43,1030.97,1041.48,1053.09,1065.74,1079.36,1094.41,99999.00,99999.00,99999.00,99999.00,99999.00,99999.00,99999.00,99999.00,99999.00,99999.00,99999.00,99999.00,99999.00,99999.00,99999.00,99999.00,99999.00,99999.00,99999.00,99999.00,99999.00,99999.00,99999.00,99999.00,99999.00,99999.00,99999.00,99999.00,99999.00,99999.00,99999.00,99999.00,99999.00,99999.00,99999.00,99999.00,99999.00,99999.00,99999.00
99999.00,99999.00,99999.00,99999.00,99999.00,99999.00,99999.00,99999.00,99999.00,99999.00,99999.00,99999.00,99999.00,99999.00,99999.00,99999.00,99999.00,99999.00,99999.00,99999.00,99999.00,99999.00,99999.00,99999.00,99999.00,99999.00,99999.00,99999.00,99999.00,99999.00,99999.00,99999.00,99999.00,99999.00,99999.00,99999.00,99999.00,99999.00,99999.00, 274.29, 252.42, 231.84, 212.62, 195.36, 179.30, 164.35, 151.70, 140.87, 131.86, 125.72, 120.54, 116.40, 114.73, 115.09, 116.67, 120.34, 124.94, 129.72, 134.69, 139.89, 145.07, 150.41, 155.98, 161.70, 167.51, 173.38, 179.30, 186.27, 193.01, 199.52, 205.83, 211.94, 217.87, 223.62, 229.20, 234.70, 240.15, 245.62, 251.09, 256.59, 262.44, 268.25, 274.46, 280.83, 287.50, 294.39, 301.47, 308.74, 316.23, 323.93, 331.84, 339.97, 348.31, 356.91, 365.78, 374.93, 384.33, 394.08, 404.20, 414.81, 425.96, 437.80, 450.74, 464.88, 480.28,99999.00,99999.00,99999.00,99999.00,99999.00,99999.00,99999.00,99999.00,99999.00,99999.00,99999.00,99999.00,99999.00,99999.00,99999.00,99999.00,99999.00,99999.00,99999.00,99999.00,99999.00,99999.00,99999.00,99999.00,99999.00,99999.00,99999.00,99999.00,99999.00,99999.00,99999.00,99999.00,99999.00,99999.00,99999.00,99999.00, 954.81, 956.21, 960.77, 966.41, 972.94, 979.76, 987.20, 994.82,1003.21,1012.44,1022.49,1033.47,1045.30,1058.01,1071.77,1086.88,99999.00,99999.00,99999.00,99999.00,99999.00,99999.00,99999.00,99999.00,99999.00,99999.00,99999.00,99999.00,99999.00,99999.00,99999.00,99999.00,99999.00,99999.00,99999.00,99999.00,99999.00,99999.00,99999.00,99999.00,99999.00,99999.00,99999.00,99999.00,99999.00,99999.00,99999.00,99999.00,99999.00,99999.00,99999.00,99999.00,99999.00,99999.00,99999.00
99999.00,99999.00,99999.00,99999.00,99999.00,99999.00,99999.00,99999.00,99999.00,99999.00,99999.00,99999.00,99999.00,99999.00,99999.00,99999.00,99999.00,99999.00,99999.00,99999.00,99999.00,99999.00,99999.00,99999.00,99999.00,99999.00,99999.00,99999.00,99999.00,99999.00,99999.00,99999.00,99999.00,99999.00,99999.00,99999.00,99999.00,99999.00,99999.00, 271.90, 249.16, 227.78, 207.52, 188.19, 170.99, 155.47, 140.93, 129.04, 119.11, 112.34, 107.77, 103.41, 102.30, 103.16, 105.92, 110.63, 115.94, 121.07, 126.63, 132.09, 137.86, 143.84, 149.94, 156.11, 162.32, 169.78, 176.97, 183.92, 190.64, 197.15, 203.46, 209.57, 215.49, 221.24, 226.83, 232.31, 237.77, 243.09, 248.58, 254.02, 259.84, 265.81, 272.01, 278.38, 284.94, 291.67, 298.62, 305.76, 313.10, 320.64, 328.38, 336.35, 344.56, 353.01, 361.66, 370.60, 379.84, 389.46, 399.48, 409.97, 421.20, 433.22, 446.07, 459.88, 474.92,99999.00,99999.00,99999.00,99999.00,99999.00,99999.00,99999.00,99999.00,99999.00,99999.00,99999.00,99999.00,99999.00,99999.00,99999.00,99999.00,99999.00,99999.00,99999.00,99999.00,99999.00,99999.00,99999.00,99999.00,99999.00,99999.00,99999.00,99999.00,99999.00,99999.00,99999.00,99999.00,99999.00,99999.00,99999.00,99999.00, 939.09, 942.90, 948.46, 954.78, 961.77, 969.19, 976.86, 985.19, 994.23,1003.96,1014.48,1025.69,1037.71,1050.48,1064.24,1079.37,99999.00,99999.00,99999.00,99999.00,99999.00,99999.00,99999.00,99999.00,99999.00,99999.00,99999.00,99999.00,99999.00,99999.00,99999.00,99999.00,99999.00,99999.00,99999.00,99999.00,99999.00,99999.00,99999.00,99999.00,99999.00,99999.00,99999.00,99999.00,99999.00,99999.00,99999.00,99999.00,99999.00,99999.00,99999.00,99999.00,99999.00,99999.00,99999.00
99999.00,99999.00,99999.00,99999.00,99999.00,99999.00,99999.00,99999.00,99999.00,99999.00,99999.00,99999.00,99999.00,99999.00,99999.00,99999.00,99999.00,99999.00,99999.00,99999.00,99999.00,99999.00,99999.00,99999.00,99999.00,99999.00,99999.00,99999.00,99999.00,99999.00,99999.00,99999.00,99999.00,99999.00,99999.00,99999.00,99999.00,99999.00,99999.00, 271.01, 247.40, 225.18, 204.07, 183.90, 164.52, 146.75, 131.10, 117.34, 106.32,  98.65,  93.89,  90.11,  89.63,  91.04,  95.69, 101.24, 106.89, 112.69, 118.66, 124.91, 131.33, 137.85, 144.41, 152.42, 160.13, 167.57, 174.76, 181.71, 188.44, 194.96, 201.26, 207.38, 213.32, 219.09, 224.70, 230.16, 235.65, 241.00, 246.49, 252.09, 257.91, 263.89, 270.03, 276.34, 282.82, 289.45, 296.26, 303.26, 310.44, 317.84, 325.46, 333.29, 341.30, 349.55, 358.06, 366.89, 376.03, 385.55, 395.57, 406.17, 417.32, 429.13, 441.71, 455.22, 469.94,99999.00,99999.00,99999.00,99999.00,99999.00,99999.00,99999.00,99999.00,99999.00,99999.00,99999.00,99999.00,99999.00,99999.00,99999.00,99999.00,99999.00,99999.00,99999.00,99999.00,99999.00,99999.00,99999.00,99999.00,99999.00,99999.00,99999.00,99999.00,99999.00,99999.00,99999.00,99999.00,99999.00,99999.00,99999.00,99999.00, 923.37, 929.55, 936.33, 943.65, 950.99, 958.85, 967.23, 976.20, 985.75, 995.95,1006.70,1018.15,1030.18,1042.97,1056.76,1071.95,99999.00,99999.00,99999.00,99999.00,99999.00,99999.00,99999.00,99999.00,99999.00,99999.00,99999.00,99999.00,99999.00,99999.00,99999.00,99999.00,99999.00,99999.00,99999.00,99999.00,99999.00,99999.00,99999.00,99999.00,99999.00,99999.00,99999.00,99999.00,99999.00,99999.00,99999.00,99999.00,99999.00,99999.00,99999.00,99999.00,99999.00,99999.00,99999.00
99999.00,99999.00,99999.00,99999.00,99999.00,99999.00,99999.00,99999.00,99999.00,99999.00,99999.00,99999.00,99999.00,99999.00,99999.00,99999.00,99999.00,99999.00,99999.00,99999.00,99999.00,99999.00,99999.00,99999.00,99999.00,99999.00,99999.00,99999.00,99999.00,99999.00,99999.00,99999.00,99999.00,99999.00,99999.00,99999.00,99999.00,99999.00,99999.00, 273.88, 249.15, 225.80, 203.56, 182.26, 161.76, 141.95, 122.75, 106.34,  93.53,  84.67,  79.47,  76.48,  76.70,  79.97,  85.76,  92.09,  98.14, 104.70, 111.48, 118.40, 125.38, 134.03, 142.34, 150.35, 158.07, 165.52, 172.72, 179.69, 186.42, 192.94, 199.27, 205.41, 211.37, 217.17, 222.81, 228.29, 233.79, 239.30, 244.92, 250.60, 256.37, 262.26, 268.30, 274.51, 280.90, 287.47, 294.20, 301.08, 308.16, 315.44, 322.87, 330.52, 338.39, 346.55, 354.97, 363.70, 372.83, 382.36, 392.30, 402.71, 413.64, 425.19, 437.45, 450.58, 464.83,99999.00,99999.00,99999.00,99999.00,99999.00,99999.00,99999.00,99999.00,99999.00,99999.00,99999.00,99999.00,99999.00,99999.00,99999.00,99999.00,99999.00,99999.00,99999.00,99999.00,99999.00,99999.00,99999.00,99999.00,99999.00,99999.00,99999.00,99999.00,99999.00,99999.00,99999.00,99999.00,99999.00,99999.00,99999.00,99999.00, 910.07, 917.24, 924.70, 932.48, 940.66, 949.22, 958.25, 967.73, 977.74, 988.17, 999.17,1010.65,1022.70,1035.55,1049.61,1065.20,99999.00,99999.00,99999.00,99999.00,99999.00,99999.00,99999.00,99999.00,99999.00,99999.00,99999.00,99999.00,99999.00,99999.00,99999.00,99999.00,99999.00,99999.00,99999.00,99999.00,99999.00,99999.00,99999.00,99999.00,99999.00,99999.00,99999.00,99999.00,99999.00,99999.00,99999.00,99999.00,99999.00,99999.00,99999.00,99999.00,99999.00,99999.00,99999.00
99999.00,99999.00,99999.00,99999.00,99999.00,99999.00,99999.00,99999.00,99999.00,99999.00,99999.00,99999.00,99999.00,99999.00,99999.00,99999.00,99999.00,99999.00,99999.00,99999.00,99999.00,99999.00,99999.00,99999.00,99999.00,99999.00,99999.00,99999.00,99999.00,99999.00,99999.00,99999.00,99999.00,99999.00,99999.00,99999.00,99999.00,99999.00,99999.00,99999.00,99999.00,99999.00,99999.00,99999.00,99999.00,99999.00,99999.00,99999.00,  81.11,  70.39,  64.56,  62.49,  63.52,  69.45,  76.17,  82.90,  90.12,  97.51, 104.99, 114.40, 123.41, 132.07, 140.40, 148.43, 156.17, 163.65, 170.86, 177.84, 184.60, 191.15, 197.51, 203.68, 209.67, 215.50, 221.16, 226.67, 232.29, 237.91, 243.53, 249.18, 254.92, 260.75, 266.70, 272.81, 279.10, 285.56, 292.20, 299.02, 305.97, 313.12, 320.48, 328.05, 335.86, 343.93, 352.32, 361.02, 370.04, 379.41, 389.18, 399.38, 410.08, 421.33, 433.24, 445.92, 459.52, 474.27,99999.00,99999.00,99999.00,99999.00,99999.00,99999.00,99999.00,99999.00,99999.00,99999.00,99999.00,99999.00,99999.00,99999.00,99999.00,99999.00,99999.00,99999.00,99999.00,99999.00,99999.00,99999.00,99999.00,99999.00,99999.00,99999.00,99999.00,99999.00,99999.00,99999.00,99999.00,99999.00,99999.00,99999.00, 888.31, 896.77, 905.15, 913.60, 922.24, 931.11, 940.30, 949.82, 959.76, 969.99, 980.66, 991.72,1003.25,1015.57,1028.82,1043.31,1059.34,99999.00,99999.00,99999.00,99999.00,99999.00,99999.00,99999.00,99999.00,99999.00,99999.00,99999.00,99999.00,99999.00,99999.00,99999.00,99999.00,99999.00,99999.00,99999.00,99999.00,99999.00,99999.00,99999.00,99999.00,99999.00,99999.00,99999.00,99999.00,99999.00,99999.00,99999.00,99999.00,99999.00,99999.00,99999.00,99999.00,99999.00,99999.00,99999.00
99999.00,99999.00,99999.00,99999.00,99999.00,99999.00,99999.00,99999.00,99999.00,99999.00,99999.00,99999.00,99999.00,99999.00,99999.00,99999.00,99999.00,99999.00,99999.00,99999.00,99999.00,99999.00,99999.00,99999.00,99999.00,99999.00,99999.00,99999.00,99999.00,99999.00,99999.00,99999.00,99999.00,99999.00,99999.00,99999.00,99999.00,99999.00,99999.00,99999.00,99999.00,99999.00,99999.00,99999.00,99999.00,99999.00,99999.00,99999.00,99999.00,  55.76,  49.13,  48.15,  52.04,  59.24,  66.83,  74.82,  82.91,  93.23, 103.09, 112.52, 121.57, 130.27, 138.64, 146.69, 154.45, 161.95, 169.19, 176.21, 183.00, 189.59, 195.97, 202.18, 208.20, 214.06, 219.75, 225.38, 230.98, 236.57, 242.17, 247.79, 253.50, 259.30, 265.20, 271.22, 277.40, 283.76, 290.29, 297.00, 303.89, 310.98, 318.28, 325.81, 333.58, 341.60, 349.90, 358.48, 367.38, 376.61, 386.21, 396.22, 406.67, 417.63, 429.17, 441.35, 454.29, 468.06, 482.56,99999.00,99999.00,99999.00,99999.00,99999.00,99999.00,99999.00,99999.00,99999.00,99999.00,99999.00,99999.00,99999.00,99999.00,99999.00,99999.00,99999.00,99999.00,99999.00,99999.00,99999.00,99999.00,99999.00,99999.00,99999.00,99999.00,99999.00,99999.00,99999.00,99999.00,99999.00,99999.00, 865.92, 875.73, 885.14, 894.37, 903.59, 912.86, 922.31, 931.97, 941.93, 952.07, 962.54, 973.33, 984.65, 996.57,1009.31,1023.00,1037.84,1054.07,99999.00,99999.00,99999.00,99999.00,99999.00,99999.00,99999.00,99999.00,99999.00,99999.00,99999.00,99999.00,99999.00,99999.00,99999.00,99999.00,99999.00,99999.00,99999.00,99999.00,99999.00,99999.00,99999.00,99999.00,99999.00,99999.00,99999.00,99999.00,99999.00,99999.00,99999.00,99999.00,99999.00,99999.00,99999.00,99999.00,99999.00,99999.00,99999.00
99999.00,99999.00,99999.00,99999.00,99999.00,99999.00,99999.00,99999.00,99999.00,99999.00,99999.00,99999.00,99999.00,99999.00,99999.00,99999.00,99999.00,99999.00,99999.00,99999.00,99999.00,99999.00,99999.00,99999.00,99999.00,99999.00,99999.00,99999.00,99999.00,99999.00,99999.00,99999.00,99999.00,99999.00,99999.00,99999.00,99999.00,99999.00,99999.00,99999.00,99999.00,99999.00,99999.00,99999.00,99999.00,99999.00,99999.00,99999.00,99999.00,99999.00,  33.21,  33.49,  41.15,  49.79,  58.69,  70.19,  81.10,  91.47, 101.38, 110.85, 119.93, 128.66, 137.05, 145.14, 152.94, 160.47, 167.76, 174.81, 181.63, 188.25, 194.68, 200.91, 206.96, 212.84, 218.62, 224.29, 229.92, 235.54, 241.17, 246.81, 252.53, 258.35, 264.25, 270.26, 276.39, 282.69, 289.16, 295.82, 302.66, 309.70, 316.95, 324.41, 332.11, 340.05, 348.24, 356.71, 365.47, 374.55, 383.97, 393.76, 403.96, 414.60, 425.73, 437.42, 449.72, 462.67, 476.24, 490.34, 504.76, 518.06, 531.34, 544.31, 556.74, 569.19, 581.07, 592.82, 604.36, 615.54, 626.69, 637.81, 648.68, 659.32, 669.94, 680.61, 691.17, 701.57, 711.94, 722.46, 732.96, 743.44, 754.08, 764.74, 775.69, 786.94, 798.22, 809.53, 821.07, 832.59, 843.75, 854.61, 864.95, 874.95, 884.78, 894.51, 904.30, 914.17, 924.23, 934.36, 944.80, 955.57, 966.74, 978.46, 990.82,1003.90,1017.88,1033.03,1049.22,99999.00,99999.00,99999.00,99999.00,99999.00,99999.00,99999.00,99999.00,99999.00,99999.00,99999.00,99999.00,99999.00,99999.00,99999.00,99999.00,99999.00,99999.00,99999.00,99999.00,99999.00,99999.00,99999.00,99999.00,99999.00,99999.00,99999.00,99999.00,99999.00,99999.00,99999.00,99999.00,99999.00,99999.00,99999.00,99999.00,99999.00,99999.00,99999.00
99999.00,99999.00,99999.00,99999.00,99999.00,99999.00,99999.00,99999.00,99999.00,99999.00,99999.00,99999.00,99999.00,99999.00,99999.00,99999.00,99999.00,99999.00,99999.00,99999.00,99999.00,99999.00,99999.00,99999.00,99999.00,99999.00,99999.00,99999.00,99999.00,99999.00,99999.00,99999.00,99999.00,99999.00,99999.00,99999.00,99999.00,99999.00,99999.00,99999.00,99999.00,99999.00,99999.00,99999.00,99999.00,99999.00,99999.00,99999.00,99999.00,99999.00,  16.79,  21.55,  31.47,  44.60,  56.92,  68.56,  79.59,  90.08, 100.10, 109.68, 118.87, 127.69, 136.19, 144.37, 152.27, 159.90, 167.28, 174.42, 181.34, 188.06, 194.57, 200.90, 207.04, 213.08, 219.02, 224.86, 230.64, 236.40, 242.14, 247.86, 253.65, 259.52, 265.48, 271.54, 277.70, 283.98, 290.43, 297.05, 303.85, 310.85, 318.04, 325.44, 333.06, 340.91, 349.00, 357.35, 365.97, 374.89, 384.11, 393.68, 403.60, 413.93, 424.72, 435.98, 447.73, 459.97, 472.65, 485.68, 498.93, 511.87, 524.28, 536.72, 548.76, 560.55, 572.32, 583.89, 595.11, 606.30, 617.47, 628.40, 639.10, 649.78, 660.42, 670.94, 681.31, 691.64, 702.11, 712.56, 722.98, 733.57, 744.16, 754.99, 766.09, 777.22, 788.37, 799.74, 811.14, 822.54, 833.92, 844.90, 855.56, 865.98, 876.18, 886.33, 896.44, 906.66, 917.04, 927.59, 938.37, 949.53, 961.11, 973.15, 985.79, 999.20,1013.45,1028.55,1044.71,99999.00,99999.00,99999.00,99999.00,99999.00,99999.00,99999.00,99999.00,99999.00,99999.00,99999.00,99999.00,99999.00,99999.00,99999.00,99999.00,99999.00,99999.00,99999.00,99999.00,99999.00,99999.00,99999.00,99999.00,99999.00,99999.00,99999.00,99999.00,99999.00,99999.00,99999.00,99999.00,99999.00,99999.00,99999.00,99999.00,99999.00,99999.00,99999.00
99999.00,99999.00,99999.00,99999.00,99999.00,99999.00,99999.00,99999.00,99999.00,99999.00,99999.00,99999.00,99999.00,99999.00,99999.00,99999.00,99999.00,99999.00,99999.00,99999.00,99999.00,99999.00,99999.00,99999.00,99999.00,99999.00,99999.00,99999.00,99999.00,99999.00,99999.00,99999.00,99999.00,99999.00,99999.00,99999.00,99999.00,99999.00,99999.00,99999.00,99999.00,99999.00,99999.00,99999.00,99999.00,99999.00,99999.00,99999.00,99999.00,99999.00,   0.00,  15.35,  29.54,  42.76,  55.19,  66.92,  78.05,  88.64,  98.75, 108.43, 117.71, 126.63, 135.22, 143.50, 151.49, 159.21, 166.68, 173.92, 180.94, 187.74, 194.35, 200.77, 207.08, 213.29, 219.39, 225.39, 231.34, 237.27, 243.17, 249.05, 254.96, 260.94, 266.97, 273.08, 279.29, 285.61, 292.04, 298.64, 305.40, 312.35, 319.48, 326.82, 334.36, 342.12, 350.10, 358.33, 366.81, 375.56, 384.59, 393.93, 403.64, 413.72, 424.20, 435.07, 446.33, 457.96, 469.93, 482.15, 494.52, 506.93, 518.95, 530.73, 542.52, 554.12, 565.38, 576.63, 587.86, 598.93, 609.72, 620.47, 631.20, 641.90, 652.49, 662.81, 673.10, 683.52, 693.92, 704.29, 714.82, 725.34, 736.04, 747.00, 757.97, 768.97, 780.18, 791.42, 802.69, 814.15, 825.41, 836.45, 847.29, 858.01, 868.59, 879.13, 889.65, 900.22, 910.88, 921.78, 932.94, 944.39, 956.22, 968.58, 981.47, 994.85,1009.10,1024.15,1040.26,99999.00,99999.00,99999.00,99999.00,99999.00,99999.00,99999.00,99999.00,99999.00,99999.00,99999.00,99999.00,99999.00,99999.00,99999.00,99999.00,99999.00,99999.00,99999.00,99999.00,99999.00,99999.00,99999.00,99999.00,99999.00,99999.00,99999.00,99999.00,99999.00,99999.00,99999.00,99999.00,99999.00,99999.00,99999.00,99999.00,99999.00,99999.00,99999.00
99999.00,99999.00,99999.00,99999.00,99999.00,99999.00,99999.00,99999.00,99999.00,99999.00,99999.00,99999.00,99999.00,99999.00,99999.00,99999.00,99999.00,99999.00,99999.00,99999.00,99999.00,99999.00,99999.00,99999.00,99999.00,99999.00,99999.00,99999.00,99999.00,99999.00,99999.00,99999.00,99999.00,99999.00,99999.00,99999.00,99999.00,99999.00,99999.00,99999.00,99999.00,99999.00,99999.00,99999.00,99999.00,99999.00,99999.00,99999.00,99999.00,99999.00,   0.00,  15.45,  29.73,  43.06,  55.58,  67.41,  78.63,  89.32,  99.53, 109.31, 118.69, 127.70, 136.39, 144.77, 152.85, 160.68, 168.25, 175.58, 182.59, 189.36, 195.93, 202.49, 208.86, 215.04, 221.12, 227.10, 233.07, 239.02, 244.91, 250.78, 256.72, 262.71, 268.75, 274.85, 281.02, 287.31, 293.77, 300.35, 307.08, 313.98, 321.06, 328.32, 335.79, 343.45, 351.33, 359.44, 367.77, 376.36, 385.23, 394.42, 403.94, 413.79, 423.98, 434.50, 445.34, 456.47, 467.87, 479.45, 491.16, 502.90, 514.66, 526.26, 537.53, 548.81, 560.08, 571.20, 582.04, 592.86, 603.66, 614.44, 625.11, 635.52, 645.91, 656.26, 666.57, 676.86, 687.29, 697.69, 708.17, 718.90, 729.64, 740.40, 751.38, 762.37, 773.38, 784.62, 795.87, 807.12, 818.33, 829.47, 840.49, 851.43, 862.28, 873.10, 883.90, 894.77, 905.75, 916.89, 928.27, 940.00, 952.06, 964.37, 977.29, 990.85,1005.03,1020.03,1036.10,99999.00,99999.00,99999.00,99999.00,99999.00,99999.00,99999.00,99999.00,99999.00,99999.00,99999.00,99999.00,99999.00,99999.00,99999.00,99999.00,99999.00,99999.00,99999.00,99999.00,99999.00,99999.00,99999.00,99999.00,99999.00,99999.00,99999.00,99999.00,99999.00,99999.00,99999.00,99999.00,99999.00,99999.00,99999.00,99999.00,99999.00,99999.00,99999.00
99999.00,99999.00,99999.00,99999.00,99999.00,99999.00,99999.00,99999.00,99999.00,99999.00,99999.00,99999.00,99999.00,99999.00,99999.00,99999.00,99999.00,99999.00,99999.00,99999.00,99999.00,99999.00,99999.00,99999.00,99999.00,99999.00,99999.00,99999.00,99999.00,99999.00,99999.00,99999.00,99999.00,99999.00,99999.00,99999.00,99999.00,99999.00,99999.00,99999.00,99999.00,99999.00,99999.00,99999.00,99999.00,99999.00,99999.00,99999.00,99999.00,99999.00,   0.00,  15.55,  29.94,  43.37,  55.99,  67.93,  79.25,  90.05, 100.36, 110.24, 119.72, 128.84, 137.63, 146.11, 154.30, 162.22, 169.90, 177.31, 184.38, 191.25, 197.99, 204.52, 210.85, 217.17, 223.30, 229.26, 235.20, 241.12, 247.03, 252.92, 258.79, 264.76, 270.81, 276.92, 283.08, 289.32, 295.62, 302.14, 308.86, 315.72, 322.74, 329.94, 337.33, 344.91, 352.68, 360.66, 368.87, 377.35, 386.11, 395.15, 404.49, 414.13, 424.06, 434.28, 444.76, 455.48, 466.42, 477.51, 488.69, 499.91, 511.16, 522.43, 533.71, 544.85, 555.73, 566.59, 577.45, 588.29, 599.02, 609.51, 619.97, 630.40, 640.80, 651.18, 661.52, 671.83, 682.14, 692.66, 703.18, 713.72, 724.46, 735.22, 746.00, 756.99, 768.00, 779.01, 790.14, 801.36, 812.57, 823.76, 834.88, 845.96, 856.99, 868.00, 879.06, 890.18, 901.41, 912.78, 924.34, 936.00, 948.06, 960.53, 973.50, 986.98,1001.10,1016.03,1032.05,99999.00,99999.00,99999.00,99999.00,99999.00,99999.00,99999.00,99999.00,99999.00,99999.00,99999.00,99999.00,99999.00,99999.00,99999.00,99999.00,99999.00,99999.00,99999.00,99999.00,99999.00,99999.00,99999.00,99999.00,99999.00,99999.00,99999.00,99999.00,99999.00,99999.00,99999.00,99999.00,99999.00,99999.00,99999.00,99999.00,99999.00,99999.00,99999.00
99999.00,99999.00,99999.00,99999.00,99999.00,99999.00,99999.00,99999.00,99999.00,99999.00,99999.00,99999.00,99999.00,99999.00,99999.00,99999.00,99999.00,99999.00,99999.00,99999.00,99999.00,99999.00,99999.00,99999.00,99999.00,99999.00,99999.00,99999.00,99999.00,99999.00,99999.00,99999.00,99999.00,99999.00,99999.00,99999.00,99999.00,99999.00,99999.00,99999.00,99999.00,99999.00,99999.00,99999.00,99999.00,99999.00,99999.00,99999.00,99999.00,99999.00,   0.00,  15.66,  30.16,  43.70,  56.43,  68.47,  79.91,  90.81, 101.23, 111.22, 120.82, 130.05, 138.94, 147.53, 155.83, 163.87, 171.65, 179.10, 186.28, 193.41, 200.22, 206.84, 213.35, 219.63, 225.73, 231.81, 237.80, 243.70, 249.57, 255.43, 261.26, 267.24, 273.20, 279.28, 285.43, 291.66, 297.95, 304.31, 310.79, 317.57, 324.57, 331.72, 339.03, 346.52, 354.19, 362.08, 370.21, 378.60, 387.26, 396.17, 405.36, 414.81, 424.52, 434.47, 444.66, 455.05, 465.61, 476.30, 487.08, 497.90, 508.75, 519.61, 530.49, 541.38, 552.27, 563.15, 573.93, 584.47, 595.00, 605.49, 615.97, 626.42, 636.84, 647.24, 657.60, 667.92, 678.25, 688.57, 699.10, 709.63, 720.18, 730.94, 741.71, 752.49, 763.37, 774.36, 785.45, 796.63, 807.83, 819.04, 830.23, 841.39, 852.57, 863.76, 874.99, 886.29, 897.68, 909.05, 920.60, 932.38, 944.46, 956.95, 969.84, 983.25, 997.29,1012.17,1028.12,99999.00,99999.00,99999.00,99999.00,99999.00,99999.00,99999.00,99999.00,99999.00,99999.00,99999.00,99999.00,99999.00,99999.00,99999.00,99999.00,99999.00,99999.00,99999.00,99999.00,99999.00,99999.00,99999.00,99999.00,99999.00,99999.00,99999.00,99999.00,99999.00,99999.00,99999.00,99999.00,99999.00,99999.00,99999.00,99999.00,99999.00,99999.00,99999.00
99999.00,99999.00,99999.00,99999.00,99999.00,99999.00,99999.00,99999.00,99999.00,99999.00,99999.00,99999.00,99999.00,99999.00,99999.00,99999.00,99999.00,99999.00,99999.00,99999.00,99999.00,99999.00,99999.00,99999.00,99999.00,99999.00,99999.00,99999.00,99999.00,99999.00,99999.00,99999.00,99999.00,99999.00,99999.00,99999.00,99999.00,99999.00,99999.00,99999.00,99999.00,99999.00,99999.00,99999.00,99999.00,99999.00,99999.00,99999.00,99999.00,99999.00,   0.00,  15.78,  30.39,  44.05,  56.90,  69.06,  80.61,  91.63, 102.17, 112.27, 121.98, 131.33, 140.34, 149.05, 157.47, 165.62, 173.50, 181.01, 188.49, 195.66, 202.58, 209.47, 216.04, 222.42, 228.68, 234.73, 240.67, 246.69, 252.61, 258.43, 264.22, 270.08, 276.00, 282.07, 288.12, 294.30, 300.56, 306.91, 313.32, 319.82, 326.54, 333.60, 340.89, 348.33, 355.94, 363.77, 371.85, 380.16, 388.72, 397.52, 406.57, 415.86, 425.38, 435.12, 445.06, 455.18, 465.45, 475.83, 486.30, 496.80, 507.33, 517.89, 528.47, 539.05, 549.64, 560.21, 570.78, 581.33, 591.86, 602.37, 612.86, 623.33, 633.72, 644.05, 654.37, 664.70, 675.02, 685.35, 695.68, 706.21, 716.75, 727.31, 737.96, 748.71, 759.56, 770.51, 781.56, 792.71, 803.90, 815.12, 826.36, 837.62, 848.90, 860.20, 871.54, 882.78, 894.11, 905.58, 917.21, 929.07, 941.20, 953.61, 966.41, 979.73, 993.70,1008.50,1024.40,99999.00,99999.00,99999.00,99999.00,99999.00,99999.00,99999.00,99999.00,99999.00,99999.00,99999.00,99999.00,99999.00,99999.00,99999.00,99999.00,99999.00,99999.00,99999.00,99999.00,99999.00,99999.00,99999.00,99999.00,99999.00,99999.00,99999.00,99999.00,99999.00,99999.00,99999.00,99999.00,99999.00,99999.00,99999.00,99999.00,99999.00,99999.00,99999.00
99999.00,99999.00,99999.00,99999.00,99999.00,99999.00,99999.00,99999.00,99999.00,99999.00,99999.00,99999.00,99999.00,99999.00,99999.00,99999.00,99999.00,99999.00,99999.00,99999.00,99999.00,99999.00,99999.00,99999.00,99999.00,99999.00,99999.00,99999.00,99999.00,99999.00,99999.00,99999.00,99999.00,99999.00,99999.00,99999.00,99999.00,99999.00,99999.00,99999.00,99999.00,99999.00,99999.00,99999.00,99999.00,99999.00,99999.00,99999.00,99999.00,99999.00,   0.00,  15.90,  30.64,  44.42,  57.39,  69.68,  81.36,  92.50, 103.16, 113.39, 123.22, 132.69, 141.83, 150.66, 159.20, 167.48, 175.41, 183.24, 190.83, 198.05, 205.28, 212.21, 218.88, 225.52, 231.85, 237.98, 244.09, 250.07, 255.93, 261.87, 267.69, 273.44, 279.30, 285.24, 291.23, 297.38, 303.53, 309.80, 316.17, 322.63, 329.17, 335.89, 342.88, 350.28, 357.94, 365.79, 373.85, 382.12, 390.60, 399.30, 408.24, 417.39, 426.76, 436.32, 446.06, 455.97, 466.01, 476.15, 486.37, 496.64, 506.94, 517.26, 527.61, 537.96, 548.32, 558.67, 569.01, 579.34, 589.66, 599.99, 610.32, 620.64, 630.97, 641.29, 651.62, 661.95, 672.27, 682.60, 692.92, 703.25, 713.67, 724.20, 734.82, 745.55, 756.37, 767.29, 778.32, 789.44, 800.63, 811.88, 823.17, 834.48, 845.80, 856.99, 868.23, 879.52, 890.91, 902.41, 914.07, 925.93, 938.01, 950.37, 963.10, 976.33, 990.23,1004.96,1020.79,99999.00,99999.00,99999.00,99999.00,99999.00,99999.00,99999.00,99999.00,99999.00,99999.00,99999.00,99999.00,99999.00,99999.00,99999.00,99999.00,99999.00,99999.00,99999.00,99999.00,99999.00,99999.00,99999.00,99999.00,99999.00,99999.00,99999.00,99999.00,99999.00,99999.00,99999.00,99999.00,99999.00,99999.00,99999.00,99999.00,99999.00,99999.00,99999.00
99999.00,99999.00,99999.00,99999.00,99999.00,99999.00,99999.00,99999.00,99999.00,99999.00,99999.00,99999.00,99999.00,99999.00,99999.00,99999.00,99999.00,99999.00,99999.00,99999.00,99999.00,99999.00,99999.00,99999.00,99999.00,99999.00,99999.00,99999.00,99999.00,99999.00,99999.00,99999.00,99999.00,99999.00,99999.00,99999.00,99999.00,99999.00,99999.00,99999.00,99999.00,99999.00,99999.00,99999.00,99999.00,99999.00,99999.00,99999.00,99999.00,99999.00,   0.00,  16.04,  30.90,  44.82,  57.92,  70.34,  82.15,  93.43, 104.22, 114.58, 124.55, 134.15, 143.42, 152.39, 161.06, 169.46, 177.66, 185.62, 193.25, 200.80, 208.13, 215.11, 222.09, 228.77, 235.20, 241.59, 247.75, 253.81, 259.83, 265.71, 271.47, 277.29, 283.13, 288.94, 294.85, 300.86, 306.92, 313.15, 319.38, 325.75, 332.22, 338.80, 345.57, 352.70, 360.12, 367.94, 376.04, 384.33, 392.83, 401.53, 410.42, 419.52, 428.81, 438.27, 447.90, 457.69, 467.59, 477.60, 487.68, 497.81, 507.98, 518.18, 528.40, 538.64, 548.89, 559.13, 569.38, 579.63, 589.87, 600.12, 610.37, 620.62, 630.86, 641.11, 651.36, 661.60, 671.85, 682.10, 692.35, 702.59, 712.84, 723.19, 733.64, 744.18, 754.82, 765.56, 776.39, 787.32, 798.32, 809.38, 820.49, 831.63, 842.80, 854.01, 865.26, 876.56, 887.94, 899.42, 911.04, 922.83, 934.86, 947.18, 959.87, 973.03, 986.85,1001.51,1017.28,99999.00,99999.00,99999.00,99999.00,99999.00,99999.00,99999.00,99999.00,99999.00,99999.00,99999.00,99999.00,99999.00,99999.00,99999.00,99999.00,99999.00,99999.00,99999.00,99999.00,99999.00,99999.00,99999.00,99999.00,99999.00,99999.00,99999.00,99999.00,99999.00,99999.00,99999.00,99999.00,99999.00,99999.00,99999.00,99999.00,99999.00,99999.00,99999.00
99999.00,99999.00,99999.00,99999.00,99999.00,99999.00,99999.00,99999.00,99999.00,99999.00,99999.00,99999.00,99999.00,99999.00,99999.00,99999.00,99999.00,99999.00,99999.00,99999.00,99999.00,99999.00,99999.00,99999.00,99999.00,99999.00,99999.00,99999.00,99999.00,99999.00,99999.00,99999.00,99999.00,99999.00,99999.00,99999.00,99999.00,99999.00,99999.00,99999.00,99999.00,99999.00,99999.00,99999.00,99999.00,99999.00,99999.00,99999.00,99999.00,99999.00,   0.00,  16.18,  31.19,  45.24,  58.49,  71.05,  83.01,  94.42, 105.36, 115.86, 125.97, 135.72, 145.13, 154.24, 163.06, 171.71, 180.07, 188.15, 196.05, 203.73, 211.10, 218.41, 225.49, 232.22, 238.95, 245.37, 251.62, 257.93, 263.99, 269.94, 275.84, 281.52, 287.28, 293.14, 298.99, 304.87, 310.84, 316.90, 323.03, 329.33, 335.64, 342.12, 348.84, 355.75, 362.94, 370.49, 378.32, 386.58, 395.10, 403.82, 412.72, 421.82, 431.09, 440.53, 450.13, 459.87, 469.73, 479.70, 489.73, 499.82, 509.95, 520.12, 530.31, 540.53, 550.75, 560.97, 571.19, 581.42, 591.64, 601.86, 612.08, 622.31, 632.53, 642.75, 652.97, 663.20, 673.42, 683.64, 693.86, 704.09, 714.31, 724.53, 734.85, 745.26, 755.77, 766.37, 777.06, 787.84, 798.69, 809.60, 820.57, 831.57, 842.62, 853.71, 864.85, 876.06, 887.36, 898.77, 910.32, 922.06, 934.03, 946.31, 958.96, 972.09, 985.84,1000.43,1016.13,99999.00,99999.00,99999.00,99999.00,99999.00,99999.00,99999.00,99999.00,99999.00,99999.00,99999.00,99999.00,99999.00,99999.00,99999.00,99999.00,99999.00,99999.00,99999.00,99999.00,99999.00,99999.00,99999.00,99999.00,99999.00,99999.00,99999.00,99999.00,99999.00,99999.00,99999.00,99999.00,99999.00,99999.00,99999.00,99999.00,99999.00,99999.00,99999.00
99999.00,99999.00,99999.00,99999.00,99999.00,99999.00,99999.00,99999.00,99999.00,99999.00,99999.00,99999.00,99999.00,99999.00,99999.00,99999.00,99999.00,99999.00,99999.00,99999.00,99999.00,99999.00,99999.00,99999.00,99999.00,99999.00,99999.00,99999.00,99999.00,99999.00,99999.00,99999.00,99999.00,99999.00,99999.00,99999.00,99999.00,99999.00,99999.00,99999.00,99999.00,99999.00,99999.00,99999.00,99999.00,99999.00,99999.00,99999.00,99999.00,99999.00,   0.00,  16.33,  31.49,  45.70,  59.11,  71.82,  83.92,  95.50, 106.59, 117.24, 127.50, 137.40, 146.97, 156.23, 165.31, 174.17, 182.64, 190.98, 199.04, 206.84, 214.48, 221.92, 229.04, 236.09, 242.91, 249.38, 255.93, 262.25, 268.40, 274.53, 280.39, 286.20, 291.80, 297.54, 303.42, 309.28, 315.18, 321.17, 327.22, 333.33, 339.52, 346.02, 352.56, 359.28, 366.35, 373.67, 381.27, 389.22, 397.48, 406.14, 415.08, 424.19, 433.47, 442.92, 452.52, 462.26, 472.12, 482.08, 492.11, 502.21, 512.35, 522.54, 532.75, 542.99, 553.23, 563.44, 573.66, 583.89, 594.11, 604.33, 614.55, 624.78, 635.00, 645.22, 655.44, 665.67, 675.89, 686.11, 696.33, 706.56, 716.78, 727.00, 737.20, 747.52, 757.94, 768.44, 779.03, 789.70, 800.44, 811.25, 822.10, 833.00, 843.94, 854.94, 865.99, 877.12, 888.35, 899.69, 911.18, 922.87, 934.79, 947.03, 959.65, 972.74, 986.46,1000.97,1016.61,99999.00,99999.00,99999.00,99999.00,99999.00,99999.00,99999.00,99999.00,99999.00,99999.00,99999.00,99999.00,99999.00,99999.00,99999.00,99999.00,99999.00,99999.00,99999.00,99999.00,99999.00,99999.00,99999.00,99999.00,99999.00,99999.00,99999.00,99999.00,99999.00,99999.00,99999.00,99999.00,99999.00,99999.00,99999.00,99999.00,99999.00,99999.00,99999.00
99999.00,99999.00,99999.00,99999.00,99999.00,99999.00,99999.00,99999.00,99999.00,99999.00,99999.00,99999.00,99999.00,99999.00,99999.00,99999.00,99999.00,99999.00,99999.00,99999.00,99999.00,99999.00,99999.00,99999.00,99999.00,99999.00,99999.00,99999.00,99999.00,99999.00,99999.00,99999.00,99999.00,99999.00,99999.00,99999.00,99999.00,99999.00,99999.00,99999.00,99999.00,99999.00,99999.00,99999.00,99999.00,99999.00,99999.00,99999.00,99999.00,99999.00,   0.00,  16.50,  31.82,  46.20,  59.77,  72.65,  84.92,  96.65, 107.91, 118.73, 129.16, 139.22, 148.96, 158.49, 167.85, 176.78, 185.52, 194.06, 202.24, 210.29, 218.10, 225.65, 233.04, 240.21, 247.07, 253.85, 260.48, 266.83, 273.21, 279.27, 285.31, 291.08, 296.80, 302.31, 308.05, 313.93, 319.79, 325.71, 331.71, 337.78, 343.97, 350.28, 356.75, 363.47, 370.26, 377.35, 384.82, 392.54, 400.54, 408.91, 417.55, 426.61, 435.92, 445.39, 455.01, 464.77, 474.64, 484.61, 494.66, 504.76, 514.92, 525.12, 535.35, 545.58, 555.83, 566.07, 576.30, 586.52, 596.74, 606.96, 617.19, 627.41, 637.63, 647.85, 658.08, 668.30, 678.52, 688.74, 698.97, 709.19, 719.41, 729.63, 739.83, 749.99, 760.36, 770.80, 781.33, 791.93, 802.59, 813.32, 824.09, 834.90, 845.77, 856.69, 867.67, 878.73, 889.89, 901.18, 912.62, 924.25, 936.14, 948.33, 960.91, 973.98, 987.66,1002.15,1017.71,99999.00,99999.00,99999.00,99999.00,99999.00,99999.00,99999.00,99999.00,99999.00,99999.00,99999.00,99999.00,99999.00,99999.00,99999.00,99999.00,99999.00,99999.00,99999.00,99999.00,99999.00,99999.00,99999.00,99999.00,99999.00,99999.00,99999.00,99999.00,99999.00,99999.00,99999.00,99999.00,99999.00,99999.00,99999.00,99999.00,99999.00,99999.00,99999.00
99999.00,99999.00,99999.00,99999.00,99999.00,99999.00,99999.00,99999.00,99999.00,99999.00,99999.00,99999.00,99999.00,99999.00,99999.00,99999.00,99999.00,99999.00,99999.00,99999.00,99999.00,99999.00,99999.00,99999.00,99999.00,99999.00,99999.00,99999.00,99999.00,99999.00,99999.00,99999.00,99999.00,99999.00,99999.00,99999.00,99999.00,99999.00,99999.00,99999.00,99999.00,99999.00,99999.00,99999.00,99999.00,99999.00,99999.00,99999.00,99999.00,99999.00,   0.00,  16.68,  32.18,  46.74,  60.49,  73.54,  85.99,  97.91, 109.34, 120.35, 130.95, 141.20, 151.23, 161.06, 170.55, 179.71, 188.73, 197.34, 205.78, 214.05, 221.96, 229.77, 237.32, 244.61, 251.72, 258.61, 265.26, 271.90, 278.17, 284.46, 290.42, 296.35, 302.01, 307.61, 313.06, 318.80, 324.67, 330.52, 336.44, 342.46, 348.64, 354.94, 361.38, 367.99, 374.74, 381.72, 388.90, 396.38, 404.26, 412.37, 420.77, 429.51, 438.53, 447.95, 457.60, 467.38, 477.28, 487.28, 497.36, 507.50, 517.69, 527.91, 538.17, 548.43, 558.69, 568.93, 579.17, 589.41, 599.65, 609.86, 620.09, 630.31, 640.53, 650.75, 660.98, 671.20, 681.42, 691.64, 701.87, 712.09, 722.31, 732.53, 742.72, 752.88, 762.98, 773.31, 783.80, 794.36, 804.99, 815.66, 826.37, 837.13, 847.94, 858.80, 869.73, 880.73, 891.84, 903.07, 914.46, 926.06, 937.90, 950.06, 962.60, 975.64, 989.29,1003.75,1019.26,99999.00,99999.00,99999.00,99999.00,99999.00,99999.00,99999.00,99999.00,99999.00,99999.00,99999.00,99999.00,99999.00,99999.00,99999.00,99999.00,99999.00,99999.00,99999.00,99999.00,99999.00,99999.00,99999.00,99999.00,99999.00,99999.00,99999.00,99999.00,99999.00,99999.00,99999.00,99999.00,99999.00,99999.00,99999.00,99999.00,99999.00,99999.00,99999.00
99999.00,99999.00,99999.00,99999.00,99999.00,99999.00,99999.00,99999.00,99999.00,99999.00,99999.00,99999.00,99999.00,99999.00,99999.00,99999.00,99999.00,99999.00,99999.00,99999.00,99999.00,99999.00,99999.00,99999.00,99999.00,99999.00,99999.00,99999.00,99999.00,99999.00,99999.00,99999.00,99999.00,99999.00,99999.00,99999.00,99999.00,99999.00,99999.00,99999.00,99999.00,99999.00,99999.00,99999.00,99999.00,99999.00,99999.00,99999.00,99999.00,99999.00,   0.00,  16.87,  32.57,  47.32,  61.27,  74.52,  87.17,  99.28, 110.91, 122.11, 132.91, 143.47, 153.83, 163.91, 173.54, 183.00, 192.14, 200.99, 209.71, 218.05, 226.22, 234.24, 241.90, 249.44, 256.70, 263.69, 270.54, 277.10, 283.64, 289.81, 295.98, 301.82, 307.63, 313.17, 318.64, 324.05, 329.76, 335.61, 341.45, 347.43, 353.56, 359.84, 366.27, 372.83, 379.57, 386.46, 393.57, 400.94, 408.51, 416.40, 424.66, 433.16, 441.93, 451.04, 460.41, 470.15, 480.09, 490.14, 500.28, 510.47, 520.71, 530.99, 541.29, 551.59, 561.88, 572.15, 582.40, 592.65, 602.89, 613.13, 623.37, 633.58, 643.80, 654.02, 664.25, 674.47, 684.69, 694.91, 705.14, 715.36, 725.58, 735.80, 745.98, 756.13, 766.21, 776.23, 786.46, 796.91, 807.52, 818.16, 828.85, 839.57, 850.34, 861.16, 872.04, 883.00, 894.06, 905.25, 916.60, 928.16, 939.96, 952.08, 964.60, 977.60, 991.23,1005.65,1021.14,99999.00,99999.00,99999.00,99999.00,99999.00,99999.00,99999.00,99999.00,99999.00,99999.00,99999.00,99999.00,99999.00,99999.00,99999.00,99999.00,99999.00,99999.00,99999.00,99999.00,99999.00,99999.00,99999.00,99999.00,99999.00,99999.00,99999.00,99999.00,99999.00,99999.00,99999.00,99999.00,99999.00,99999.00,99999.00,99999.00,99999.00,99999.00,99999.00
99999.00,99999.00,99999.00,99999.00,99999.00,99999.00,99999.00,99999.00,99999.00,99999.00,99999.00,99999.00,99999.00,99999.00,99999.00,99999.00,99999.00,99999.00,99999.00,99999.00,99999.00,99999.00,99999.00,99999.00,99999.00,99999.00,99999.00,99999.00,99999.00,99999.00,99999.00,99999.00,99999.00,99999.00,99999.00,99999.00,99999.00,99999.00,99999.00,99999.00,99999.00,99999.00,99999.00,99999.00,99999.00,99999.00,99999.00,99999.00,99999.00,99999.00,  18.53,  24.13,  35.56,  50.30,  64.22,  77.42,  90.01, 102.07, 113.65, 124.79, 135.83, 146.50, 156.83, 166.96, 176.91, 186.62, 195.91, 205.06, 213.90, 222.47, 230.93, 239.02, 246.93, 254.67, 262.03, 269.23, 276.07, 282.82, 289.27, 295.69, 301.72, 307.76, 313.46, 319.14, 324.54, 329.89, 335.26, 340.94, 346.78, 352.70, 358.77, 365.00, 371.39, 377.93, 384.63, 391.49, 398.53, 405.87, 413.41, 421.17, 429.14, 437.41, 446.06, 454.94, 464.07, 473.52, 483.21, 493.24, 503.44, 513.71, 524.04, 534.40, 544.77, 555.14, 565.48, 575.79, 586.08, 596.35, 606.60, 616.84, 627.09, 637.33, 647.56, 657.78, 668.00, 678.22, 688.45, 698.67, 708.89, 719.11, 729.34, 739.55, 749.73, 759.86, 769.91, 779.89, 789.78, 799.89, 810.21, 820.73, 831.39, 842.10, 852.84, 863.63, 874.48, 885.41, 896.43, 907.59, 918.90, 930.42, 942.19, 954.28, 966.76, 979.73, 993.33,1007.73,1023.19,99999.00,99999.00,99999.00,99999.00,99999.00,99999.00,99999.00,99999.00,99999.00,99999.00,99999.00,99999.00,99999.00,99999.00,99999.00,99999.00,99999.00,99999.00,99999.00,99999.00,99999.00,99999.00,99999.00,99999.00,99999.00,99999.00,99999.00,99999.00,99999.00,99999.00,99999.00,99999.00,99999.00,99999.00,99999.00,99999.00,99999.00,99999.00,99999.00
99999.00,99999.00,99999.00,99999.00,99999.00,99999.00,99999.00,99999.00,99999.00,99999.00,99999.00,99999.00,99999.00,99999.00,99999.00,99999.00,99999.00,99999.00,99999.00,99999.00,99999.00,99999.00,99999.00,99999.00,99999.00,99999.00,99999.00,99999.00,99999.00,99999.00,99999.00,99999.00,99999.00,99999.00,99999.00,99999.00,99999.00,99999.00,99999.00,99999.00,99999.00,99999.00,99999.00,99999.00,99999.00,99999.00,99999.00,99999.00,99999.00,99999.00,  37.00,  38.27,  46.78,  56.91,  67.58,  80.82,  93.41, 105.43, 116.97, 128.38, 139.38, 150.00, 160.57, 170.81, 180.74, 190.50, 200.11, 209.51, 218.50, 227.37, 235.95, 244.28, 252.47, 260.26, 267.86, 275.05, 282.09, 288.81, 295.43, 301.74, 308.02, 313.90, 319.79, 325.34, 330.87, 336.12, 341.35, 346.67, 352.38, 358.30, 364.30, 370.46, 376.79, 383.29, 389.95, 396.77, 403.78, 410.98, 418.57, 426.35, 434.29, 442.46, 450.82, 459.49, 468.52, 477.76, 487.24, 497.02, 507.00, 517.29, 527.72, 538.19, 548.67, 559.14, 569.57, 579.94, 590.28, 600.59, 610.88, 621.15, 631.40, 641.64, 651.89, 662.13, 672.36, 682.58, 692.80, 703.02, 713.25, 723.47, 733.69, 743.91, 754.07, 764.18, 774.21, 784.14, 793.96, 803.69, 813.62, 823.76, 834.11, 844.67, 855.40, 866.17, 877.00, 887.90, 898.90, 910.02, 921.30, 932.79, 944.53, 956.58, 969.03, 981.98, 995.55,1009.92,1025.35,99999.00,99999.00,99999.00,99999.00,99999.00,99999.00,99999.00,99999.00,99999.00,99999.00,99999.00,99999.00,99999.00,99999.00,99999.00,99999.00,99999.00,99999.00,99999.00,99999.00,99999.00,99999.00,99999.00,99999.00,99999.00,99999.00,99999.00,99999.00,99999.00,99999.00,99999.00,99999.00,99999.00,99999.00,99999.00,99999.00,99999.00,99999.00,99999.00
99999.00,99999.00,99999.00,99999.00,99999.00,99999.00,99999.00,99999.00,99999.00,99999.00,99999.00,99999.00,99999.00,99999.00,99999.00,99999.00,99999.00,99999.00,99999.00,99999.00,99999.00,99999.00,99999.00,99999.00,99999.00,99999.00,99999.00,99999.00,99999.00,99999.00,99999.00,99999.00,99999.00,99999.00,99999.00,99999.00,99999.00,99999.00,99999.00,99999.00,99999.00,99999.00,99999.00,99999.00,99999.00,99999.00,99999.00,99999.00,99999.00,  62.44,  55.23,  55.31,  60.02,  68.27,  77.37,  87.12,  97.20, 109.29, 121.17, 132.57, 143.55, 154.45, 164.98, 175.18, 185.36, 195.23, 204.82, 214.27, 223.59, 232.72, 241.45, 250.08, 258.39, 266.40, 274.05, 281.42, 288.44, 295.34, 301.91, 308.37, 314.52, 320.63, 326.34, 332.06, 337.45, 342.81, 347.91, 353.04, 358.41, 364.18, 370.17, 376.25, 382.51, 388.94, 395.55, 402.33, 409.29, 416.43, 423.86, 431.71, 439.75, 447.95, 456.30, 464.88, 473.65, 482.72, 492.13, 501.74, 511.56, 521.64, 531.90, 542.43, 553.05, 563.64, 574.19, 584.67, 595.10, 605.47, 615.81, 626.12, 636.41, 646.68, 656.93, 667.17, 677.42, 687.66, 697.89, 708.11, 718.33, 728.55, 738.78, 748.99, 759.14, 769.23, 779.21, 789.08, 798.83, 808.46, 817.95, 827.66, 837.59, 847.75, 858.13, 868.75, 879.57, 890.45, 901.43, 912.53, 923.78, 935.24, 946.95, 958.97, 971.39, 984.31, 997.84,1012.19,1027.59,99999.00,99999.00,99999.00,99999.00,99999.00,99999.00,99999.00,99999.00,99999.00,99999.00,99999.00,99999.00,99999.00,99999.00,99999.00,99999.00,99999.00,99999.00,99999.00,99999.00,99999.00,99999.00,99999.00,99999.00,99999.00,99999.00,99999.00,99999.00,99999.00,99999.00,99999.00,99999.00,99999.00,99999.00,99999.00,99999.00,99999.00,99999.00,99999.00
99999.00,99999.00,99999.00,99999.00,99999.00,99999.00,99999.00,99999.00,99999.00,99999.00,99999.00,99999.00,99999.00,99999.00,99999.00,99999.00,99999.00,99999.00,99999.00,99999.00,99999.00,99999.00,99999.00,99999.00,99999.00,99999.00,99999.00,99999.00,99999.00,99999.00,99999.00,99999.00,99999.00,99999.00,99999.00,99999.00,99999.00,99999.00,99999.00,99999.00,99999.00,99999.00,99999.00,99999.00,99999.00,99999.00,99999.00,99999.00,  91.06,  79.57,  73.15,  72.24,  74.14,  80.93,  88.90,  97.13, 106.12, 115.72, 125.82, 137.31, 148.65, 159.56, 170.08, 180.57, 190.72, 200.56, 210.41, 219.98, 229.28, 238.46, 247.53, 256.41, 264.86, 272.99, 280.78, 288.18, 295.37, 302.23, 308.95, 315.34, 321.62, 327.57, 333.49, 339.03, 344.56, 349.77, 354.96, 359.96, 365.08, 370.50, 376.33, 382.39, 388.56, 394.91, 401.45, 408.18, 415.09, 422.19, 429.51, 437.20, 445.31, 453.63, 462.10, 470.74, 479.57, 488.58, 497.78, 507.26, 517.07, 527.04, 537.19, 547.56, 558.05, 568.74, 579.45, 590.06, 600.60, 611.08, 621.51, 631.88, 642.22, 652.53, 662.82, 673.09, 683.34, 693.59, 703.83, 714.07, 724.31, 734.52, 744.74, 754.95, 765.09, 775.14, 785.06, 794.86, 804.51, 814.02, 823.37, 832.59, 842.03, 851.72, 861.65, 871.84, 882.30, 893.06, 904.02, 915.10, 926.33, 937.76, 949.44, 961.43, 973.82, 986.71,1000.22,1014.53,1029.90,99999.00,99999.00,99999.00,99999.00,99999.00,99999.00,99999.00,99999.00,99999.00,99999.00,99999.00,99999.00,99999.00,99999.00,99999.00,99999.00,99999.00,99999.00,99999.00,99999.00,99999.00,99999.00,99999.00,99999.00,99999.00,99999.00,99999.00,99999.00,99999.00,99999.00,99999.00,99999.00,99999.00,99999.00,99999.00,99999.00,99999.00,99999.00,99999.00
99999.00,99999.00,99999.00,99999.00,99999.00,99999.00,99999.00,99999.00,99999.00,99999.00,99999.00,99999.00,99999.00,99999.00,99999.00,99999.00,99999.00,99999.00,99999.00,99999.00,99999.00,99999.00,99999.00,99999.00,99999.00,99999.00,99999.00,99999.00,99999.00,99999.00,99999.00,99999.00,99999.00,99999.00,99999.00,99999.00,99999.00,99999.00,99999.00, 299.58, 274.08, 249.69, 226.18, 203.35, 181.07, 159.27, 137.89, 119.73, 105.89,  96.65,  90.78,  89.04,  90.18,  94.33, 101.18, 108.91, 116.66, 125.20, 134.41, 144.15, 154.28, 165.30, 176.21, 186.71, 196.86, 207.01, 216.83, 226.38, 235.94, 245.25, 254.29, 263.20, 271.89, 280.13, 288.01, 295.53, 302.74, 309.74, 316.39, 322.91, 329.08, 335.14, 340.89, 346.60, 351.93, 357.28, 362.30, 367.42, 372.36, 377.47, 382.94, 388.84, 394.97, 401.23, 407.69, 414.34, 421.20, 428.25, 435.50, 443.07, 451.04, 459.44, 468.05, 476.82, 485.76, 494.89, 504.21, 513.71, 523.43, 533.34, 543.56, 553.89, 564.33, 574.91, 585.50, 596.21, 606.91, 617.52, 628.07, 638.54, 648.97, 659.35, 669.69, 680.00, 690.29, 700.55, 710.81, 721.05, 731.29, 741.53, 751.77, 761.97, 772.09, 782.09, 791.94, 801.63, 811.15, 820.51, 829.69, 838.73, 847.60, 856.75, 866.15, 875.85, 885.83, 896.14, 906.78, 917.79, 929.00, 940.40, 952.05, 964.02, 976.38, 989.23,1002.71,1016.99,1032.34,99999.00,99999.00,99999.00,99999.00,99999.00,99999.00,99999.00,99999.00,99999.00,99999.00,99999.00,99999.00,99999.00,99999.00,99999.00,99999.00,99999.00,99999.00,99999.00,99999.00,99999.00,99999.00,99999.00,99999.00,99999.00,99999.00,99999.00,99999.00,99999.00,99999.00,99999.00,99999.00,99999.00,99999.00,99999.00,99999.00,99999.00,99999.00,99999.00
99999.00,99999.00,99999.00,99999.00,99999.00,99999.00,99999.00,99999.00,99999.00,99999.00,99999.00,99999.00,99999.00,99999.00,99999.00,99999.00,99999.00,99999.00,99999.00,99999.00,99999.00,99999.00,99999.00,99999.00,99999.00,99999.00,99999.00,99999.00,99999.00,99999.00,99999.00,99999.00,99999.00,99999.00,99999.00,99999.00,99999.00,99999.00,99999.00, 298.29, 273.85, 250.51, 227.97, 206.06, 184.68, 165.60, 148.16, 133.53, 121.78, 113.75, 108.21, 105.76, 106.24, 108.67, 114.17, 121.38, 128.92, 136.36, 144.53, 153.40, 162.84, 172.69, 182.96, 193.60, 204.15, 214.32, 224.15, 233.91, 243.28, 252.68, 261.83, 270.72, 279.44, 287.89, 295.86, 303.44, 310.75, 317.73, 324.49, 330.90, 337.17, 343.11, 348.93, 354.45, 359.94, 365.06, 370.23, 375.18, 380.22, 385.13, 390.22, 395.74, 401.71, 407.93, 414.29, 420.85, 427.63, 434.64, 441.85, 449.30, 457.16, 465.43, 474.15, 483.07, 492.18, 501.45, 510.93, 520.60, 530.44, 540.49, 550.72, 561.22, 571.79, 582.40, 593.05, 603.64, 614.24, 624.95, 635.65, 646.25, 656.72, 667.15, 677.52, 687.87, 698.17, 708.46, 718.73, 728.98, 739.23, 749.47, 759.71, 769.94, 780.05, 789.99, 799.76, 809.32, 818.69, 827.88, 836.89, 845.73, 854.42, 862.96, 871.80, 880.92, 890.35, 900.13, 910.28, 920.82, 931.79, 943.17, 954.79, 966.73, 979.06, 991.88,1005.32,1019.58,1034.94,99999.00,99999.00,99999.00,99999.00,99999.00,99999.00,99999.00,99999.00,99999.00,99999.00,99999.00,99999.00,99999.00,99999.00,99999.00,99999.00,99999.00,99999.00,99999.00,99999.00,99999.00,99999.00,99999.00,99999.00,99999.00,99999.00,99999.00,99999.00,99999.00,99999.00,99999.00,99999.00,99999.00,99999.00,99999.00,99999.00,99999.00,99999.00,99999.00
99999.00,99999.00,99999.00,99999.00,99999.00,99999.00,99999.00,99999.00,99999.00,99999.00,99999.00,99999.00,99999.00,99999.00,99999.00,99999.00,99999.00,99999.00,99999.00,99999.00,99999.00,99999.00,99999.00,99999.00,99999.00,99999.00,99999.00,99999.00,99999.00,99999.00,99999.00,99999.00,99999.00,99999.00,99999.00,99999.00,99999.00,99999.00,99999.00, 300.63, 276.94, 254.26, 232.34, 212.15, 193.75, 176.44, 161.26, 148.63, 138.13, 130.91, 125.54, 122.48, 122.38, 124.25, 128.46, 134.64, 141.75, 148.91, 156.42, 164.29, 172.87, 182.03, 191.63, 201.67, 212.09, 222.43, 232.42, 242.07, 251.66, 260.87, 270.12, 279.12, 287.80, 296.26, 304.41, 312.06, 319.38, 326.42, 333.11, 339.59, 345.72, 351.72, 357.39, 362.96, 368.23, 373.36, 378.46, 383.35, 388.35, 393.21, 398.26, 403.34, 408.92, 414.96, 421.28, 427.75, 434.44, 441.36, 448.53, 455.91, 463.67, 471.85, 480.45, 489.51, 498.80, 508.28, 517.94, 527.82, 537.90, 548.15, 558.59, 569.19, 580.00, 590.80, 601.53, 612.19, 622.79, 633.39, 644.09, 654.80, 665.39, 675.87, 686.30, 696.67, 707.01, 717.32, 727.61, 737.88, 748.13, 758.37, 768.62, 778.84, 788.94, 798.83, 808.46, 817.86, 827.02, 835.99, 844.77, 853.38, 861.83, 870.15, 878.32, 887.12, 896.02, 905.20, 914.77, 924.78, 935.24, 946.21, 957.72, 969.62, 981.92, 994.71,1008.13,1022.41,1037.80,99999.00,99999.00,99999.00,99999.00,99999.00,99999.00,99999.00,99999.00,99999.00,99999.00,99999.00,99999.00,99999.00,99999.00,99999.00,99999.00,99999.00,99999.00,99999.00,99999.00,99999.00,99999.00,99999.00,99999.00,99999.00,99999.00,99999.00,99999.00,99999.00,99999.00,99999.00,99999.00,99999.00,99999.00,99999.00,99999.00,99999.00,99999.00,99999.00
99999.00,99999.00,99999.00,99999.00,99999.00,99999.00,99999.00,99999.00,99999.00,99999.00,99999.00,99999.00,99999.00,99999.00,99999.00,99999.00,99999.00,99999.00,99999.00,99999.00,99999.00,99999.00,99999.00,99999.00,99999.00,99999.00,99999.00,99999.00,99999.00,99999.00,99999.00,99999.00,99999.00,99999.00,99999.00,99999.00,99999.00,99999.00,99999.00, 305.28, 282.07, 260.27, 240.61, 222.29, 204.88, 189.18, 176.03, 164.08, 154.93, 148.22, 142.90, 139.31, 138.68, 140.27, 143.88, 148.80, 155.46, 162.47, 169.42, 177.04, 184.64, 192.97, 201.89, 211.27, 221.11, 231.33, 241.49, 251.30, 260.79, 270.22, 279.28, 288.39, 297.16, 305.55, 313.65, 321.45, 328.78, 335.78, 342.48, 348.84, 354.99, 360.81, 366.50, 371.88, 376.98, 382.08, 386.97, 391.98, 396.81, 401.75, 406.59, 411.64, 416.88, 422.49, 428.63, 435.05, 441.64, 448.48, 455.57, 462.91, 470.58, 478.67, 487.20, 496.17, 505.62, 515.33, 525.25, 535.38, 545.75, 556.32, 567.07, 578.00, 589.02, 600.15, 611.12, 621.88, 632.54, 643.13, 653.73, 664.44, 675.14, 685.74, 696.21, 706.64, 717.01, 727.36, 737.66, 747.95, 758.22, 768.48, 778.72, 788.94, 798.99, 808.77, 818.23, 827.38, 836.28, 844.95, 853.43, 861.74, 869.91, 877.95, 885.87, 893.67, 902.45, 911.38, 920.42, 929.80, 939.68, 950.10, 961.10, 972.75, 985.02, 997.80,1011.26,1025.57,1040.98,99999.00,99999.00,99999.00,99999.00,99999.00,99999.00,99999.00,99999.00,99999.00,99999.00,99999.00,99999.00,99999.00,99999.00,99999.00,99999.00,99999.00,99999.00,99999.00,99999.00,99999.00,99999.00,99999.00,99999.00,99999.00,99999.00,99999.00,99999.00,99999.00,99999.00,99999.00,99999.00,99999.00,99999.00,99999.00,99999.00,99999.00,99999.00,99999.00
99999.00,99999.00,99999.00,99999.00,99999.00,99999.00,99999.00,99999.00,99999.00,99999.00,99999.00,99999.00,99999.00,99999.00,99999.00,99999.00,99999.00,99999.00,99999.00,99999.00,99999.00,99999.00,99999.00,99999.00,99999.00,99999.00,99999.00,99999.00,99999.00,99999.00,99999.00,99999.00,99999.00,99999.00,99999.00,99999.00,99999.00,99999.00,99999.00, 311.42, 289.70, 269.88, 251.35, 233.71, 217.53, 203.92, 191.48, 180.49, 172.24, 165.82, 160.43, 156.37, 155.51, 156.86, 160.23, 164.51, 170.20, 176.84, 183.56, 190.65, 198.12, 205.80, 213.91, 222.63, 231.81, 241.46, 251.50, 261.50, 271.15, 280.49, 289.78, 298.69, 307.54, 315.97, 323.92, 331.63, 339.03, 345.96, 352.55, 358.86, 364.85, 370.49, 375.96, 381.14, 386.26, 391.11, 396.03, 400.94, 405.69, 410.59, 415.37, 420.37, 425.44, 430.87, 436.50, 442.72, 449.27, 456.01, 463.01, 470.29, 477.90, 485.92, 494.38, 503.30, 512.70, 522.61, 532.82, 543.28, 553.99, 564.97, 576.18, 587.58, 599.09, 610.57, 621.96, 632.97, 643.72, 654.39, 664.98, 675.58, 686.28, 696.99, 707.59, 718.06, 728.49, 738.86, 749.20, 759.51, 769.80, 780.07, 790.32, 800.53, 810.49, 820.08, 829.28, 838.10, 846.60, 854.89, 862.97, 870.92, 878.73, 886.44, 894.05, 901.57, 909.01, 917.79, 926.78, 935.93, 945.27, 955.06, 965.47, 976.61, 988.57,1001.39,1014.87,1029.20,1044.64,99999.00,99999.00,99999.00,99999.00,99999.00,99999.00,99999.00,99999.00,99999.00,99999.00,99999.00,99999.00,99999.00,99999.00,99999.00,99999.00,99999.00,99999.00,99999.00,99999.00,99999.00,99999.00,99999.00,99999.00,99999.00,99999.00,99999.00,99999.00,99999.00,99999.00,99999.00,99999.00,99999.00,99999.00,99999.00,99999.00,99999.00,99999.00,99999.00
99999.00,99999.00,99999.00,99999.00,99999.00,99999.00,99999.00,99999.00,99999.00,99999.00,99999.00,99999.00,99999.00,99999.00,99999.00,99999.00,99999.00,99999.00,99999.00,99999.00,99999.00,99999.00,99999.00,99999.00,99999.00,99999.00,99999.00,99999.00,99999.00,99999.00,99999.00,99999.00,99999.00,99999.00,99999.00,99999.00,99999.00,99999.00,99999.00, 320.53, 300.06, 281.07, 263.06, 246.43, 232.45, 219.64, 207.92, 197.86, 190.18, 183.88, 178.33, 174.08, 173.02, 174.18, 177.34, 181.42, 186.19, 192.43, 199.05, 205.61, 212.87, 220.12, 228.04, 235.95, 244.48, 253.48, 262.96, 272.85, 282.69, 292.20, 301.40, 310.54, 319.15, 327.57, 335.46, 342.93, 350.14, 357.05, 363.49, 369.48, 375.17, 380.70, 385.94, 391.10, 395.98, 400.65, 405.52, 410.21, 415.07, 419.77, 424.63, 429.42, 434.45, 439.71, 445.33, 451.02, 457.32, 463.99, 470.90, 478.09, 485.61, 493.58, 502.00, 510.88, 520.27, 530.17, 540.64, 551.46, 562.60, 574.07, 585.87, 597.96, 610.20, 622.43, 634.33, 645.77, 656.78, 667.53, 678.20, 688.79, 699.39, 710.09, 720.80, 731.39, 741.87, 752.30, 762.67, 773.01, 783.32, 793.61, 803.88, 814.08, 823.87, 833.11, 841.85, 850.18, 858.18, 865.93, 873.53, 881.00, 888.39, 895.69, 902.94, 910.13, 917.26, 924.33, 933.17, 942.27, 951.56, 961.14, 971.09, 981.64, 993.00,1005.33,1018.77,1033.13,1048.59,99999.00,99999.00,99999.00,99999.00,99999.00,99999.00,99999.00,99999.00,99999.00,99999.00,99999.00,99999.00,99999.00,99999.00,99999.00,99999.00,99999.00,99999.00,99999.00,99999.00,99999.00,99999.00,99999.00,99999.00,99999.00,99999.00,99999.00,99999.00,99999.00,99999.00,99999.00,99999.00,99999.00,99999.00,99999.00,99999.00,99999.00,99999.00,99999.00
99999.00,99999.00,99999.00,99999.00,99999.00,99999.00,99999.00,99999.00,99999.00,99999.00,99999.00,99999.00,99999.00,99999.00,99999.00,99999.00,99999.00,99999.00,99999.00,99999.00,99999.00,99999.00,99999.00,99999.00,99999.00,99999.00,99999.00,99999.00,99999.00,99999.00,99999.00,99999.00,99999.00,99999.00,99999.00,99999.00,99999.00,99999.00,99999.00, 331.40, 311.59, 293.01, 275.92, 261.65, 248.64, 236.69, 225.43, 216.31, 208.97, 202.67, 197.09, 192.69, 191.47, 192.46, 195.45, 199.36, 203.95, 209.55, 215.83, 222.20, 228.96, 236.11, 243.48, 251.30, 259.42, 267.78, 276.62, 285.96, 295.69, 305.40, 314.77, 323.82, 332.57, 340.61, 348.37, 355.62, 362.45, 368.92, 374.94, 380.70, 386.25, 391.54, 396.54, 401.43, 406.08, 410.76, 415.35, 420.06, 424.81, 429.42, 434.22, 438.94, 443.92, 449.00, 454.48, 460.20, 466.09, 472.49, 479.29, 486.36, 493.78, 501.68, 510.06, 518.91, 528.29, 538.22, 548.74, 559.91, 571.53, 583.58, 596.10, 609.09, 622.44,99999.00,99999.00,99999.00,99999.00,99999.00,99999.00,99999.00,99999.00,99999.00,99999.00,99999.00,99999.00,99999.00,99999.00,99999.00,99999.00,99999.00,99999.00,99999.00,99999.00, 848.35, 856.34, 863.89, 871.16, 878.24, 885.20, 892.10, 898.96, 905.80, 912.61, 919.41, 926.19, 932.95, 939.68, 948.66, 957.98, 967.56, 977.45, 987.79, 998.68,1010.41,1023.25,1037.47,1052.94,99999.00,99999.00,99999.00,99999.00,99999.00,99999.00,99999.00,99999.00,99999.00,99999.00,99999.00,99999.00,99999.00,99999.00,99999.00,99999.00,99999.00,99999.00,99999.00,99999.00,99999.00,99999.00,99999.00,99999.00,99999.00,99999.00,99999.00,99999.00,99999.00,99999.00,99999.00,99999.00,99999.00,99999.00,99999.00,99999.00,99999.00,99999.00,99999.00
99999.00,99999.00,99999.00,99999.00,99999.00,99999.00,99999.00,99999.00,99999.00,99999.00,99999.00,99999.00,99999.00,99999.00,99999.00,99999.00,99999.00,99999.00,99999.00,99999.00,99999.00,99999.00,99999.00,99999.00,99999.00,99999.00,99999.00,99999.00,99999.00,99999.00,99999.00,99999.00,99999.00,99999.00,99999.00,99999.00,99999.00,99999.00,99999.00, 343.12, 323.67, 305.98, 291.43, 278.36, 266.47, 255.05, 244.68, 236.19, 229.00, 222.77, 217.07, 212.55, 211.20, 212.04, 214.89, 218.64, 223.09, 228.53, 234.56, 240.86, 247.12, 254.08, 261.04, 268.69, 276.33, 284.62, 293.01, 301.71, 310.91, 320.51, 330.09, 339.29, 347.80, 355.73, 362.80, 369.31, 375.49, 381.50, 387.33, 392.82, 397.95, 402.87, 407.71, 412.32, 416.91, 421.35, 425.75, 430.38, 434.89, 439.60, 444.20, 448.99, 453.75, 458.79, 464.10, 469.81, 475.63, 481.76, 488.29, 495.26, 502.54, 510.29, 518.58, 527.40, 536.78, 546.74, 557.34, 568.63, 580.71, 593.40, 606.77, 620.89,99999.00,99999.00,99999.00,99999.00,99999.00,99999.00,99999.00,99999.00,99999.00,99999.00,99999.00,99999.00,99999.00,99999.00,99999.00,99999.00,99999.00,99999.00,99999.00,99999.00,99999.00,99999.00, 872.32, 878.52, 884.77, 891.06, 897.38, 903.76, 910.17, 916.64, 923.12, 929.52, 935.93, 942.35, 948.78, 955.22, 964.41, 974.01, 983.92, 994.25,1005.08,1016.60,1028.96,1042.58,1057.88,99999.00,99999.00,99999.00,99999.00,99999.00,99999.00,99999.00,99999.00,99999.00,99999.00,99999.00,99999.00,99999.00,99999.00,99999.00,99999.00,99999.00,99999.00,99999.00,99999.00,99999.00,99999.00,99999.00,99999.00,99999.00,99999.00,99999.00,99999.00,99999.00,99999.00,99999.00,99999.00,99999.00,99999.00,99999.00,99999.00,99999.00,99999.00,99999.00
99999.00,99999.00,99999.00,99999.00,99999.00,99999.00,99999.00,99999.00,99999.00,99999.00,99999.00,99999.00,99999.00,99999.00,99999.00,99999.00,99999.00,99999.00,99999.00,99999.00,99999.00,99999.00,99999.00,99999.00,99999.00,99999.00,99999.00,99999.00,99999.00,99999.00,99999.00,99999.00,99999.00,99999.00,99999.00,99999.00,99999.00,99999.00,99999.00, 355.27, 336.66, 321.67, 308.55, 296.77, 285.58,99999.00,99999.00,99999.00,99999.00,99999.00,99999.00,99999.00,99999.00,99999.00,99999.00,99999.00,99999.00,99999.00,99999.00,99999.00,99999.00,99999.00,99999.00,99999.00,99999.00,99999.00,99999.00,99999.00,99999.00,99999.00,99999.00,99999.00,99999.00, 372.44, 378.47, 384.35, 389.94, 395.32, 400.54, 405.47, 410.28, 414.99, 419.54, 423.87, 428.17, 432.36, 436.74, 441.09, 445.60, 450.19, 454.69, 459.43, 464.11, 469.10, 474.23, 479.79, 485.64, 491.70, 498.10, 504.80, 511.98, 519.58, 527.75, 536.49, 545.83, 555.81, 566.46, 577.88, 590.16, 603.46, 617.72,99999.00,99999.00,99999.00,99999.00,99999.00,99999.00,99999.00,99999.00,99999.00,99999.00,99999.00,99999.00,99999.00,99999.00,99999.00,99999.00,99999.00,99999.00,99999.00,99999.00,99999.00,99999.00,99999.00,99999.00, 894.79, 899.87, 905.21, 910.72, 916.38, 922.18, 928.10, 934.11, 940.21, 946.37, 952.57, 958.70, 964.84, 971.00, 980.47, 990.39,1000.74,1011.58,1023.08,1035.39,1048.78,1063.61,99999.00,99999.00,99999.00,99999.00,99999.00,99999.00,99999.00,99999.00,99999.00,99999.00,99999.00,99999.00,99999.00,99999.00,99999.00,99999.00,99999.00,99999.00,99999.00,99999.00,99999.00,99999.00,99999.00,99999.00,99999.00,99999.00,99999.00,99999.00,99999.00,99999.00,99999.00,99999.00,99999.00,99999.00,99999.00,99999.00,99999.00,99999.00,99999.00
99999.00,99999.00,99999.00,99999.00,99999.00,99999.00,99999.00,99999.00,99999.00,99999.00,99999.00,99999.00,99999.00,99999.00,99999.00,99999.00,99999.00,99999.00,99999.00,99999.00,99999.00,99999.00,99999.00,99999.00,99999.00,99999.00,99999.00,99999.00,99999.00,99999.00,99999.00,99999.00,99999.00,99999.00,99999.00,99999.00,99999.00,99999.00,99999.00, 368.16, 352.35, 338.96, 326.77, 315.96,99999.00,99999.00,99999.00,99999.00,99999.00,99999.00,99999.00,99999.00,99999.00,99999.00,99999.00,99999.00,99999.00,99999.00,99999.00,99999.00,99999.00,99999.00,99999.00,99999.00,99999.00,99999.00,99999.00,99999.00,99999.00,99999.00,99999.00,99999.00,99999.00,99999.00, 396.43, 400.97, 405.41, 409.87, 414.46, 419.09, 423.54, 427.77, 431.90, 436.04, 440.03, 444.15, 448.28, 452.41, 456.84, 461.19, 465.78, 470.31, 475.06, 479.83, 484.91, 490.31, 496.15, 502.13, 508.48, 515.17, 522.09, 529.59, 537.60, 546.23, 555.51, 565.46, 576.15, 587.66, 600.12, 613.72, 628.74,99999.00,99999.00,99999.00,99999.00,99999.00,99999.00,99999.00,99999.00,99999.00,99999.00,99999.00,99999.00,99999.00,99999.00,99999.00,99999.00,99999.00,99999.00,99999.00,99999.00,99999.00,99999.00,99999.00,99999.00, 912.28, 915.76, 919.93, 924.57, 929.54, 934.79, 940.24, 945.87, 951.62, 957.36, 963.18, 969.08, 975.04, 981.03, 987.07, 996.91,1007.21,1018.07,1029.58,1041.90,1055.28,1070.04,99999.00,99999.00,99999.00,99999.00,99999.00,99999.00,99999.00,99999.00,99999.00,99999.00,99999.00,99999.00,99999.00,99999.00,99999.00,99999.00,99999.00,99999.00,99999.00,99999.00,99999.00,99999.00,99999.00,99999.00,99999.00,99999.00,99999.00,99999.00,99999.00,99999.00,99999.00,99999.00,99999.00,99999.00,99999.00,99999.00,99999.00,99999.00,99999.00
99999.00,99999.00,99999.00,99999.00,99999.00,99999.00,99999.00,99999.00,99999.00,99999.00,99999.00,99999.00,99999.00,99999.00,99999.00,99999.00,99999.00,99999.00,99999.00,99999.00,99999.00,99999.00,99999.00,99999.00,99999.00,99999.00,99999.00,99999.00,99999.00,99999.00,99999.00,99999.00,99999.00,99999.00,99999.00,99999.00,99999.00,99999.00,99999.00, 383.71, 369.59, 356.78, 345.73,99999.00,99999.00,99999.00,99999.00,99999.00,99999.00,99999.00,99999.00,99999.00,99999.00,99999.00,99999.00,99999.00,99999.00,99999.00,99999.00,99999.00,99999.00,99999.00,99999.00,99999.00,99999.00,99999.00,99999.00,99999.00,99999.00,99999.00,99999.00,99999.00,99999.00,99999.00,99999.00, 418.72, 422.13, 425.78, 429.60, 433.52, 437.35, 441.21, 445.10, 448.93, 452.62, 456.43, 460.30, 464.42, 468.55, 472.89, 477.36, 481.78, 486.48, 491.17, 496.20, 501.41, 507.10, 513.12, 519.40, 526.06, 533.07, 540.30, 548.21, 556.70, 565.86, 575.75, 586.42, 597.97, 610.52, 624.31, 639.65,99999.00,99999.00,99999.00,99999.00,99999.00,99999.00,99999.00,99999.00,99999.00,99999.00,99999.00,99999.00,99999.00,99999.00,99999.00,99999.00,99999.00,99999.00,99999.00,99999.00,99999.00,99999.00,99999.00,99999.00, 930.61, 932.86, 936.02, 939.70, 943.86, 948.38, 953.22, 958.29, 963.57, 969.00, 974.58, 980.25, 985.91, 991.61, 997.37,1003.51,1013.81,1024.59,1036.06,1048.38,1061.78,1076.56,99999.00,99999.00,99999.00,99999.00,99999.00,99999.00,99999.00,99999.00,99999.00,99999.00,99999.00,99999.00,99999.00,99999.00,99999.00,99999.00,99999.00,99999.00,99999.00,99999.00,99999.00,99999.00,99999.00,99999.00,99999.00,99999.00,99999.00,99999.00,99999.00,99999.00,99999.00,99999.00,99999.00,99999.00,99999.00,99999.00,99999.00,99999.00,99999.00
99999.00,99999.00,99999.00,99999.00,99999.00,99999.00,99999.00,99999.00,99999.00,99999.00,99999.00,99999.00,99999.00,99999.00,99999.00,99999.00,99999.00,99999.00,99999.00,99999.00,99999.00,99999.00,99999.00,99999.00,99999.00,99999.00,99999.00,99999.00,99999.00,99999.00,99999.00,99999.00,99999.00,99999.00,99999.00,99999.00,99999.00,99999.00,99999.00, 400.74, 387.14, 374.89, 365.05,99999.00,99999.00,99999.00,99999.00,99999.00,99999.00,99999.00,99999.00,99999.00,99999.00,99999.00,99999.00,99999.00,99999.00,99999.00,99999.00,99999.00,99999.00,99999.00,99999.00,99999.00,99999.00,99999.00,99999.00,99999.00,99999.00,99999.00,99999.00,99999.00,99999.00,99999.00,99999.00, 437.50, 439.69, 442.42, 445.43, 448.66, 452.14, 455.57, 459.04, 462.43, 465.92, 469.42, 473.21, 477.06, 480.98, 485.24, 489.46, 493.98, 498.46, 503.22, 508.02, 513.19, 518.71, 524.72, 530.92, 537.54, 544.56, 551.97, 559.61, 567.99, 577.01, 586.78, 597.39, 608.92, 621.52, 635.40, 650.93,99999.00,99999.00,99999.00,99999.00,99999.00,99999.00,99999.00,99999.00,99999.00,99999.00,99999.00,99999.00,99999.00,99999.00,99999.00,99999.00,99999.00,99999.00,99999.00,99999.00,99999.00,99999.00,99999.00,99999.00, 949.43, 950.45, 952.67, 955.51, 958.79, 962.63, 966.91, 971.52, 976.40, 981.50, 986.66, 991.96, 997.37,1002.89,1008.49,1014.15,1020.43,1031.19,1042.66,1054.91,1068.26,1083.04,99999.00,99999.00,99999.00,99999.00,99999.00,99999.00,99999.00,99999.00,99999.00,99999.00,99999.00,99999.00,99999.00,99999.00,99999.00,99999.00,99999.00,99999.00,99999.00,99999.00,99999.00,99999.00,99999.00,99999.00,99999.00,99999.00,99999.00,99999.00,99999.00,99999.00,99999.00,99999.00,99999.00,99999.00,99999.00,99999.00,99999.00,99999.00,99999.00
99999.00,99999.00,99999.00,99999.00,99999.00,99999.00,99999.00,99999.00,99999.00,99999.00,99999.00,99999.00,99999.00,99999.00,99999.00,99999.00,99999.00,99999.00,99999.00,99999.00,99999.00,99999.00,99999.00,99999.00,99999.00,99999.00,99999.00,99999.00,99999.00,99999.00,99999.00,99999.00,99999.00,99999.00,99999.00,99999.00,99999.00,99999.00,99999.00, 418.00, 404.52, 393.42, 386.82,99999.00,99999.00,99999.00,99999.00,99999.00,99999.00,99999.00,99999.00,99999.00,99999.00,99999.00,99999.00,99999.00,99999.00,99999.00,99999.00,99999.00,99999.00,99999.00,99999.00,99999.00,99999.00,99999.00,99999.00,99999.00,99999.00,99999.00,99999.00,99999.00,99999.00,99999.00,99999.00, 456.88, 457.84, 459.63, 461.90, 464.52, 467.50, 470.49, 473.58, 476.65, 479.84, 483.12, 486.75, 490.34, 494.24, 498.20, 502.42, 506.81, 511.19, 515.88, 520.61, 525.72, 531.06, 536.92, 543.16, 549.71, 556.71, 564.21, 572.08, 580.19, 589.10, 598.72, 609.22, 620.69, 633.26, 647.18, 662.81,99999.00,99999.00,99999.00,99999.00,99999.00,99999.00,99999.00,99999.00,99999.00,99999.00,99999.00,99999.00,99999.00,99999.00,99999.00,99999.00,99999.00,99999.00,99999.00,99999.00,99999.00,99999.00,99999.00,99999.00, 968.81, 968.60, 969.89, 971.98, 974.66, 977.99, 981.75, 985.74, 990.08, 994.70, 999.56,1004.60,1009.80,1015.01,1020.31,1025.70,1031.51,1037.93,1049.27,1061.51,1074.86,1089.57,99999.00,99999.00,99999.00,99999.00,99999.00,99999.00,99999.00,99999.00,99999.00,99999.00,99999.00,99999.00,99999.00,99999.00,99999.00,99999.00,99999.00,99999.00,99999.00,99999.00,99999.00,99999.00,99999.00,99999.00,99999.00,99999.00,99999.00,99999.00,99999.00,99999.00,99999.00,99999.00,99999.00,99999.00,99999.00,99999.00,99999.00,99999.00,99999.00
99999.00,99999.00,99999.00,99999.00,99999.00,99999.00,99999.00,99999.00,99999.00,99999.00,99999.00,99999.00,99999.00,99999.00,99999.00,99999.00,99999.00,99999.00,99999.00,99999.00,99999.00,99999.00,99999.00,99999.00,99999.00,99999.00,99999.00,99999.00,99999.00,99999.00,99999.00,99999.00,99999.00,99999.00,99999.00,99999.00,99999.00,99999.00,99999.00, 435.10, 422.20, 412.30, 408.41,99999.00,99999.00,99999.00,99999.00,99999.00,99999.00,99999.00,99999.00,99999.00,99999.00,99999.00,99999.00,99999.00,99999.00,99999.00,99999.00,99999.00,99999.00,99999.00,99999.00,99999.00,99999.00,99999.00,99999.00,99999.00,99999.00,99999.00,99999.00,99999.00,99999.00,99999.00,99999.00, 476.91, 476.65, 477.50, 479.02, 481.05, 483.51, 486.07, 488.78, 491.52, 494.42, 497.48, 500.96, 504.44, 508.23, 512.10, 516.23, 520.38, 524.85, 529.33, 534.13, 539.02, 544.31, 550.00, 556.23, 562.70, 569.66, 577.17, 585.23, 593.58, 602.22, 611.74, 622.09, 633.44, 645.96, 659.86, 675.52,99999.00,99999.00,99999.00,99999.00,99999.00,99999.00,99999.00,99999.00,99999.00,99999.00,99999.00,99999.00,99999.00,99999.00,99999.00,99999.00,99999.00,99999.00,99999.00,99999.00,99999.00,99999.00,99999.00,99999.00, 988.85, 987.40, 987.75, 989.11, 991.18, 994.00, 997.33,1000.90,1004.77,1009.01,1013.52,1018.15,1022.97,1027.94,1033.06,1038.29,1043.62,1049.57,1056.17,1068.25,1081.47,1096.16,99999.00,99999.00,99999.00,99999.00,99999.00,99999.00,99999.00,99999.00,99999.00,99999.00,99999.00,99999.00,99999.00,99999.00,99999.00,99999.00,99999.00,99999.00,99999.00,99999.00,99999.00,99999.00,99999.00,99999.00,99999.00,99999.00,99999.00,99999.00,99999.00,99999.00,99999.00,99999.00,99999.00,99999.00,99999.00,99999.00,99999.00,99999.00,99999.00
99999.00,99999.00,99999.00,99999.00,99999.00,99999.00,99999.00,99999.00,99999.00,99999.00,99999.00,99999.00,99999.00,99999.00,99999.00,99999.00,99999.00,99999.00,99999.00,99999.00,99999.00,99999.00,99999.00,99999.00,99999.00,99999.00,99999.00,99999.00,99999.00,99999.00,99999.00,99999.00,99999.00,99999.00,99999.00,99999.00,99999.00,99999.00,99999.00, 452.47, 440.33, 433.26, 430.59,99999.00,99999.00,99999.00,99999.00,99999.00,99999.00,99999.00,99999.00,99999.00,99999.00,99999.00,99999.00,99999.00,99999.00,99999.00,99999.00,99999.00,99999.00,99999.00,99999.00,99999.00,99999.00,99999.00,99999.00,99999.00,99999.00,99999.00,99999.00,99999.00,99999.00,99999.00,99999.00, 497.73, 496.23, 496.15, 496.93, 498.35, 500.30, 502.43, 504.77, 507.17, 509.79, 512.63, 515.95, 519.31, 523.01, 526.80, 530.88, 534.98, 539.43, 543.81, 548.55, 553.36, 558.60, 564.10, 570.18, 576.69, 583.57, 591.06, 599.21, 607.82, 616.71, 625.97, 636.21, 647.42, 659.82, 673.66, 689.30,99999.00,99999.00,99999.00,99999.00,99999.00,99999.00,99999.00,99999.00,99999.00,99999.00,99999.00,99999.00,99999.00,99999.00,99999.00,99999.00,99999.00,99999.00,99999.00,99999.00,99999.00,99999.00,99999.00,99999.00,1009.67,1006.99,1006.41,1007.02,1008.48,1010.79,1013.69,1016.89,1020.43,1024.37,1028.47,1032.80,1037.37,1042.12,1046.94,1051.87,1056.91,1062.40,1068.53,1075.35,1088.37,1102.91,99999.00,99999.00,99999.00,99999.00,99999.00,99999.00,99999.00,99999.00,99999.00,99999.00,99999.00,99999.00,99999.00,99999.00,99999.00,99999.00,99999.00,99999.00,99999.00,99999.00,99999.00,99999.00,99999.00,99999.00,99999.00,99999.00,99999.00,99999.00,99999.00,99999.00,99999.00,99999.00,99999.00,99999.00,99999.00,99999.00,99999.00,99999.00,99999.00
99999.00,99999.00,99999.00,99999.00,99999.00,99999.00,99999.00,99999.00,99999.00,99999.00,99999.00,99999.00,99999.00,99999.00,99999.00,99999.00,99999.00,99999.00,99999.00,99999.00,99999.00,99999.00,99999.00,99999.00,99999.00,99999.00,99999.00,99999.00,99999.00,99999.00,99999.00,99999.00,99999.00,99999.00,99999.00,99999.00,99999.00,99999.00,99999.00, 469.78, 458.84, 455.00, 453.57,99999.00,99999.00,99999.00,99999.00,99999.00,99999.00,99999.00,99999.00,99999.00,99999.00,99999.00,99999.00,99999.00,99999.00,99999.00,99999.00,99999.00,99999.00,99999.00,99999.00,99999.00,99999.00,99999.00,99999.00,99999.00,99999.00,99999.00,99999.00,99999.00,99999.00,99999.00,99999.00, 519.51, 516.78, 515.76, 515.80, 516.61, 518.06, 519.75, 521.71, 523.79, 526.11, 528.73, 531.91, 535.14, 538.74, 542.46, 546.48, 550.55, 554.98, 559.36, 564.11, 568.96, 574.03, 579.49, 585.40, 591.90, 598.71, 606.15, 614.31, 623.11, 632.30, 641.82, 651.79, 662.90, 675.15, 688.87, 704.46,99999.00,99999.00,99999.00,99999.00,99999.00,99999.00,99999.00,99999.00,99999.00,99999.00,99999.00,99999.00,99999.00,99999.00,99999.00,99999.00,99999.00,99999.00,99999.00,99999.00,99999.00,99999.00,99999.00,99999.00,1031.45,1027.53,1026.02,1025.89,1026.74,1028.55,1031.01,1033.83,1037.04,1040.69,1044.53,1048.62,1052.98,1057.43,1062.01,1066.76,1071.64,1076.65,1082.31,1088.63,1095.71,1110.01,99999.00,99999.00,99999.00,99999.00,99999.00,99999.00,99999.00,99999.00,99999.00,99999.00,99999.00,99999.00,99999.00,99999.00,99999.00,99999.00,99999.00,99999.00,99999.00,99999.00,99999.00,99999.00,99999.00,99999.00,99999.00,99999.00,99999.00,99999.00,99999.00,99999.00,99999.00,99999.00,99999.00,99999.00,99999.00,99999.00,99999.00,99999.00,99999.00
99999.00,99999.00,99999.00,99999.00,99999.00,99999.00,99999.00,99999.00,99999.00,99999.00,99999.00,99999.00,99999.00,99999.00,99999.00,99999.00,99999.00,99999.00,99999.00,99999.00,99999.00,99999.00,99999.00,99999.00,99999.00,99999.00,99999.00,99999.00,99999.00,99999.00,99999.00,99999.00,99999.00,99999.00,99999.00,99999.00,99999.00,99999.00,99999.00, 487.56, 480.70, 477.81, 477.61,99999.00,99999.00,99999.00,99999.00,99999.00,99999.00,99999.00,99999.00,99999.00,99999.00,99999.00,99999.00,99999.00,99999.00,99999.00,99999.00,99999.00,99999.00,99999.00,99999.00,99999.00,99999.00,99999.00,99999.00,99999.00,99999.00,99999.00,99999.00,99999.00,99999.00,99999.00,99999.00, 542.50, 538.53, 536.57, 535.88, 536.08, 537.02, 538.28, 539.86, 541.61, 543.64, 546.04, 549.07, 552.18, 555.69, 559.32, 563.29, 567.32, 571.73, 576.12, 580.89, 585.77, 590.89, 596.43, 602.21, 608.56, 615.40, 622.77, 630.91, 639.80, 649.25, 659.11, 669.35, 680.18, 692.34, 705.91, 721.38,99999.00,99999.00,99999.00,99999.00,99999.00,99999.00,99999.00,99999.00,99999.00,99999.00,99999.00,99999.00,99999.00,99999.00,99999.00,99999.00,99999.00,99999.00,99999.00,99999.00,99999.00,99999.00,99999.00,99999.00,1054.43,1049.29,1046.83,1045.96,1046.21,1047.51,1049.53,1051.98,1054.86,1058.22,1061.80,1065.65,1069.79,1074.06,1078.45,1083.04,1087.77,1092.63,1097.84,1103.69,1110.25,1117.63,99999.00,99999.00,99999.00,99999.00,99999.00,99999.00,99999.00,99999.00,99999.00,99999.00,99999.00,99999.00,99999.00,99999.00,99999.00,99999.00,99999.00,99999.00,99999.00,99999.00,99999.00,99999.00,99999.00,99999.00,99999.00,99999.00,99999.00,99999.00,99999.00,99999.00,99999.00,99999.00,99999.00,99999.00,99999.00,99999.00,99999.00,99999.00,99999.00
99999.00,99999.00,99999.00,99999.00,99999.00,99999.00,99999.00,99999.00,99999.00,99999.00,99999.00,99999.00,99999.00,99999.00,99999.00,99999.00,99999.00,99999.00,99999.00,99999.00,99999.00,99999.00,99999.00,99999.00,99999.00,99999.00,99999.00,99999.00,99999.00,99999.00,99999.00,99999.00,99999.00,99999.00,99999.00,99999.00,99999.00,99999.00,99999.00,99999.00,99999.00,99999.00,99999.00,99999.00,99999.00,99999.00,99999.00,99999.00,99999.00,99999.00,99999.00,99999.00,99999.00,99999.00,99999.00,99999.00,99999.00,99999.00,99999.00,99999.00,99999.00,99999.00,99999.00,99999.00,99999.00,99999.00,99999.00,99999.00,99999.00,99999.00,99999.00,99999.00,99999.00,99999.00,99999.00,99999.00,99999.00,99999.00,99999.00,99999.00,99999.00,99999.00,99999.00,99999.00,99999.00,99999.00,99999.00,99999.00,99999.00,99999.00,99999.00,99999.00,99999.00,99999.00,99999.00,99999.00,99999.00,99999.00,99999.00,99999.00,99999.00,99999.00,99999.00,99999.00,99999.00,99999.00,99999.00,99999.00,99999.00,99999.00,99999.00,99999.00,99999.00,99999.00,99999.00,99999.00,99999.00,99999.00,99999.00,99999.00,99999.00,99999.00,99999.00,99999.00,99999.00,99999.00,99999.00,99999.00,99999.00,99999.00,99999.00,99999.00,99999.00,99999.00,99999.00,99999.00,99999.00,99999.00,99999.00,99999.00,99999.00,99999.00,99999.00,99999.00,99999.00,99999.00,99999.00,99999.00,99999.00,99999.00,99999.00,99999.00,99999.00,99999.00,99999.00,99999.00,99999.00,99999.00,99999.00,99999.00,99999.00,99999.00,99999.00,99999.00,99999.00,99999.00,99999.00,99999.00,99999.00,99999.00,99999.00,99999.00,99999.00,99999.00,99999.00,99999.00,99999.00,99999.00,99999.00,99999.00,99999.00,99999.00,99999.00,99999.00,99999.00,99999.00,99999.00,99999.00,99999.00,99999.00,99999.00,99999.00,99999.00,99999.00,99999.00,99999.00
99999.00,99999.00,99999.00,99999.00,99999.00,99999.00,99999.00,99999.00,99999.00,99999.00,99999.00,99999.00,99999.00,99999.00,99999.00,99999.00,99999.00,99999.00,99999.00,99999.00,99999.00,99999.00,99999.00,99999.00,99999.00,99999.00,99999.00,99999.00,99999.00,99999.00,99999.00,99999.00,99999.00,99999.00,99999.00,99999.00,99999.00,99999.00,99999.00,99999.00,99999.00,99999.00,99999.00,99999.00,99999.00,99999.00,99999.00,99999.00,99999.00,99999.00,99999.00,99999.00,99999.00,99999.00,99999.00,99999.00,99999.00,99999.00,99999.00,99999.00,99999.00,99999.00,99999.00,99999.00,99999.00,99999.00,99999.00,99999.00,99999.00,99999.00,99999.00,99999.00,99999.00,99999.00,99999.00,99999.00,99999.00,99999.00,99999.00,99999.00,99999.00,99999.00,99999.00,99999.00,99999.00,99999.00,99999.00,99999.00,99999.00,99999.00,99999.00,99999.00,99999.00,99999.00,99999.00,99999.00,99999.00,99999.00,99999.00,99999.00,99999.00,99999.00,99999.00,99999.00,99999.00,99999.00,99999.00,99999.00,99999.00,99999.00,99999.00,99999.00,99999.00,99999.00,99999.00,99999.00,99999.00,99999.00,99999.00,99999.00,99999.00,99999.00,99999.00,99999.00,99999.00,99999.00,99999.00,99999.00,99999.00,99999.00,99999.00,99999.00,99999.00,99999.00,99999.00,99999.00,99999.00,99999.00,99999.00,99999.00,99999.00,99999.00,99999.00,99999.00,99999.00,99999.00,99999.00,99999.00,99999.00,99999.00,99999.00,99999.00,99999.00,99999.00,99999.00,99999.00,99999.00,99999.00,99999.00,99999.00,99999.00,99999.00,99999.00,99999.00,99999.00,99999.00,99999.00,99999.00,99999.00,99999.00,99999.00,99999.00,99999.00,99999.00,99999.00,99999.00,99999.00,99999.00,99999.00,99999.00,99999.00,99999.00,99999.00,99999.00,99999.00,99999.00,99999.00,99999.00,99999.00,99999.00,99999.00,99999.00,99999.00,99999.00,99999.00,99999.00
99999.00,99999.00,99999.00,99999.00,99999.00,99999.00,99999.00,99999.00,99999.00,99999.00,99999.00,99999.00,99999.00,99999.00,99999.00,99999.00,99999.00,99999.00,99999.00,99999.00,99999.00,99999.00,99999.00,99999.00,99999.00,99999.00,99999.00,99999.00,99999.00,99999.00,99999.00,99999.00,99999.00,99999.00,99999.00,99999.00,99999.00,99999.00,99999.00,99999.00,99999.00,99999.00,99999.00,99999.00,99999.00,99999.00,99999.00,99999.00,99999.00,99999.00,99999.00,99999.00,99999.00,99999.00,99999.00,99999.00,99999.00,99999.00,99999.00,99999.00,99999.00,99999.00,99999.00,99999.00,99999.00,99999.00,99999.00,99999.00,99999.00,99999.00,99999.00,99999.00,99999.00,99999.00,99999.00,99999.00,99999.00,99999.00,99999.00,99999.00,99999.00,99999.00,99999.00,99999.00,99999.00,99999.00,99999.00,99999.00,99999.00,99999.00,99999.00,99999.00,99999.00,99999.00,99999.00,99999.00,99999.00,99999.00,99999.00,99999.00,99999.00,99999.00,99999.00,99999.00,99999.00,99999.00,99999.00,99999.00,99999.00,99999.00,99999.00,99999.00,99999.00,99999.00,99999.00,99999.00,99999.00,99999.00,99999.00,99999.00,99999.00,99999.00,99999.00,99999.00,99999.00,99999.00,99999.00,99999.00,99999.00,99999.00,99999.00,99999.00,99999.00,99999.00,99999.00,99999.00,99999.00,99999.00,99999.00,99999.00,99999.00,99999.00,99999.00,99999.00,99999.00,99999.00,99999.00,99999.00,99999.00,99999.00,99999.00,99999.00,99999.00,99999.00,99999.00,99999.00,99999.00,99999.00,99999.00,99999.00,99999.00,99999.00,99999.00,99999.00,99999.00,99999.00,99999.00,99999.00,99999.00,99999.00,99999.00,99999.00,99999.00,99999.00,99999.00,99999.00,99999.00,99999.00,99999.00,99999.00,99999.00,99999.00,99999.00,99999.00,99999.00,99999.00,99999.00,99999.00,99999.00,99999.00,99999.00,99999.00,99999.00,99999.00,99999.00,99999.00
99999.00,99999.00,99999.00,99999.00,99999.00,99999.00,99999.00,99999.00,99999.00,99999.00,99999.00,99999.00,99999.00,99999.00,99999.00,99999.00,99999.00,99999.00,99999.00,99999.00,99999.00,99999.00,99999.00,99999.00,99999.00,99999.00,99999.00,99999.00,99999.00,99999.00,99999.00,99999.00,99999.00,99999.00,99999.00,99999.00,99999.00,99999.00,99999.00,99999.00,99999.00,99999.00,99999.00,99999.00,99999.00,99999.00,99999.00,99999.00,99999.00,99999.00,99999.00,99999.00,99999.00,99999.00,99999.00,99999.00,99999.00,99999.00,99999.00,99999.00,99999.00,99999.00,99999.00,99999.00,99999.00,99999.00,99999.00,99999.00,99999.00,99999.00,99999.00,99999.00,99999.00,99999.00,99999.00,99999.00,99999.00,99999.00,99999.00,99999.00,99999.00,99999.00,99999.00,99999.00,99999.00,99999.00,99999.00,99999.00,99999.00,99999.00,99999.00,99999.00,99999.00,99999.00,99999.00,99999.00,99999.00,99999.00,99999.00,99999.00,99999.00,99999.00,99999.00,99999.00,99999.00,99999.00,99999.00,99999.00,99999.00,99999.00,99999.00,99999.00,99999.00,99999.00,99999.00,99999.00,99999.00,99999.00,99999.00,99999.00,99999.00,99999.00,99999.00,99999.00,99999.00,99999.00,99999.00,99999.00,99999.00,99999.00,99999.00,99999.00,99999.00,99999.00,99999.00,99999.00,99999.00,99999.00,99999.00,99999.00,99999.00,99999.00,99999.00,99999.00,99999.00,99999.00,99999.00,99999.00,99999.00,99999.00,99999.00,99999.00,99999.00,99999.00,99999.00,99999.00,99999.00,99999.00,99999.00,99999.00,99999.00,99999.00,99999.00,99999.00,99999.00,99999.00,99999.00,99999.00,99999.00,99999.00,99999.00,99999.00,99999.00,99999.00,99999.00,99999.00,99999.00,99999.00,99999.00,99999.00,99999.00,99999.00,99999.00,99999.00,99999.00,99999.00,99999.00,99999.00,99999.00,99999.00,99999.00,99999.00,99999.00,99999.00,99999.00,99999.00
99999.00,99999.00,99999.00,99999.00,99999.00,99999.00,99999.00,99999.00,99999.00,99999.00,99999.00,99999.00,99999.00,99999.00,99999.00,99999.00,99999.00,99999.00,99999.00,99999.00,99999.00,99999.00,99999.00,99999.00,99999.00,99999.00,99999.00,99999.00,99999.00,99999.00,99999.00,99999.00,99999.00,99999.00,99999.00,99999.00,99999.00,99999.00,99999.00,99999.00,99999.00,99999.00,99999.00,99999.00,99999.00,99999.00,99999.00,99999.00,99999.00,99999.00,99999.00,99999.00,99999.00,99999.00,99999.00,99999.00,99999.00,99999.00,99999.00,99999.00,99999.00,99999.00,99999.00,99999.00,99999.00,99999.00,99999.00,99999.00,99999.00,99999.00,99999.00,99999.00,99999.00,99999.00,99999.00,99999.00,99999.00,99999.00,99999.00,99999.00,99999.00,99999.00,99999.00,99999.00,99999.00,99999.00,99999.00,99999.00,99999.00,99999.00,99999.00,99999.00,99999.00,99999.00,99999.00,99999.00,99999.00,99999.00,99999.00,99999.00,99999.00,99999.00,99999.00,99999.00,99999.00,99999.00,99999.00,99999.00,99999.00,99999.00,99999.00,99999.00,99999.00,99999.00,99999.00,99999.00,99999.00,99999.00,99999.00,99999.00,99999.00,99999.00,99999.00,99999.00,99999.00,99999.00,99999.00,99999.00,99999.00,99999.00,99999.00,99999.00,99999.00,99999.00,99999.00,99999.00,99999.00,99999.00,99999.00,99999.00,99999.00,99999.00,99999.00,99999.00,99999.00,99999.00,99999.00,99999.00,99999.00,99999.00,99999.00,99999.00,99999.00,99999.00,99999.00,99999.00,99999.00,99999.00,99999.00,99999.00,99999.00,99999.00,99999.00,99999.00,99999.00,99999.00,99999.00,99999.00,99999.00,99999.00,99999.00,99999.00,99999.00,99999.00,99999.00,99999.00,99999.00,99999.00,99999.00,99999.00,99999.00,99999.00,99999.00,99999.00,99999.00,99999.00,99999.00,99999.00,99999.00,99999.00,99999.00,99999.00,99999.00,99999.00,99999.00,99999.00
99999.00,99999.00,99999.00,99999.00,99999.00,99999.00,99999.00,99999.00,99999.00,99999.00,99999.00,99999.00,99999.00,99999.00,99999.00,99999.00,99999.00,99999.00,99999.00,99999.00,99999.00,99999.00,99999.00,99999.00,99999.00,99999.00,99999.00,99999.00,99999.00,99999.00,99999.00,99999.00,99999.00,99999.00,99999.00,99999.00,99999.00,99999.00,99999.00,99999.00,99999.00,99999.00,99999.00,99999.00,99999.00,99999.00,99999.00,99999.00,99999.00,99999.00,99999.00,99999.00,99999.00,99999.00,99999.00,99999.00,99999.00,99999.00,99999.00,99999.00,99999.00,99999.00,99999.00,99999.00,99999.00,99999.00,99999.00,99999.00,99999.00,99999.00,99999.00,99999.00,99999.00,99999.00,99999.00,99999.00,99999.00,99999.00,99999.00,99999.00,99999.00,99999.00,99999.00,99999.00,99999.00,99999.00,99999.00,99999.00,99999.00,99999.00,99999.00,99999.00,99999.00,99999.00,99999.00,99999.00,99999.00,99999.00,99999.00,99999.00,99999.00,99999.00,99999.00,99999.00,99999.00,99999.00,99999.00,99999.00,99999.00,99999.00,99999.00,99999.00,99999.00,99999.00,99999.00,99999.00,99999.00,99999.00,99999.00,99999.00,99999.00,99999.00,99999.00,99999.00,99999.00,99999.00,99999.00,99999.00,99999.00,99999.00,99999.00,99999.00,99999.00,99999.00,99999.00,99999.00,99999.00,99999.00,99999.00,99999.00,99999.00,99999.00,99999.00,99999.00,99999.00,99999.00,99999.00,99999.00,99999.00,99999.00,99999.00,99999.00,99999.00,99999.00,99999.00,99999.00,99999.00,99999.00,99999.00,99999.00,99999.00,99999.00,99999.00,99999.00,99999.00,99999.00,99999.00,99999.00,99999.00,99999.00,99999.00,99999.00,99999.00,99999.00,99999.00,99999.00,99999.00,99999.00,99999.00,99999.00,99999.00,99999.00,99999.00,99999.00,99999.00,99999.00,99999.00,99999.00,99999.00,99999.00,99999.00,99999.00,99999.00,99999.00,99999.00,99999.00
99999.00,99999.00,99999.00,99999.00,99999.00,99999.00,99999.00,99999.00,99999.00,99999.00,99999.00,99999.00,99999.00,99999.00,99999.00,99999.00,99999.00,99999.00,99999.00,99999.00,99999.00,99999.00,99999.00,99999.00,99999.00,99999.00,99999.00,99999.00,99999.00,99999.00,99999.00,99999.00,99999.00,99999.00,99999.00,99999.00,99999.00,99999.00,99999.00,99999.00,99999.00,99999.00,99999.00,99999.00,99999.00,99999.00,99999.00,99999.00,99999.00,99999.00,99999.00,99999.00,99999.00,99999.00,99999.00,99999.00,99999.00,99999.00,99999.00,99999.00,99999.00,99999.00,99999.00,99999.00,99999.00,99999.00,99999.00,99999.00,99999.00,99999.00,99999.00,99999.00,99999.00,99999.00,99999.00,99999.00,99999.00,99999.00,99999.00,99999.00,99999.00,99999.00,99999.00,99999.00,99999.00,99999.00,99999.00,99999.00,99999.00,99999.00,99999.00,99999.00,99999.00,99999.00,99999.00,99999.00,99999.00,99999.00,99999.00,99999.00,99999.00,99999.00,99999.00,99999.00,99999.00,99999.00,99999.00,99999.00,99999.00,99999.00,99999.00,99999.00,99999.00,99999.00,99999.00,99999.00,99999.00,99999.00,99999.00,99999.00,99999.00,99999.00,99999.00,99999.00,99999.00,99999.00,99999.00,99999.00,99999.00,99999.00,99999.00,99999.00,99999.00,99999.00,99999.00,99999.00,99999.00,99999.00,99999.00,99999.00,99999.00,99999.00,99999.00,99999.00,99999.00,99999.00,99999.00,99999.00,99999.00,99999.00,99999.00,99999.00,99999.00,99999.00,99999.00,99999.00,99999.00,99999.00,99999.00,99999.00,99999.00,99999.00,99999.00,99999.00,99999.00,99999.00,99999.00,99999.00,99999.00,99999.00,99999.00,99999.00,99999.00,99999.00,99999.00,99999.00,99999.00,99999.00,99999.00,99999.00,99999.00,99999.00,99999.00,99999.00,99999.00,99999.00,99999.00,99999.00,99999.00,99999.00,99999.00,99999.00,99999.00,99999.00,99999.00,99999.00
99999.00,99999.00,99999.00,99999.00,99999.00,99999.00,99999.00,99999.00,99999.00,99999.00,99999.00,99999.00,99999.00,99999.00,99999.00,99999.00,99999.00,99999.00,99999.00,99999.00,99999.00,99999.00,99999.00,99999.00,99999.00,99999.00,99999.00,99999.00,99999.00,99999.00,99999.00,99999.00,99999.00,99999.00,99999.00,99999.00,99999.00,99999.00,99999.00,99999.00,99999.00,99999.00,99999.00,99999.00,99999.00,99999.00,99999.00,99999.00,99999.00,99999.00,99999.00,99999.00,99999.00,99999.00,99999.00,99999.00,99999.00,99999.00,99999.00,99999.00,99999.00,99999.00,99999.00,99999.00,99999.00,99999.00,99999.00,99999.00,99999.00,99999.00,99999.00,99999.00,99999.00,99999.00,99999.00,99999.00,99999.00,99999.00,99999.00,99999.00,99999.00,99999.00,99999.00,99999.00,99999.00,99999.00,99999.00,99999.00,99999.00,99999.00,99999.00,99999.00,99999.00,99999.00,99999.00,99999.00,99999.00,99999.00,99999.00,99999.00,99999.00,99999.00,99999.00,99999.00,99999.00,99999.00,99999.00,99999.00,99999.00,99999.00,99999.00,99999.00,99999.00,99999.00,99999.00,99999.00,99999.00,99999.00,99999.00,99999.00,99999.00,99999.00,99999.00,99999.00,99999.00,99999.00,99999.00,99999.00,99999.00,99999.00,99999.00,99999.00,99999.00,99999.00,99999.00,99999.00,99999.00,99999.00,99999.00,99999.00,99999.00,99999.00,99999.00,99999.00,99999.00,99999.00,99999.00,99999.00,99999.00,99999.00,99999.00,99999.00,99999.00,99999.00,99999.00,99999.00,99999.00,99999.00,99999.00,99999.00,99999.00,99999.00,99999.00,99999.00,99999.00,99999.00,99999.00,99999.00,99999.00,99999.00,99999.00,99999.00,99999.00,99999.00,99999.00,99999.00,99999.00,99999.00,99999.00,99999.00,99999.00,99999.00,99999.00,99999.00,99999.00,99999.00,99999.00,99999.00,99999.00,99999.00,99999.00,99999.00,99999.00,99999.00,99999.00,99999.00
99999.00,99999.00,99999.00,99999.00,99999.00,99999.00,99999.00,99999.00,99999.00,99999.00,99999.00,99999.00,99999.00,99999.00,99999.00,99999.00,99999.00,99999.00,99999.00,99999.00,99999.00,99999.00,99999.00,99999.00,99999.00,99999.00,99999.00,99999.00,99999.00,99999.00,99999.00,99999.00,99999.00,99999.00,99999.00,99999.00,99999.00,99999.00,99999.00,99999.00,99999.00,99999.00,99999.00,99999.00,99999.00,99999.00,99999.00,99999.00,99999.00,99999.00,99999.00,99999.00,99999.00,99999.00,99999.00,99999.00,99999.00,99999.00,99999.00,99999.00,99999.00,99999.00,99999.00,99999.00,99999.00,99999.00,99999.00,99999.00,99999.00,99999.00,99999.00,99999.00,99999.00,99999.00,99999.00,99999.00,99999.00,99999.00,99999.00,99999.00,99999.00,99999.00,99999.00,99999.00,99999.00,99999.00,99999.00,99999.00,99999.00,99999.00,99999.00,99999.00,99999.00,99999.00,99999.00,99999.00,99999.00,99999.00,99999.00,99999.00,99999.00,99999.00,99999.00,99999.00,99999.00,99999.00,99999.00,99999.00,99999.00,99999.00,99999.00,99999.00,99999.00,99999.00,99999.00,99999.00,99999.00,99999.00,99999.00,99999.00,99999.00,99999.00,99999.00,99999.00,99999.00,99999.00,99999.00,99999.00,99999.00,99999.00,99999.00,99999.00,99999.00,99999.00,99999.00,99999.00,99999.00,99999.00,99999.00,99999.00,99999.00,99999.00,99999.00,99999.00,99999.00,99999.00,99999.00,99999.00,99999.00,99999.00,99999.00,99999.00,99999.00,99999.00,99999.00,99999.00,99999.00,99999.00,99999.00,99999.00,99999.00,99999.00,99999.00,99999.00,99999.00,99999.00,99999.00,99999.00,99999.00,99999.00,99999.00,99999.00,99999.00,99999.00,99999.00,99999.00,99999.00,99999.00,99999.00,99999.00,99999.00,99999.00,99999.00,99999.00,99999.00,99999.00,99999.00,99999.00,99999.00,99999.00,99999.00,99999.00,99999.00,99999.00,99999.00,99999.00
99999.00,99999.00,99999.00,99999.00,99999.00,99999.00,99999.00,99999.00,99999.00,99999.00,99999.00,99999.00,99999.00,99999.00,99999.00,99999.00,99999.00,99999.00,99999.00,99999.00,99999.00,99999.00,99999.00,99999.00,99999.00,99999.00,99999.00,99999.00,99999.00,99999.00,99999.00,99999.00,99999.00,99999.00,99999.00,99999.00,99999.00,99999.00,99999.00,99999.00,99999.00,99999.00,99999.00,99999.00,99999.00,99999.00,99999.00,99999.00,99999.00,99999.00,99999.00,99999.00,99999.00,99999.00,99999.00,99999.00,99999.00,99999.00,99999.00,99999.00,99999.00,99999.00,99999.00,99999.00,99999.00,99999.00,99999.00,99999.00,99999.00,99999.00,99999.00,99999.00,99999.00,99999.00,99999.00,99999.00,99999.00,99999.00,99999.00,99999.00,99999.00,99999.00,99999.00,99999.00,99999.00,99999.00,99999.00,99999.00,99999.00,99999.00,99999.00,99999.00,99999.00,99999.00,99999.00,99999.00,99999.00,99999.00,99999.00,99999.00,99999.00,99999.00,99999.00,99999.00,99999.00,99999.00,99999.00,99999.00,99999.00,99999.00,99999.00,99999.00,99999.00,99999.00,99999.00,99999.00,99999.00,99999.00,99999.00,99999.00,99999.00,99999.00,99999.00,99999.00,99999.00,99999.00,99999.00,99999.00,99999.00,99999.00,99999.00,99999.00,99999.00,99999.00,99999.00,99999.00,99999.00,99999.00,99999.00,99999.00,99999.00,99999.00,99999.00,99999.00,99999.00,99999.00,99999.00,99999.00,99999.00,99999.00,99999.00,99999.00,99999.00,99999.00,99999.00,99999.00,99999.00,99999.00,99999.00,99999.00,99999.00,99999.00,99999.00,99999.00,99999.00,99999.00,99999.00,99999.00,99999.00,99999.00,99999.00,99999.00,99999.00,99999.00,99999.00,99999.00,99999.00,99999.00,99999.00,99999.00,99999.00,99999.00,99999.00,99999.00,99999.00,99999.00,99999.00,99999.00,99999.00,99999.00,99999.00,99999.00,99999.00,99999.00,99999.00,99999.00
99999.00,99999.00,99999.00,99999.00,99999.00,99999.00,99999.00,99999.00,99999.00,99999.00,99999.00,99999.00,99999.00,99999.00,99999.00,99999.00,99999.00,99999.00,99999.00,99999.00,99999.00,99999.00,99999.00,99999.00,99999.00,99999.00,99999.00,99999.00,99999.00,99999.00,99999.00,99999.00,99999.00,99999.00,99999.00,99999.00,99999.00,99999.00,99999.00,99999.00,99999.00,99999.00,99999.00,99999.00,99999.00,99999.00,99999.00,99999.00,99999.00,99999.00,99999.00,99999.00,99999.00,99999.00,99999.00,99999.00,99999.00,99999.00,99999.00,99999.00,99999.00,99999.00,99999.00,99999.00,99999.00,99999.00,99999.00,99999.00,99999.00,99999.00,99999.00,99999.00,99999.00,99999.00,99999.00,99999.00,99999.00,99999.00,99999.00,99999.00,99999.00,99999.00,99999.00,99999.00,99999.00,99999.00,99999.00,99999.00,99999.00,99999.00,99999.00,99999.00,99999.00,99999.00,99999.00,99999.00,99999.00,99999.00,99999.00,99999.00,99999.00,99999.00,99999.00,99999.00,99999.00,99999.00,99999.00,99999.00,99999.00,99999.00,99999.00,99999.00,99999.00,99999.00,99999.00,99999.00,99999.00,99999.00,99999.00,99999.00,99999.00,99999.00,99999.00,99999.00,99999.00,99999.00,99999.00,99999.00,99999.00,99999.00,99999.00,99999.00,99999.00,99999.00,99999.00,99999.00,99999.00,99999.00,99999.00,99999.00,99999.00,99999.00,99999.00,99999.00,99999.00,99999.00,99999.00,99999.00,99999.00,99999.00,99999.00,99999.00,99999.00,99999.00,99999.00,99999.00,99999.00,99999.00,99999.00,99999.00,99999.00,99999.00,99999.00,99999.00,99999.00,99999.00,99999.00,99999.00,99999.00,99999.00,99999.00,99999.00,99999.00,99999.00,99999.00,99999.00,99999.00,99999.00,99999.00,99999.00,99999.00,99999.00,99999.00,99999.00,99999.00,99999.00,99999.00,99999.00,99999.00,99999.00,99999.00,99999.00,99999.00,99999.00,99999.00,99999.00
99999.00,99999.00,99999.00,99999.00,99999.00,99999.00,99999.00,99999.00,99999.00,99999.00,99999.00,99999.00,99999.00,99999.00,99999.00,99999.00,99999.00,99999.00,99999.00,99999.00,99999.00,99999.00,99999.00,99999.00,99999.00,99999.00,99999.00,99999.00,99999.00,99999.00,99999.00,99999.00,99999.00,99999.00,99999.00,99999.00,99999.00,99999.00,99999.00,99999.00,99999.00,99999.00,99999.00,99999.00,99999.00,99999.00,99999.00,99999.00,99999.00,99999.00,99999.00,99999.00,99999.00,99999.00,99999.00,99999.00,99999.00,99999.00,99999.00,99999.00,99999.00,99999.00,99999.00,99999.00,99999.00,99999.00,99999.00,99999.00,99999.00,99999.00,99999.00,99999.00,99999.00,99999.00,99999.00,99999.00,99999.00,99999.00,99999.00,99999.00,99999.00,99999.00,99999.00,99999.00,99999.00,99999.00,99999.00,99999.00,99999.00,99999.00,99999.00,99999.00,99999.00,99999.00,99999.00,99999.00,99999.00,99999.00,99999.00,99999.00,99999.00,99999.00,99999.00,99999.00,99999.00,99999.00,99999.00,99999.00,99999.00,99999.00,99999.00,99999.00,99999.00,99999.00,99999.00,99999.00,99999.00,99999.00,99999.00,99999.00,99999.00,99999.00,99999.00,99999.00,99999.00,99999.00,99999.00,99999.00,99999.00,99999.00,99999.00,99999.00,99999.00,99999.00,99999.00,99999.00,99999.00,99999.00,99999.00,99999.00,99999.00,99999.00,99999.00,99999.00,99999.00,99999.00,99999.00,99999.00,99999.00,99999.00,99999.00,99999.00,99999.00,99999.00,99999.00,99999.00,99999.00,99999.00,99999.00,99999.00,99999.00,99999.00,99999.00,99999.00,99999.00,99999.00,99999.00,99999.00,99999.00,99999.00,99999.00,99999.00,99999.00,99999.00,99999.00,99999.00,99999.00,99999.00,99999.00,99999.00,99999.00,99999.00,99999.00,99999.00,99999.00,99999.00,99999.00,99999.00,99999.00,99999.00,99999.00,99999.00,99999.00,99999.00,99999.00,99999.00
99999.00,99999.00,99999.00,99999.00,99999.00,99999.00,99999.00,99999.00,99999.00,99999.00,99999.00,99999.00,99999.00,99999.00,99999.00,99999.00,99999.00,99999.00,99999.00,99999.00,99999.00,99999.00,99999.00,99999.00,99999.00,99999.00,99999.00,99999.00,99999.00,99999.00,99999.00,99999.00,99999.00,99999.00,99999.00,99999.00,99999.00,99999.00,99999.00,99999.00,99999.00,99999.00,99999.00,99999.00,99999.00,99999.00,99999.00,99999.00,99999.00,99999.00,99999.00,99999.00,99999.00,99999.00,99999.00,99999.00,99999.00,99999.00,99999.00,99999.00,99999.00,99999.00,99999.00,99999.00,99999.00,99999.00,99999.00,99999.00,99999.00,99999.00,99999.00,99999.00,99999.00,99999.00,99999.00,99999.00,99999.00,99999.00,99999.00,99999.00,99999.00,99999.00,99999.00,99999.00,99999.00,99999.00,99999.00,99999.00,99999.00,99999.00,99999.00,99999.00,99999.00,99999.00,99999.00,99999.00,99999.00,99999.00,99999.00,99999.00,99999.00,99999.00,99999.00,99999.00,99999.00,99999.00,99999.00,99999.00,99999.00,99999.00,99999.00,99999.00,99999.00,99999.00,99999.00,99999.00,99999.00,99999.00,99999.00,99999.00,99999.00,99999.00,99999.00,99999.00,99999.00,99999.00,99999.00,99999.00,99999.00,99999.00,99999.00,99999.00,99999.00,99999.00,99999.00,99999.00,99999.00,99999.00,99999.00,99999.00,99999.00,99999.00,99999.00,99999.00,99999.00,99999.00,99999.00,99999.00,99999.00,99999.00,99999.00,99999.00,99999.00,99999.00,99999.00,99999.00,99999.00,99999.00,99999.00,99999.00,99999.00,99999.00,99999.00,99999.00,99999.00,99999.00,99999.00,99999.00,99999.00,99999.00,99999.00,99999.00,99999.00,99999.00,99999.00,99999.00,99999.00,99999.00,99999.00,99999.00,99999.00,99999.00,99999.00,99999.00,99999.00,99999.00,99999.00,99999.00,99999.00,99999.00,99999.00,99999.00,99999.00,99999.00,99999.00,99999.00
99999.00,99999.00,99999.00,99999.00,99999.00,99999.00,99999.00,99999.00,99999.00,99999.00,99999.00,99999.00,99999.00,99999.00,99999.00,99999.00,99999.00,99999.00,99999.00,99999.00,99999.00,99999.00,99999.00,99999.00,99999.00,99999.00,99999.00,99999.00,99999.00,99999.00,99999.00,99999.00,99999.00,99999.00,99999.00,99999.00,99999.00,99999.00,99999.00,99999.00,99999.00,99999.00,99999.00,99999.00,99999.00,99999.00,99999.00,99999.00,99999.00,99999.00,99999.00,99999.00,99999.00,99999.00,99999.00,99999.00,99999.00,99999.00,99999.00,99999.00,99999.00,99999.00,99999.00,99999.00,99999.00,99999.00,99999.00,99999.00,99999.00,99999.00,99999.00,99999.00,99999.00,99999.00,99999.00,99999.00,99999.00,99999.00,99999.00,99999.00,99999.00,99999.00,99999.00,99999.00,99999.00,99999.00,99999.00,99999.00,99999.00,99999.00,99999.00,99999.00,99999.00,99999.00,99999.00,99999.00,99999.00,99999.00,99999.00,99999.00,99999.00,99999.00,99999.00,99999.00,99999.00,99999.00,99999.00,99999.00,99999.00,99999.00,99999.00,99999.00,99999.00,99999.00,99999.00,99999.00,99999.00,99999.00,99999.00,99999.00,99999.00,99999.00,99999.00,99999.00,99999.00,99999.00,99999.00,99999.00,99999.00,99999.00,99999.00,99999.00,99999.00,99999.00,99999.00,99999.00,99999.00,99999.00,99999.00,99999.00,99999.00,99999.00,99999.00,99999.00,99999.00,99999.00,99999.00,99999.00,99999.00,99999.00,99999.00,99999.00,99999.00,99999.00,99999.00,99999.00,99999.00,99999.00,99999.00,99999.00,99999.00,99999.00,99999.00,99999.00,99999.00,99999.00,99999.00,99999.00,99999.00,99999.00,99999.00,99999.00,99999.00,99999.00,99999.00,99999.00,99999.00,99999.00,99999.00,99999.00,99999.00,99999.00,99999.00,99999.00,99999.00,99999.00,99999.00,99999.00,99999.00,99999.00,99999.00,99999.00,99999.00,99999.00,99999.00,99999.00
99999.00,99999.00,99999.00,99999.00,99999.00,99999.00,99999.00,99999.00,99999.00,99999.00,99999.00,99999.00,99999.00,99999.00,99999.00,99999.00,99999.00,99999.00,99999.00,99999.00,99999.00,99999.00,99999.00,99999.00,99999.00,99999.00,99999.00,99999.00,99999.00,99999.00,99999.00,99999.00,99999.00,99999.00,99999.00,99999.00,99999.00,99999.00,99999.00,99999.00,99999.00,99999.00,99999.00,99999.00,99999.00,99999.00,99999.00,99999.00,99999.00,99999.00,99999.00,99999.00,99999.00,99999.00,99999.00,99999.00,99999.00,99999.00,99999.00,99999.00,99999.00,99999.00,99999.00,99999.00,99999.00,99999.00,99999.00,99999.00,99999.00,99999.00,99999.00,99999.00,99999.00,99999.00,99999.00,99999.00,99999.00,99999.00,99999.00,99999.00,99999.00,99999.00,99999.00,99999.00,99999.00,99999.00,99999.00,99999.00,99999.00,99999.00,99999.00,99999.00,99999.00,99999.00,99999.00,99999.00,99999.00,99999.00,99999.00,99999.00,99999.00,99999.00,99999.00,99999.00,99999.00,99999.00,99999.00,99999.00,99999.00,99999.00,99999.00,99999.00,99999.00,99999.00,99999.00,99999.00,99999.00,99999.00,99999.00,99999.00,99999.00,99999.00,99999.00,99999.00,99999.00,99999.00,99999.00,99999.00,99999.00,99999.00,99999.00,99999.00,99999.00,99999.00,99999.00,99999.00,99999.00,99999.00,99999.00,99999.00,99999.00,99999.00,99999.00,99999.00,99999.00,99999.00,99999.00,99999.00,99999.00,99999.00,99999.00,99999.00,99999.00,99999.00,99999.00,99999.00,99999.00,99999.00,99999.00,99999.00,99999.00,99999.00,99999.00,99999.00,99999.00,99999.00,99999.00,99999.00,99999.00,99999.00,99999.00,99999.00,99999.00,99999.00,99999.00,99999.00,99999.00,99999.00,99999.00,99999.00,99999.00,99999.00,99999.00,99999.00,99999.00,99999.00,99999.00,99999.00,99999.00,99999.00,99999.00,99999.00,99999.00,99999.00,99999.00,99999.00
