99999.00,99999.00,99999.00,99999.00,99999.00,99999.00,99999.00,99999.00,99999.00,99999.00,99999.00,99999.00,99999.00,99999.00,99999.00,99999.00,99999.00,99999.00,99999.00,99999.00,99999.00,99999.00,99999.00,99999.00,99999.00,99999.00,99999.00,99999.00,99999.00,99999.00,99999.00,99999.00,99999.00,99999.00,99999.00,99999.00,99999.00,99999.00,99999.00,99999.00,99999.00,99999.00,99999.00,99999.00,99999.00,99999.00,99999.00,99999.00,99999.00,99999.00,99999.00,99999.00,99999.00,99999.00,99999.00,99999.00,99999.00,99999.00,99999.00,99999.00,99999.00,99999.00,99999.00,99999.00,99999.00,99999.00,99999.00,99999.00,99999.00,99999.00,99999.00,99999.00,99999.00,99999.00,99999.00,99999.00,99999.00,99999.00,99999.00,99999.00,99999.00,99999.00,99999.00,99999.00,99999.00,99999.00,99999.00,99999.00,99999.00,99999.00,99999.00,99999.00,99999.00,99999.00,99999.00,99999.00,99999.00,99999.00,99999.00,99999.00,99999.00,99999.00,99999.00,99999.00,99999.00,99999.00,99999.00,99999.00,99999.00,99999.00,99999.00,99999.00,99999.00,99999.00,99999.00,99999.00,99999.00,99999.00,99999.00,99999.00
99999.00,99999.00,99999.00,99999.00,99999.00,99999.00,99999.00,99999.00,99999.00,99999.00,99999.00,99999.00,99999.00,99999.00,99999.00,99999.00,99999.00,99999.00,99999.00,99999.00,99999.00,99999.00,99999.00,99999.00,99999.00,99999.00,99999.00,99999.00,99999.00,99999.00,99999.00,99999.00,99999.00,99999.00,99999.00,99999.00,99999.00,99999.00,99999.00,99999.00,99999.00,99999.00,99999.00,99999.00,99999.00,99999.00,99999.00,99999.00,99999.00,99999.00,99999.00,99999.00,99999.00,99999.00,99999.00,99999.00,99999.00,99999.00,99999.00,99999.00,99999.00,99999.00,99999.00,99999.00,99999.00,99999.00,99999.00,99999.00,99999.00,99999.00,99999.00,99999.00,99999.00,99999.00,99999.00,99999.00,99999.00,99999.00,99999.00,99999.00,99999.00,99999.00,99999.00,99999.00,99999.00,99999.00,99999.00,99999.00,99999.00,99999.00,99999.00,99999.00,99999.00,99999.00,99999.00,99999.00,99999.00,99999.00,99999.00,99999.00,99999.00,99999.00,99999.00,99999.00,99999.00,99999.00,99999.00,99999.00,99999.00,99999.00,99999.00,99999.00,99999.00,99999.00,99999.00,99999.00,99999.00,99999.00,99999.00,99999.00
99999.00,99999.00,99999.00,99999.00,99999.00,99999.00,99999.00,99999.00,99999.00,99999.00,99999.00,99999.00,99999.00,99999.00,99999.00,99999.00,99999.00,99999.00,99999.00,99999.00,99999.00,99999.00,99999.00,99999.00,99999.00,99999.00,99999.00,99999.00,99999.00,99999.00,99999.00,99999.00,99999.00,99999.00,99999.00,99999.00,99999.00,99999.00,99999.00,99999.00,99999.00,99999.00,99999.00,99999.00,99999.00,99999.00,99999.00,99999.00,99999.00,99999.00,99999.00,99999.00,99999.00,99999.00,99999.00,99999.00,99999.00,99999.00,99999.00,99999.00,99999.00,99999.00,99999.00,99999.00,99999.00,99999.00,99999.00,99999.00,99999.00,99999.00,99999.00,99999.00,99999.00,99999.00,99999.00,99999.00,99999.00,99999.00,99999.00,99999.00,99999.00,99999.00,99999.00,99999.00,99999.00,99999.00,99999.00,99999.00,99999.00,99999.00,99999.00,99999.00,99999.00,99999.00,99999.00,99999.00,99999.00,99999.00,99999.00,99999.00,99999.00,99999.00,99999.00,99999.00,99999.00,99999.00,99999.00,99999.00,99999.00,99999.00,99999.00,99999.00,99999.00,99999.00,99999.00,99999.00,99999.00,99999.00,99999.00,99999.00
99999.00,99999.00,99999.00,99999.00,99999.00,99999.00,99999.00,99999.00,99999.00,99999.00,99999.00,99999.00,99999.00,99999.00,99999.00,99999.00,99999.00,99999.00,99999.00,99999.00,99999.00,99999.00,99999.00,99999.00,99999.00,99999.00,99999.00,99999.00,99999.00,99999.00,99999.00,99999.00,99999.00,99999.00,99999.00,99999.00,99999.00,99999.00,99999.00,99999.00,99999.00,99999.00,99999.00,99999.00,99999.00,99999.00,99999.00,99999.00,99999.00,99999.00,99999.00,99999.00,99999.00,99999.00,99999.00,99999.00,99999.00,99999.00,99999.00,99999.00,99999.00,99999.00,99999.00,99999.00,99999.00,99999.00,99999.00,99999.00,99999.00,99999.00,99999.00,99999.00,99999.00,99999.00,99999.00,99999.00,99999.00,99999.00,99999.00,99999.00,99999.00,99999.00,99999.00,99999.00,99999.00,99999.00,99999.00,99999.00,99999.00,99999.00,99999.00,99999.00,99999.00,99999.00,99999.00,99999.00,99999.00,99999.00,99999.00,99999.00,99999.00,99999.00,99999.00,99999.00,99999.00,99999.00,99999.00,99999.00,99999.00,99999.00,99999.00,99999.00,99999.00,99999.00,99999.00,99999.00,99999.00,99999.00,99999.00,99999.00
99999.00,99999.00,99999.00,99999.00,99999.00,99999.00,99999.00,99999.00,99999.00,99999.00,99999.00,99999.00,99999.00,99999.00,99999.00,99999.00,99999.00,99999.00,99999.00,99999.00,99999.00,99999.00,99999.00,99999.00,99999.00,99999.00,99999.00,99999.00,99999.00,99999.00,99999.00,99999.00,99999.00,99999.00,99999.00,99999.00,99999.00,99999.00,99999.00,99999.00,99999.00,99999.00,99999.00,99999.00,99999.00,99999.00,99999.00,99999.00,99999.00,99999.00,99999.00,99999.00,99999.00,99999.00,99999.00,99999.00,99999.00,99999.00,99999.00,99999.00,99999.00,99999.00,99999.00,99999.00,99999.00,99999.00,99999.00,99999.00,99999.00,99999.00,99999.00,99999.00,99999.00,99999.00,99999.00,99999.00,99999.00,99999.00,99999.00,99999.00,99999.00,99999.00,99999.00,99999.00,99999.00,99999.00,99999.00,99999.00,99999.00,99999.00,99999.00,99999.00,99999.00,99999.00,99999.00,99999.00,99999.00,99999.00,99999.00,99999.00,99999.00,99999.00,99999.00,99999.00,99999.00,99999.00,99999.00,99999.00,99999.00,99999.00,99999.00,99999.00,99999.00,99999.00,99999.00,99999.00,99999.00,99999.00,99999.00,99999.00
99999.00,99999.00,99999.00,99999.00,99999.00,99999.00,99999.00,99999.00,99999.00,99999.00,99999.00,99999.00,99999.00,99999.00,99999.00,99999.00,99999.00,99999.00,99999.00,99999.00,99999.00,99999.00,99999.00,99999.00,99999.00,99999.00,99999.00,99999.00,99999.00,99999.00,99999.00,99999.00,99999.00,99999.00,99999.00,99999.00,99999.00,99999.00,99999.00,99999.00,99999.00,99999.00,99999.00,99999.00,99999.00,99999.00,99999.00,99999.00,99999.00,99999.00,99999.00,99999.00,99999.00,99999.00,99999.00,99999.00,99999.00,99999.00,99999.00,99999.00,99999.00,99999.00,99999.00,99999.00,99999.00,99999.00,99999.00,99999.00,99999.00,99999.00,99999.00,99999.00,99999.00,99999.00,99999.00,99999.00,99999.00,99999.00,99999.00,99999.00,99999.00,99999.00,99999.00,99999.00,99999.00,99999.00,99999.00,99999.00,99999.00,99999.00,99999.00,99999.00,99999.00,99999.00,99999.00,99999.00,99999.00,99999.00,99999.00,99999.00,99999.00,99999.00,99999.00,99999.00,99999.00,99999.00,99999.00,99999.00,99999.00,99999.00,99999.00,99999.00,99999.00,99999.00,99999.00,99999.00,99999.00,99999.00,99999.00,99999.00
99999.00,99999.00,99999.00,99999.00,99999.00,99999.00,99999.00,99999.00,99999.00,99999.00,99999.00,99999.00,99999.00,99999.00,99999.00,99999.00,99999.00,99999.00,99999.00,99999.00,99999.00,99999.00,99999.00,99999.00,99999.00,99999.00,99999.00,99999.00,99999.00,99999.00,99999.00,99999.00,99999.00,99999.00,99999.00,99999.00,99999.00,99999.00,99999.00,99999.00,99999.00,99999.00,99999.00,99999.00,99999.00,99999.00,99999.00,99999.00,99999.00,99999.00,99999.00,99999.00,99999.00,99999.00,99999.00,99999.00,99999.00,99999.00,99999.00,99999.00,99999.00,99999.00,99999.00,99999.00,99999.00,99999.00,99999.00,99999.00,99999.00,99999.00,99999.00,99999.00,99999.00,99999.00,99999.00,99999.00,99999.00,99999.00,99999.00,99999.00,99999.00,99999.00,99999.00,99999.00,99999.00,99999.00,99999.00,99999.00,99999.00,99999.00,99999.00,99999.00,99999.00,99999.00,99999.00,99999.00,99999.00,99999.00,99999.00,99999.00,99999.00,99999.00,99999.00,99999.00,99999.00,99999.00,99999.00,99999.00,99999.00,99999.00,99999.00,99999.00,99999.00,99999.00,99999.00,99999.00,99999.00,99999.00,99999.00,99999.00
99999.00,99999.00,99999.00,99999.00,99999.00,99999.00,99999.00,99999.00,99999.00,99999.00,99999.00,99999.00,99999.00,99999.00,99999.00,99999.00,99999.00,99999.00,99999.00,99999.00,99999.00,99999.00,99999.00,99999.00,99999.00,99999.00,99999.00,99999.00,99999.00,99999.00,99999.00,99999.00,99999.00,99999.00,99999.00,99999.00,99999.00,99999.00,99999.00,99999.00,99999.00,99999.00,99999.00,99999.00,99999.00,99999.00,99999.00,99999.00,99999.00,99999.00,99999.00,99999.00,99999.00,99999.00,99999.00,99999.00,99999.00,99999.00,99999.00,99999.00,99999.00,99999.00,99999.00,99999.00,99999.00,99999.00,99999.00,99999.00,99999.00,99999.00,99999.00,99999.00,99999.00,99999.00,99999.00,99999.00,99999.00,99999.00,99999.00,99999.00,99999.00,99999.00,99999.00,99999.00,99999.00,99999.00,99999.00,99999.00,99999.00,99999.00,99999.00,99999.00,99999.00,99999.00,99999.00,99999.00,99999.00,99999.00,99999.00,99999.00,99999.00,99999.00,99999.00,99999.00,99999.00,99999.00,99999.00,99999.00,99999.00,99999.00,99999.00,99999.00,99999.00,99999.00,99999.00,99999.00,99999.00,99999.00,99999.00,99999.00
99999.00,99999.00,99999.00,99999.00,99999.00,99999.00,99999.00,99999.00,99999.00,99999.00,99999.00,99999.00,99999.00,99999.00,99999.00,99999.00,99999.00,99999.00,99999.00,99999.00,99999.00,99999.00,99999.00,99999.00,99999.00,99999.00,99999.00,99999.00,99999.00,99999.00,99999.00,99999.00,99999.00,99999.00,99999.00,99999.00,99999.00,99999.00,99999.00,99999.00,99999.00,99999.00,99999.00,99999.00,99999.00,99999.00,99999.00,99999.00,99999.00,99999.00,99999.00,99999.00,99999.00,99999.00,99999.00,99999.00,99999.00,99999.00,99999.00,99999.00,99999.00,99999.00,99999.00,99999.00,99999.00,99999.00,99999.00,99999.00,99999.00,99999.00,99999.00,99999.00,99999.00,99999.00,99999.00,99999.00,99999.00,99999.00,99999.00,99999.00,99999.00,99999.00,99999.00,99999.00,99999.00,99999.00,99999.00,99999.00,99999.00,99999.00,99999.00,99999.00,99999.00,99999.00,99999.00,99999.00,99999.00,99999.00,99999.00,99999.00,99999.00,99999.00,99999.00,99999.00,99999.00,99999.00,99999.00,99999.00,99999.00,99999.00,99999.00,99999.00,99999.00,99999.00,99999.00,99999.00,99999.00,99999.00,99999.00,99999.00
99999.00,99999.00,99999.00,99999.00,99999.00,99999.00,99999.00,99999.00,99999.00,99999.00,99999.00,99999.00,99999.00,99999.00,99999.00,99999.00,99999.00,99999.00,99999.00,99999.00,99999.00,99999.00,99999.00,99999.00,99999.00,99999.00,99999.00,99999.00,99999.00,99999.00,99999.00,99999.00,99999.00,99999.00,99999.00,99999.00,99999.00,99999.00,99999.00,99999.00,99999.00,99999.00,99999.00,99999.00,99999.00,99999.00,99999.00,99999.00,99999.00,99999.00,99999.00,99999.00,99999.00,99999.00,99999.00,99999.00,99999.00,99999.00,99999.00,99999.00,99999.00,99999.00,99999.00,99999.00,99999.00,99999.00,99999.00,99999.00,99999.00,99999.00,99999.00,99999.00,99999.00,99999.00,99999.00,99999.00,99999.00,99999.00,99999.00,99999.00,99999.00,99999.00,99999.00,99999.00,99999.00,99999.00,99999.00,99999.00,99999.00,99999.00,99999.00,99999.00,99999.00,99999.00,99999.00,99999.00,99999.00,99999.00,99999.00,99999.00,99999.00,99999.00,99999.00,99999.00,99999.00,99999.00,99999.00,99999.00,99999.00,99999.00,99999.00,99999.00,99999.00,99999.00,99999.00,99999.00,99999.00,99999.00,99999.00,99999.00
99999.00,99999.00,99999.00,99999.00,99999.00,99999.00,99999.00,99999.00,99999.00,99999.00,99999.00,99999.00,99999.00,99999.00,99999.00,99999.00,99999.00,99999.00,99999.00,99999.00,99999.00,99999.00,99999.00,99999.00,99999.00,99999.00,99999.00,99999.00,99999.00,99999.00,99999.00,99999.00,99999.00,99999.00,99999.00,99999.00,99999.00,99999.00,99999.00,99999.00,99999.00,99999.00,99999.00,99999.00,99999.00,99999.00,99999.00,99999.00,99999.00,99999.00,99999.00,99999.00,99999.00,99999.00,99999.00,99999.00,99999.00,99999.00,99999.00,99999.00,99999.00,99999.00,99999.00,99999.00,99999.00,99999.00,99999.00,99999.00,99999.00,99999.00,99999.00,99999.00,99999.00,99999.00,99999.00,99999.00,99999.00,99999.00,99999.00,99999.00,99999.00,99999.00,99999.00,99999.00,99999.00,99999.00,99999.00,99999.00,99999.00,99999.00,99999.00,99999.00,99999.00,99999.00,99999.00,99999.00,99999.00,99999.00,99999.00,99999.00,99999.00,99999.00,99999.00,99999.00,99999.00,99999.00,99999.00,99999.00,99999.00,99999.00,99999.00,99999.00,99999.00,99999.00,99999.00,99999.00,99999.00,99999.00,99999.00,99999.00
99999.00,99999.00,99999.00,99999.00,99999.00,99999.00,99999.00,99999.00,99999.00,99999.00,99999.00,99999.00,99999.00,99999.00,99999.00,99999.00,99999.00,99999.00,99999.00,99999.00,99999.00,99999.00,99999.00,99999.00,99999.00,99999.00,99999.00,99999.00,99999.00,99999.00,99999.00,99999.00,99999.00,99999.00,99999.00,99999.00,99999.00,99999.00,99999.00,99999.00,99999.00,99999.00,99999.00,99999.00,99999.00,99999.00,99999.00,99999.00,99999.00,99999.00,99999.00,99999.00,99999.00,99999.00,99999.00,99999.00,99999.00,99999.00,99999.00,99999.00,99999.00,99999.00,99999.00,99999.00,99999.00,99999.00,99999.00,99999.00,99999.00,99999.00,99999.00,99999.00,99999.00,99999.00,99999.00,99999.00,99999.00,99999.00,99999.00,99999.00,99999.00,99999.00,99999.00,99999.00,99999.00,99999.00,99999.00,99999.00,99999.00,99999.00,99999.00,99999.00,99999.00,99999.00,99999.00,99999.00,99999.00,99999.00,99999.00,99999.00,99999.00,99999.00,99999.00,99999.00,99999.00,99999.00,99999.00,99999.00,99999.00,99999.00,99999.00,99999.00,99999.00,99999.00,99999.00,99999.00,99999.00,99999.00,99999.00,99999.00
99999.00,99999.00,99999.00,99999.00,99999.00,99999.00,99999.00,99999.00,99999.00,99999.00,99999.00,99999.00,99999.00,99999.00,99999.00,99999.00,99999.00,99999.00,99999.00,99999.00,99999.00,99999.00,99999.00,99999.00,99999.00,99999.00,99999.00,99999.00,99999.00,99999.00,99999.00,99999.00,99999.00,99999.00,99999.00,99999.00,99999.00,99999.00,99999.00,99999.00,99999.00,99999.00,99999.00,99999.00,99999.00,99999.00,99999.00,99999.00,99999.00,99999.00,99999.00,99999.00,99999.00,99999.00,99999.00,99999.00,99999.00,99999.00,99999.00,99999.00,99999.00,99999.00,99999.00,99999.00,99999.00,99999.00,99999.00,99999.00,99999.00,99999.00,99999.00,99999.00,99999.00,99999.00,99999.00,99999.00,99999.00,99999.00,99999.00,99999.00,99999.00,99999.00,99999.00,99999.00,99999.00,99999.00,99999.00,99999.00,99999.00,99999.00,99999.00,99999.00,99999.00,99999.00,99999.00,99999.00,99999.00,99999.00,99999.00,99999.00,99999.00,99999.00,99999.00,99999.00,99999.00,99999.00,99999.00,99999.00,99999.00,99999.00,99999.00,99999.00,99999.00,99999.00,99999.00,99999.00,99999.00,99999.00,99999.00,99999.00
99999.00,99999.00,99999.00,99999.00,99999.00,99999.00,99999.00,99999.00,99999.00,99999.00,99999.00,99999.00,99999.00,99999.00,99999.00,99999.00,99999.00,99999.00,99999.00,99999.00,99999.00,99999.00,99999.00,99999.00,99999.00,99999.00,99999.00,99999.00,99999.00,99999.00,99999.00,99999.00,99999.00,99999.00,99999.00,99999.00,99999.00,99999.00,99999.00,99999.00,99999.00,99999.00,99999.00,99999.00,99999.00,99999.00,99999.00,99999.00,99999.00,99999.00,99999.00,99999.00,99999.00,99999.00,99999.00,99999.00,99999.00,99999.00,99999.00,99999.00,99999.00,99999.00,99999.00,99999.00,99999.00,99999.00,99999.00,99999.00,99999.00,99999.00,99999.00,99999.00,99999.00,99999.00,99999.00,99999.00,99999.00,99999.00,99999.00,99999.00,99999.00,99999.00,99999.00,99999.00,99999.00,99999.00,99999.00,99999.00,99999.00,99999.00,99999.00,99999.00,99999.00,99999.00,99999.00,99999.00,99999.00,99999.00,99999.00,99999.00,99999.00,99999.00,99999.00,99999.00,99999.00,99999.00,99999.00,99999.00,99999.00,99999.00,99999.00,99999.00,99999.00,99999.00,99999.00,99999.00,99999.00,99999.00,99999.00,99999.00
99999.00,99999.00,99999.00,99999.00,99999.00,99999.00,99999.00,99999.00,99999.00,99999.00,99999.00,99999.00,99999.00,99999.00,99999.00,99999.00,99999.00,99999.00,99999.00,99999.00,99999.00,99999.00,99999.00,99999.00,99999.00,99999.00,99999.00,99999.00,99999.00,99999.00,99999.00,99999.00,99999.00,99999.00,99999.00,99999.00,99999.00,99999.00,99999.00,99999.00,99999.00,99999.00,99999.00,99999.00,99999.00,99999.00,99999.00,99999.00,99999.00,99999.00,99999.00,99999.00,99999.00,99999.00,99999.00,99999.00,99999.00,99999.00,99999.00,99999.00,99999.00,99999.00,99999.00,99999.00,99999.00,99999.00,99999.00,99999.00,99999.00,99999.00,99999.00,99999.00,99999.00,99999.00,99999.00,99999.00,99999.00,99999.00,99999.00,99999.00,99999.00,99999.00,99999.00,99999.00,99999.00,99999.00,99999.00,99999.00,99999.00,99999.00,99999.00,99999.00,99999.00,99999.00,99999.00,99999.00,99999.00,99999.00,99999.00,99999.00,99999.00,99999.00,99999.00,99999.00,99999.00,99999.00,99999.00,99999.00,99999.00,99999.00,99999.00,99999.00,99999.00,99999.00,99999.00,99999.00,99999.00,99999.00,99999.00,99999.00
99999.00,99999.00,99999.00,99999.00,99999.00,99999.00,99999.00,99999.00,99999.00,99999.00,99999.00,99999.00,99999.00,99999.00,99999.00,1491.27,1483.55,1476.72,1470.70,1465.52,1461.22,1457.72,1454.97,1452.88,1451.50,1450.95,1451.33,1452.85,1455.72,1460.18,1466.85,1475.95,99999.00,99999.00,99999.00,99999.00,99999.00,99999.00,99999.00,99999.00,99999.00,99999.00,99999.00,99999.00,99999.00,99999.00,99999.00,99999.00,99999.00,99999.00,99999.00,99999.00,99999.00,99999.00,99999.00,99999.00,99999.00,99999.00,99999.00,99999.00,1538.68,1539.94,1545.78,1554.53,99999.00,99999.00,99999.00,99999.00,99999.00,99999.00,99999.00,99999.00,99999.00,99999.00,99999.00,99999.00,99999.00,99999.00,99999.00,99999.00,99999.00,99999.00,99999.00,99999.00,99999.00,99999.00,99999.00,99999.00,99999.00,99999.00,99999.00,99999.00,99999.00,99999.00,99999.00,99999.00,99999.00,99999.00,99999.00,99999.00,99999.00,99999.00,99999.00,99999.00,99999.00,99999.00,99999.00,99999.00,99999.00,99999.00,99999.00,99999.00,99999.00,99999.00,99999.00,99999.00,99999.00,99999.00,99999.00,99999.00
99999.00,99999.00,99999.00,99999.00,99999.00,99999.00,99999.00,99999.00,99999.00,99999.00,99999.00,99999.00,99999.00,99999.00,99999.00,1480.89,1468.46,1461.03,1454.42,1448.70,1444.19,1440.46,1437.44,1435.06,1433.35,1432.43,1432.37,1433.38,1435.64,1439.36,1445.10,1453.66,99999.00,99999.00,99999.00,99999.00,99999.00,99999.00,99999.00,99999.00,99999.00,99999.00,99999.00,99999.00,99999.00,99999.00,99999.00,99999.00,99999.00,99999.00,99999.00,99999.00,99999.00,99999.00,99999.00,99999.00,99999.00,99999.00,99999.00,99999.00,1510.70,1512.44,1518.28,1526.54,99999.00,99999.00,99999.00,99999.00,99999.00,99999.00,99999.00,99999.00,99999.00,99999.00,99999.00,99999.00,99999.00,99999.00,99999.00,99999.00,99999.00,99999.00,99999.00,99999.00,99999.00,99999.00,99999.00,99999.00,99999.00,99999.00,99999.00,99999.00,99999.00,99999.00,99999.00,99999.00,99999.00,99999.00,99999.00,99999.00,99999.00,99999.00,99999.00,99999.00,99999.00,99999.00,99999.00,99999.00,99999.00,99999.00,99999.00,99999.00,99999.00,99999.00,99999.00,99999.00,99999.00,99999.00,99999.00,99999.00
99999.00,99999.00,99999.00,99999.00,99999.00,99999.00,99999.00,99999.00,99999.00,99999.00,99999.00,99999.00,99999.00,99999.00,99999.00,1470.50,1458.09,1447.15,1439.95,1433.53,1428.37,1424.40,1421.12,1418.44,1416.41,1415.11,1414.61,1415.12,1416.78,1419.76,1424.56,1431.91,99999.00,99999.00,99999.00,99999.00,99999.00,99999.00,99999.00,99999.00,99999.00,99999.00,99999.00,99999.00,99999.00,99999.00,99999.00,99999.00,99999.00,99999.00,99999.00,99999.00,99999.00,99999.00,99999.00,99999.00,99999.00,99999.00,99999.00,99999.00,1483.92,1486.15,1492.00,1499.86,99999.00,99999.00,99999.00,99999.00,99999.00,99999.00,99999.00,99999.00,99999.00,99999.00,99999.00,99999.00,99999.00,99999.00,99999.00,99999.00,99999.00,99999.00,99999.00,99999.00,99999.00,99999.00,99999.00,99999.00,99999.00,99999.00,99999.00,99999.00,99999.00,99999.00,99999.00,99999.00,99999.00,99999.00,99999.00,99999.00,99999.00,99999.00,99999.00,99999.00,99999.00,99999.00,99999.00,99999.00,99999.00,99999.00,99999.00,99999.00,99999.00,99999.00,99999.00,99999.00,99999.00,99999.00,99999.00,99999.00
99999.00,99999.00,99999.00,99999.00,99999.00,99999.00,99999.00,99999.00,99999.00,99999.00,99999.00,99999.00,99999.00,99999.00,99999.00,1460.15,1447.69,1436.78,1426.96,1419.95,1413.80,1409.29,1405.76,1402.79,1400.42,1398.74,1397.82,1397.81,1398.87,1401.10,1404.97,1411.09,99999.00,99999.00,99999.00,99999.00,99999.00,99999.00,99999.00,99999.00,99999.00,99999.00,99999.00,99999.00,99999.00,99999.00,99999.00,99999.00,99999.00,99999.00,99999.00,99999.00,99999.00,99999.00,99999.00,99999.00,99999.00,99999.00,99999.00,99999.00,1458.10,1460.83,1466.67,1474.22,99999.00,99999.00,99999.00,99999.00,99999.00,99999.00,99999.00,99999.00,99999.00,99999.00,99999.00,99999.00,99999.00,99999.00,99999.00,99999.00,99999.00,99999.00,99999.00,99999.00,99999.00,99999.00,99999.00,99999.00,99999.00,99999.00,99999.00,99999.00,99999.00,99999.00,99999.00,99999.00,99999.00,99999.00,99999.00,99999.00,99999.00,99999.00,99999.00,99999.00,99999.00,99999.00,99999.00,99999.00,99999.00,99999.00,99999.00,99999.00,99999.00,99999.00,99999.00,99999.00,99999.00,99999.00,99999.00,99999.00
99999.00,99999.00,99999.00,99999.00,99999.00,99999.00,99999.00,99999.00,99999.00,99999.00,99999.00,99999.00,99999.00,99999.00,99999.00,1449.78,1437.35,1426.38,1416.59,1407.62,1400.77,1395.12,1391.18,1387.92,1385.22,1383.17,1381.81,1381.29,1381.74,1383.24,1386.16,1391.05,99999.00,99999.00,99999.00,99999.00,99999.00,99999.00,99999.00,99999.00,99999.00,99999.00,99999.00,99999.00,99999.00,99999.00,99999.00,99999.00,99999.00,99999.00,99999.00,99999.00,99999.00,99999.00,99999.00,99999.00,99999.00,99999.00,99999.00,99999.00,1433.06,1436.28,1442.12,1449.42,99999.00,99999.00,99999.00,99999.00,99999.00,99999.00,99999.00,99999.00,99999.00,99999.00,99999.00,99999.00,99999.00,99999.00,99999.00,99999.00,99999.00,99999.00,99999.00,99999.00,99999.00,99999.00,99999.00,99999.00,99999.00,99999.00,99999.00,99999.00,99999.00,99999.00,99999.00,99999.00,99999.00,99999.00,99999.00,99999.00,99999.00,99999.00,99999.00,99999.00,99999.00,99999.00,99999.00,99999.00,99999.00,99999.00,99999.00,99999.00,99999.00,99999.00,99999.00,99999.00,99999.00,99999.00,99999.00,99999.00
99999.00,99999.00,99999.00,99999.00,99999.00,99999.00,99999.00,99999.00,99999.00,99999.00,99999.00,99999.00,99999.00,99999.00,99999.00,1439.41,1426.98,1416.04,1406.19,1397.25,1388.94,1382.31,1377.28,1373.70,1370.67,1368.24,1366.45,1365.43,1365.27,1366.02,1368.02,1371.67,99999.00,99999.00,99999.00,99999.00,99999.00,99999.00,99999.00,99999.00,99999.00,99999.00,99999.00,99999.00,99999.00,99999.00,99999.00,99999.00,99999.00,99999.00,99999.00,99999.00,99999.00,99999.00,99999.00,99999.00,99999.00,99999.00,99999.00,99999.00,1408.68,1412.39,1418.23,1425.35,99999.00,99999.00,99999.00,99999.00,99999.00,99999.00,99999.00,99999.00,99999.00,99999.00,99999.00,99999.00,99999.00,99999.00,99999.00,99999.00,99999.00,99999.00,99999.00,99999.00,99999.00,99999.00,99999.00,99999.00,99999.00,99999.00,99999.00,99999.00,99999.00,99999.00,99999.00,99999.00,99999.00,99999.00,99999.00,99999.00,99999.00,99999.00,99999.00,99999.00,99999.00,99999.00,99999.00,99999.00,99999.00,99999.00,99999.00,99999.00,99999.00,99999.00,99999.00,99999.00,99999.00,99999.00,99999.00,99999.00
99999.00,99999.00,99999.00,99999.00,99999.00,99999.00,99999.00,99999.00,99999.00,99999.00,99999.00,99999.00,99999.00,99999.00,99999.00,1429.03,1416.61,1405.67,1395.85,1386.86,1378.56,1370.74,1364.57,1360.04,1356.69,1353.88,1351.65,1350.13,1349.36,1349.37,1350.43,1352.85,99999.00,99999.00,99999.00,99999.00,99999.00,99999.00,99999.00,99999.00,99999.00,99999.00,99999.00,99999.00,99999.00,99999.00,99999.00,99999.00,99999.00,99999.00,99999.00,99999.00,99999.00,99999.00,99999.00,99999.00,99999.00,99999.00,99999.00,99999.00,1384.86,1389.06,1394.90,1402.04,99999.00,99999.00,99999.00,99999.00,99999.00,99999.00,99999.00,99999.00,99999.00,99999.00,99999.00,99999.00,99999.00,99999.00,99999.00,99999.00,99999.00,99999.00,99999.00,99999.00,99999.00,99999.00,99999.00,99999.00,99999.00,99999.00,99999.00,99999.00,99999.00,99999.00,99999.00,99999.00,99999.00,99999.00,99999.00,99999.00,99999.00,99999.00,99999.00,99999.00,99999.00,99999.00,99999.00,99999.00,99999.00,99999.00,99999.00,99999.00,99999.00,99999.00,99999.00,99999.00,99999.00,99999.00,99999.00,99999.00
99999.00,99999.00,99999.00,99999.00,99999.00,99999.00,99999.00,99999.00,99999.00,99999.00,99999.00,99999.00,99999.00,99999.00,99999.00,1419.03,1406.23,1395.30,1385.48,1376.51,1368.17,1360.37,1353.01,1347.39,1343.18,1340.00,1337.34,1335.31,1333.93,1333.20,1333.32,1334.52,99999.00,99999.00,99999.00,99999.00,99999.00,99999.00,99999.00,99999.00,99999.00,99999.00,99999.00,99999.00,99999.00,99999.00,99999.00,99999.00,99999.00,99999.00,99999.00,99999.00,99999.00,99999.00,99999.00,99999.00,99999.00,99999.00,99999.00,99999.00,1361.52,1366.21,1372.08,1379.69,99999.00,99999.00,99999.00,99999.00,99999.00,99999.00,99999.00,99999.00,99999.00,99999.00,99999.00,99999.00,99999.00,99999.00,99999.00,99999.00,99999.00,99999.00,99999.00,99999.00,99999.00,99999.00,99999.00,99999.00,99999.00,99999.00,99999.00,99999.00,99999.00,99999.00,99999.00,99999.00,99999.00,99999.00,99999.00,99999.00,99999.00,99999.00,99999.00,99999.00,99999.00,99999.00,99999.00,99999.00,99999.00,99999.00,99999.00,99999.00,99999.00,99999.00,99999.00,99999.00,99999.00,99999.00,99999.00,99999.00
99999.00,99999.00,99999.00,99999.00,99999.00,99999.00,99999.00,99999.00,99999.00,99999.00,99999.00,99999.00,99999.00,99999.00,99999.00,1409.67,1396.23,1384.92,1375.11,1366.14,1357.83,1349.98,1342.53,1335.77,1330.59,1326.56,1323.46,1320.92,1318.94,1317.48,1316.67,1316.65,99999.00,99999.00,99999.00,99999.00,99999.00,99999.00,99999.00,99999.00,99999.00,99999.00,99999.00,99999.00,99999.00,99999.00,99999.00,99999.00,99999.00,99999.00,99999.00,99999.00,99999.00,99999.00,99999.00,99999.00,99999.00,99999.00,99999.00,99999.00,1338.65,1343.82,1349.86,1358.13,99999.00,99999.00,99999.00,99999.00,99999.00,99999.00,99999.00,99999.00,99999.00,99999.00,99999.00,99999.00,99999.00,99999.00,99999.00,99999.00,99999.00,99999.00,99999.00,99999.00,99999.00,99999.00,99999.00,99999.00,99999.00,99999.00,99999.00,99999.00,99999.00,99999.00,99999.00,99999.00,99999.00,99999.00,99999.00,99999.00,99999.00,99999.00,99999.00,99999.00,99999.00,99999.00,99999.00,99999.00,99999.00,99999.00,99999.00,99999.00,99999.00,99999.00,99999.00,99999.00,99999.00,99999.00,99999.00,99999.00
99999.00,99999.00,99999.00,99999.00,99999.00,99999.00,99999.00,99999.00,99999.00,99999.00,99999.00,99999.00,99999.00,99999.00,99999.00,1400.72,1386.87,1374.93,1364.74,1355.79,1347.48,1339.65,1332.16,1325.17,1318.90,1313.95,1310.01,1306.98,1304.42,1302.25,1300.58,1299.45,1298.63,99999.00,99999.00,99999.00,99999.00,99999.00,99999.00,99999.00,99999.00,99999.00,99999.00,99999.00,99999.00,99999.00,99999.00,99999.00,99999.00,99999.00,99999.00,99999.00,99999.00,99999.00,99999.00,99999.00,99999.00,99999.00,99999.00,1311.62,1316.46,1321.99,1328.48,1337.36,99999.00,99999.00,99999.00,99999.00,99999.00,99999.00,99999.00,99999.00,99999.00,99999.00,99999.00,99999.00,99999.00,99999.00,99999.00,99999.00,99999.00,99999.00,99999.00,99999.00,99999.00,99999.00,99999.00,99999.00,99999.00,99999.00,99999.00,99999.00,99999.00,99999.00,99999.00,99999.00,99999.00,99999.00,99999.00,99999.00,99999.00,99999.00,99999.00,99999.00,99999.00,99999.00,99999.00,99999.00,99999.00,99999.00,99999.00,99999.00,99999.00,99999.00,99999.00,99999.00,99999.00,99999.00,99999.00,99999.00
99999.00,99999.00,99999.00,99999.00,99999.00,99999.00,99999.00,99999.00,99999.00,99999.00,99999.00,99999.00,99999.00,99999.00,99999.00,1392.44,1377.95,1365.60,1354.78,1345.45,1337.16,1329.34,1321.88,1314.73,1308.18,1302.27,1297.42,1293.49,1290.39,1287.59,1285.15,1283.10,1281.14,1279.36,99999.00,99999.00,99999.00,99999.00,99999.00,99999.00,99999.00,99999.00,99999.00,99999.00,99999.00,99999.00,99999.00,99999.00,99999.00,99999.00,99999.00,99999.00,99999.00,99999.00,99999.00,99999.00,99999.00,99999.00,1284.68,1289.74,1295.10,1300.88,1307.97,1317.38,99999.00,99999.00,99999.00,99999.00,99999.00,99999.00,99999.00,99999.00,99999.00,99999.00,99999.00,99999.00,99999.00,99999.00,99999.00,99999.00,99999.00,99999.00,99999.00,99999.00,99999.00,99999.00,99999.00,99999.00,99999.00,99999.00,99999.00,99999.00,99999.00,99999.00,99999.00,99999.00,99999.00,99999.00,99999.00,99999.00,99999.00,99999.00,99999.00,99999.00,99999.00,99999.00,99999.00,99999.00,99999.00,99999.00,99999.00,99999.00,99999.00,99999.00,99999.00,99999.00,99999.00,99999.00,99999.00,99999.00
99999.00,99999.00,99999.00,99999.00,99999.00,99999.00,99999.00,99999.00,99999.00,99999.00,99999.00,99999.00,99999.00,99999.00,99999.00,1384.39,1369.69,1356.71,1345.49,1335.53,1326.87,1319.08,1311.64,1304.45,1297.68,1291.47,1285.73,1280.89,1276.91,1273.53,1270.45,1267.65,1264.85,1262.18,1259.19,1255.71,1251.87,1248.30,1245.40,1242.99,1241.09,1239.33,1237.93,1236.72,1235.87,1235.30,1235.02,1235.03,1235.36,1236.00,1237.00,1238.44,1240.35,1242.76,1245.83,1249.60,1254.09,1258.70,1263.61,1269.05,1274.65,1280.76,1288.32,1298.16,99999.00,99999.00,99999.00,99999.00,99999.00,99999.00,99999.00,99999.00,99999.00,99999.00,99999.00,99999.00,99999.00,99999.00,99999.00,99999.00,99999.00,99999.00,99999.00,99999.00,99999.00,99999.00,99999.00,99999.00,99999.00,99999.00,99999.00,99999.00,99999.00,99999.00,99999.00,99999.00,99999.00,99999.00,99999.00,99999.00,99999.00,99999.00,99999.00,99999.00,99999.00,99999.00,99999.00,99999.00,99999.00,99999.00,99999.00,99999.00,99999.00,99999.00,99999.00,99999.00,99999.00,99999.00,99999.00,99999.00
99999.00,99999.00,99999.00,99999.00,99999.00,99999.00,99999.00,99999.00,99999.00,99999.00,99999.00,99999.00,99999.00,99999.00,99999.00,1376.56,1361.89,1348.50,1336.65,1326.30,1317.02,1308.87,1301.47,1294.30,1287.40,1280.94,1274.96,1269.27,1264.39,1260.21,1256.47,1253.09,1249.68,1246.40,1242.91,1239.14,1235.26,1231.69,1228.75,1226.24,1224.25,1222.40,1220.89,1219.57,1218.61,1217.91,1217.50,1217.36,1217.55,1218.02,1218.84,1220.09,1221.78,1223.96,1226.76,1230.24,1234.44,1238.97,1243.95,1249.49,1255.16,1261.60,1269.50,1279.70,99999.00,99999.00,99999.00,99999.00,99999.00,99999.00,99999.00,99999.00,99999.00,99999.00,99999.00,99999.00,99999.00,99999.00,99999.00,99999.00,99999.00,99999.00,99999.00,99999.00,99999.00,99999.00,99999.00,99999.00,99999.00,99999.00,99999.00,99999.00,99999.00,99999.00,99999.00,99999.00,99999.00,99999.00,99999.00,99999.00,99999.00,99999.00,99999.00,99999.00,99999.00,99999.00,99999.00,99999.00,99999.00,99999.00,99999.00,99999.00,99999.00,99999.00,99999.00,99999.00,99999.00,99999.00,99999.00,99999.00
99999.00,99999.00,99999.00,99999.00,99999.00,99999.00,99999.00,99999.00,99999.00,99999.00,99999.00,99999.00,99999.00,99999.00,99999.00,1368.98,1354.15,1340.74,1328.49,1317.52,1307.86,1299.11,1291.36,1284.25,1277.31,1270.67,1264.45,1258.56,1252.86,1247.93,1243.47,1239.37,1235.50,1231.81,1227.99,1224.03,1220.13,1216.56,1213.58,1210.98,1208.90,1206.95,1205.34,1203.91,1202.83,1202.01,1201.46,1201.19,1201.22,1201.53,1202.16,1203.22,1204.69,1206.64,1209.18,1212.37,1216.26,1220.60,1225.47,1230.91,1236.67,1243.32,1251.49,1261.97,99999.00,99999.00,99999.00,99999.00,99999.00,99999.00,99999.00,99999.00,99999.00,99999.00,99999.00,99999.00,99999.00,99999.00,99999.00,99999.00,99999.00,99999.00,99999.00,99999.00,99999.00,99999.00,99999.00,99999.00,99999.00,99999.00,99999.00,99999.00,99999.00,99999.00,99999.00,99999.00,99999.00,99999.00,99999.00,99999.00,99999.00,99999.00,99999.00,99999.00,99999.00,99999.00,99999.00,99999.00,99999.00,99999.00,99999.00,99999.00,99999.00,99999.00,99999.00,99999.00,99999.00,99999.00,99999.00,99999.00
99999.00,99999.00,99999.00,99999.00,99999.00,99999.00,99999.00,99999.00,99999.00,99999.00,99999.00,99999.00,99999.00,99999.00,99999.00,1361.50,1346.69,1333.25,1320.81,1309.45,1299.18,1290.05,1281.72,1274.29,1267.40,1260.67,1254.25,1248.20,1242.31,1236.60,1231.50,1226.79,1222.40,1218.23,1214.17,1210.09,1206.17,1202.60,1199.57,1196.89,1194.72,1192.67,1190.95,1189.41,1188.22,1187.27,1186.59,1186.18,1186.05,1186.20,1186.65,1187.51,1188.77,1190.48,1192.76,1195.66,1199.24,1203.32,1207.98,1213.29,1219.08,1225.87,1234.22,1244.91,99999.00,99999.00,99999.00,99999.00,99999.00,99999.00,99999.00,99999.00,99999.00,99999.00,99999.00,99999.00,99999.00,99999.00,99999.00,99999.00,99999.00,99999.00,99999.00,99999.00,99999.00,99999.00,99999.00,99999.00,99999.00,99999.00,99999.00,99999.00,99999.00,99999.00,99999.00,99999.00,99999.00,99999.00,99999.00,99999.00,99999.00,99999.00,99999.00,99999.00,99999.00,99999.00,99999.00,99999.00,99999.00,99999.00,99999.00,99999.00,99999.00,99999.00,99999.00,99999.00,99999.00,99999.00,99999.00,99999.00
99999.00,99999.00,99999.00,99999.00,99999.00,99999.00,99999.00,99999.00,99999.00,99999.00,99999.00,99999.00,99999.00,99999.00,99999.00,1354.05,1339.27,1325.86,1313.46,1301.86,1291.20,1281.48,1272.79,1264.79,1257.60,1250.89,1244.35,1238.12,1232.13,1226.22,1220.53,1215.28,1210.39,1205.76,1201.40,1197.09,1193.16,1189.59,1186.53,1183.76,1181.49,1179.34,1177.52,1175.87,1174.56,1173.49,1172.68,1172.12,1171.85,1171.83,1172.10,1172.76,1173.81,1175.28,1177.30,1179.91,1183.17,1186.96,1191.35,1196.51,1202.30,1209.16,1217.64,1228.36,99999.00,99999.00,99999.00,99999.00,99999.00,99999.00,99999.00,99999.00,99999.00,99999.00,99999.00,99999.00,99999.00,99999.00,99999.00,99999.00,99999.00,99999.00,99999.00,99999.00,99999.00,99999.00,99999.00,99999.00,99999.00,99999.00,99999.00,99999.00,99999.00,99999.00,99999.00,99999.00,99999.00,99999.00,99999.00,99999.00,99999.00,99999.00,99999.00,99999.00,99999.00,99999.00,99999.00,99999.00,99999.00,99999.00,99999.00,99999.00,99999.00,99999.00,99999.00,99999.00,99999.00,99999.00,99999.00,99999.00
99999.00,99999.00,99999.00,99999.00,99999.00,99999.00,99999.00,99999.00,99999.00,99999.00,99999.00,99999.00,99999.00,99999.00,99999.00,1346.83,1331.97,1318.52,1306.17,1294.60,1283.71,1273.63,1264.36,1256.03,1248.29,1241.30,1234.72,1228.37,1222.29,1216.31,1210.44,1204.70,1199.36,1194.39,1189.73,1185.30,1181.04,1177.39,1174.28,1171.42,1169.07,1166.82,1164.90,1163.14,1161.71,1160.52,1159.57,1158.87,1158.44,1158.26,1158.35,1158.82,1159.65,1160.89,1162.64,1164.96,1167.90,1171.38,1175.46,1180.47,1186.23,1193.13,1201.69,1212.36,99999.00,99999.00,99999.00,99999.00,99999.00,99999.00,99999.00,99999.00,99999.00,99999.00,99999.00,99999.00,99999.00,99999.00,99999.00,99999.00,99999.00,99999.00,99999.00,99999.00,99999.00,99999.00,99999.00,99999.00,99999.00,99999.00,99999.00,99999.00,99999.00,99999.00,99999.00,99999.00,99999.00,99999.00,99999.00,99999.00,99999.00,99999.00,99999.00,99999.00,99999.00,99999.00,99999.00,99999.00,99999.00,99999.00,99999.00,99999.00,99999.00,99999.00,99999.00,99999.00,99999.00,99999.00,99999.00,99999.00
99999.00,99999.00,99999.00,99999.00,99999.00,99999.00,99999.00,99999.00,99999.00,99999.00,99999.00,99999.00,99999.00,99999.00,99999.00,1339.78,1324.90,1311.41,1298.99,1287.41,1276.58,1266.27,1256.66,1247.76,1239.71,1232.21,1225.38,1218.91,1212.74,1206.74,1200.78,1195.00,1189.26,1183.91,1178.91,1174.28,1169.83,1165.88,1162.73,1159.78,1157.33,1154.99,1152.97,1151.10,1149.55,1148.23,1147.16,1146.31,1145.73,1145.38,1145.30,1145.57,1146.19,1147.19,1148.68,1150.70,1153.32,1156.47,1160.21,1165.09,1170.79,1177.71,1186.33,1196.94,99999.00,99999.00,99999.00,99999.00,99999.00,99999.00,99999.00,99999.00,99999.00,99999.00,99999.00,99999.00,99999.00,99999.00,99999.00,99999.00,99999.00,99999.00,99999.00,99999.00,99999.00,99999.00,99999.00,99999.00,99999.00,99999.00,99999.00,99999.00,99999.00,99999.00,99999.00,99999.00,99999.00,99999.00,99999.00,99999.00,99999.00,99999.00,99999.00,99999.00,99999.00,99999.00,99999.00,99999.00,99999.00,99999.00,99999.00,99999.00,99999.00,99999.00,99999.00,99999.00,99999.00,99999.00,99999.00,99999.00
99999.00,99999.00,99999.00,99999.00,99999.00,99999.00,99999.00,99999.00,99999.00,99999.00,99999.00,99999.00,99999.00,99999.00,99999.00,1332.81,1317.96,1304.49,1292.06,1280.45,1269.50,1259.26,1249.45,1240.22,1231.64,1223.84,1216.53,1209.85,1203.50,1197.49,1191.53,1185.67,1179.94,1174.25,1168.98,1164.11,1159.58,1155.30,1151.81,1148.75,1146.21,1143.76,1141.64,1139.66,1138.00,1136.55,1135.34,1134.36,1133.62,1133.11,1132.84,1132.92,1133.32,1134.09,1135.32,1137.05,1139.35,1142.16,1145.54,1150.29,1155.94,1162.84,1171.50,1181.82,99999.00,99999.00,99999.00,99999.00,99999.00,99999.00,99999.00,99999.00,99999.00,99999.00,99999.00,99999.00,99999.00,99999.00,99999.00,99999.00,99999.00,99999.00,99999.00,99999.00,99999.00,99999.00,99999.00,99999.00,99999.00,99999.00,99999.00,99999.00,99999.00,99999.00,99999.00,99999.00,99999.00,99999.00,99999.00,99999.00,99999.00,99999.00,99999.00,99999.00,99999.00,99999.00,99999.00,99999.00,99999.00,99999.00,99999.00,99999.00,99999.00,99999.00,99999.00,99999.00,99999.00,99999.00,99999.00,99999.00
99999.00,99999.00,99999.00,99999.00,99999.00,99999.00,99999.00,99999.00,99999.00,99999.00,99999.00,99999.00,99999.00,99999.00,99999.00,1325.97,1311.11,1297.65,1285.26,1273.68,1262.74,1252.33,1242.59,1233.18,1224.29,1215.97,1208.40,1201.26,1194.73,1188.49,1182.59,1176.71,1171.01,1165.36,1159.78,1154.62,1149.91,1145.44,1141.49,1138.25,1135.62,1133.07,1130.84,1128.76,1126.98,1125.41,1124.07,1122.94,1122.05,1121.37,1120.93,1120.81,1121.00,1121.53,1122.50,1123.94,1125.90,1128.37,1131.37,1136.01,1141.60,1148.48,1156.94,1167.00,99999.00,99999.00,99999.00,99999.00,99999.00,99999.00,99999.00,99999.00,99999.00,99999.00,99999.00,99999.00,99999.00,99999.00,99999.00,99999.00,99999.00,99999.00,99999.00,99999.00,99999.00,99999.00,99999.00,99999.00,99999.00,99999.00,99999.00,99999.00,99999.00,99999.00,99999.00,99999.00,99999.00,99999.00,99999.00,99999.00,99999.00,99999.00,99999.00,99999.00,99999.00,99999.00,99999.00,99999.00,99999.00,99999.00,99999.00,99999.00,99999.00,99999.00,99999.00,99999.00,99999.00,99999.00,99999.00,99999.00
99999.00,99999.00,99999.00,99999.00,99999.00,99999.00,99999.00,99999.00,99999.00,99999.00,99999.00,99999.00,99999.00,99999.00,99999.00,1319.24,1304.39,1290.95,1278.56,1267.01,1256.12,1245.76,1235.80,1226.49,1217.43,1208.83,1200.76,1193.38,1186.42,1180.03,1173.92,1168.14,1162.38,1156.79,1151.27,1145.87,1140.93,1136.39,1132.11,1128.53,1125.50,1122.86,1120.53,1118.33,1116.44,1114.75,1113.27,1112.00,1110.96,1110.11,1109.49,1109.18,1109.15,1109.45,1110.16,1111.30,1112.94,1115.06,1117.68,1122.20,1127.72,1134.59,1142.64,1152.67,99999.00,99999.00,99999.00,99999.00,99999.00,99999.00,99999.00,99999.00,99999.00,99999.00,99999.00,99999.00,99999.00,99999.00,99999.00,99999.00,99999.00,99999.00,99999.00,99999.00,99999.00,99999.00,99999.00,99999.00,99999.00,99999.00,99999.00,99999.00,99999.00,99999.00,99999.00,99999.00,99999.00,99999.00,99999.00,99999.00,99999.00,99999.00,99999.00,99999.00,99999.00,99999.00,99999.00,99999.00,99999.00,99999.00,99999.00,99999.00,99999.00,99999.00,99999.00,99999.00,99999.00,99999.00,99999.00,99999.00
99999.00,99999.00,99999.00,99999.00,99999.00,99999.00,99999.00,99999.00,99999.00,99999.00,99999.00,99999.00,99999.00,99999.00,99999.00,1312.60,1297.77,1284.35,1271.99,1260.46,1249.60,1239.27,1229.39,1219.87,1210.92,1202.17,1193.83,1185.99,1178.81,1172.01,1165.77,1159.80,1154.16,1148.54,1143.10,1137.73,1132.51,1127.79,1123.33,1119.29,1115.85,1113.09,1110.65,1108.35,1106.34,1104.52,1102.91,1101.50,1100.31,1099.29,1098.49,1097.98,1097.74,1097.80,1098.25,1099.10,1100.41,1102.18,1104.40,1108.82,1114.28,1120.90,1128.79,1138.48,99999.00,99999.00,99999.00,99999.00,99999.00,99999.00,99999.00,99999.00,99999.00,99999.00,99999.00,99999.00,99999.00,99999.00,99999.00,99999.00,99999.00,99999.00,99999.00,99999.00,99999.00,99999.00,99999.00,99999.00,99999.00,99999.00,99999.00,99999.00,99999.00,99999.00,99999.00,99999.00,99999.00,99999.00,99999.00,99999.00,99999.00,99999.00,99999.00,99999.00,99999.00,99999.00,99999.00,99999.00,99999.00,99999.00,99999.00,99999.00,99999.00,99999.00,99999.00,99999.00,99999.00,99999.00,99999.00,99999.00
99999.00,99999.00,99999.00,99999.00,99999.00,99999.00,99999.00,99999.00,99999.00,99999.00,99999.00,99999.00,99999.00,99999.00,99999.00,1306.27,1291.38,1277.85,1265.52,1254.03,1243.21,1232.93,1223.09,1213.62,1204.48,1195.86,1187.39,1179.29,1171.66,1164.67,1158.04,1151.97,1146.15,1140.66,1135.20,1129.92,1124.73,1119.79,1115.25,1110.88,1107.09,1103.87,1101.17,1098.75,1096.63,1094.69,1092.95,1091.39,1090.04,1088.87,1087.88,1087.18,1086.73,1086.55,1086.73,1087.30,1088.28,1089.68,1091.51,1095.84,1101.24,1107.42,1115.08,1124.35,99999.00,99999.00,99999.00,99999.00,99999.00,99999.00,99999.00,99999.00,99999.00,99999.00,99999.00,99999.00,99999.00,99999.00,99999.00,99999.00,99999.00,99999.00,99999.00,99999.00,99999.00,99999.00,99999.00,99999.00,99999.00,99999.00,99999.00,99999.00,99999.00,99999.00,99999.00,99999.00,99999.00,99999.00,99999.00,99999.00,99999.00,99999.00,99999.00,99999.00,99999.00,99999.00,99999.00,99999.00,99999.00,99999.00,99999.00,99999.00,99999.00,99999.00,99999.00,99999.00,99999.00,99999.00,99999.00,99999.00
99999.00,99999.00,99999.00,99999.00,99999.00,99999.00,99999.00,99999.00,99999.00,99999.00,99999.00,99999.00,99999.00,99999.00,99999.00,1300.27,1285.10,1271.66,1259.28,1247.70,1236.92,1226.69,1216.91,1207.50,1198.40,1189.60,1181.28,1173.07,1165.20,1157.77,1150.97,1144.52,1138.61,1132.97,1127.64,1122.35,1117.26,1112.25,1107.54,1102.98,1098.74,1095.09,1092.12,1089.52,1087.28,1085.21,1083.34,1081.64,1080.14,1078.80,1077.64,1076.74,1076.07,1075.66,1075.58,1075.85,1076.51,1077.55,1078.97,1083.21,1088.34,1094.32,1101.46,1110.09,99999.00,99999.00,99999.00,99999.00,99999.00,99999.00,99999.00,99999.00,99999.00,99999.00,99999.00,99999.00,99999.00,99999.00,99999.00,99999.00,99999.00,99999.00,99999.00,99999.00,99999.00,99999.00,99999.00,99999.00,99999.00,99999.00,99999.00,99999.00,99999.00,99999.00,99999.00,99999.00,99999.00,99999.00,99999.00,99999.00,99999.00,99999.00,99999.00,99999.00,99999.00,99999.00,99999.00,99999.00,99999.00,99999.00,99999.00,99999.00,99999.00,99999.00,99999.00,99999.00,99999.00,99999.00,99999.00,99999.00
99999.00,99999.00,99999.00,99999.00,99999.00,99999.00,99999.00,99999.00,99999.00,99999.00,99999.00,99999.00,99999.00,99999.00,99999.00,1294.53,1279.45,1265.80,1253.15,1241.67,1230.86,1220.56,1210.83,1201.49,1192.47,1183.71,1175.21,1167.17,1159.20,1151.55,1144.32,1137.71,1131.44,1125.71,1120.24,1115.10,1109.99,1105.08,1100.34,1095.71,1091.14,1087.15,1083.70,1080.78,1078.27,1076.08,1074.07,1072.23,1070.58,1069.07,1067.73,1066.63,1065.75,1065.10,1064.76,1064.74,1065.07,1065.75,1066.75,1070.92,1075.58,1081.31,1088.01,1095.91,99999.00,99999.00,99999.00,99999.00,99999.00,99999.00,99999.00,99999.00,99999.00,99999.00,99999.00,99999.00,99999.00,99999.00,99999.00,99999.00,99999.00,99999.00,99999.00,99999.00,99999.00,99999.00,99999.00,99999.00,99999.00,99999.00,99999.00,99999.00,99999.00,99999.00,99999.00,99999.00,99999.00,99999.00,99999.00,99999.00,99999.00,99999.00,99999.00,99999.00,99999.00,99999.00,99999.00,99999.00,99999.00,99999.00,99999.00,99999.00,99999.00,99999.00,99999.00,99999.00,99999.00,99999.00,99999.00,99999.00
99999.00,99999.00,99999.00,99999.00,99999.00,99999.00,99999.00,99999.00,99999.00,99999.00,99999.00,99999.00,99999.00,99999.00,99999.00,1289.62,1274.33,1260.21,1247.66,1235.98,1224.91,1214.72,1204.97,1195.58,1186.63,1177.95,1169.51,1161.30,1153.50,1145.77,1138.33,1131.31,1124.89,1118.80,1113.26,1107.97,1103.01,1098.09,1093.28,1088.57,1083.86,1079.47,1075.67,1072.46,1069.63,1067.20,1065.09,1063.13,1061.32,1059.65,1058.13,1056.84,1055.74,1054.85,1054.26,1053.94,1053.94,1054.25,1054.85,1058.72,1063.17,1068.36,1074.39,1081.44,99999.00,99999.00,99999.00,99999.00,99999.00,99999.00,99999.00,99999.00,99999.00,99999.00,99999.00,99999.00,99999.00,99999.00,99999.00,99999.00,99999.00,99999.00,99999.00,99999.00,99999.00,99999.00,99999.00,99999.00,99999.00,99999.00,99999.00,99999.00,99999.00,99999.00,99999.00,99999.00,99999.00,99999.00,99999.00,99999.00,99999.00,99999.00,99999.00,99999.00,99999.00,99999.00,99999.00,99999.00,99999.00,99999.00,99999.00,99999.00,99999.00,99999.00,99999.00,99999.00,99999.00,99999.00,99999.00,99999.00
99999.00,99999.00,99999.00,99999.00,99999.00,99999.00,99999.00,99999.00,99999.00,99999.00,99999.00,99999.00,99999.00,99999.00,99999.00,1284.72,1269.50,1255.52,1242.69,1230.55,1219.59,1209.21,1199.22,1189.96,1181.00,1172.28,1163.92,1155.77,1147.83,1140.28,1132.77,1125.55,1118.72,1112.49,1106.60,1101.24,1096.14,1091.20,1086.33,1081.54,1076.76,1072.05,1067.91,1064.31,1061.23,1058.55,1056.18,1054.13,1052.22,1050.44,1048.80,1047.33,1046.02,1044.90,1044.04,1043.43,1043.10,1043.05,1043.23,1046.62,1050.80,1055.53,1060.81,1066.91,99999.00,99999.00,99999.00,99999.00,99999.00,99999.00,99999.00,99999.00,99999.00,99999.00,99999.00,99999.00,99999.00,99999.00,99999.00,99999.00,99999.00,99999.00,99999.00,99999.00,99999.00,99999.00,99999.00,99999.00,99999.00,99999.00,99999.00,99999.00,99999.00,99999.00,99999.00,99999.00,99999.00,99999.00,99999.00,99999.00,99999.00,99999.00,99999.00,99999.00,99999.00,99999.00,99999.00,99999.00,99999.00,99999.00,99999.00,99999.00,99999.00,99999.00,99999.00,99999.00,99999.00,99999.00,99999.00,99999.00
99999.00,99999.00,99999.00,99999.00,99999.00,99999.00,99999.00,99999.00,99999.00,99999.00,99999.00,99999.00,99999.00,99999.00,99999.00,1280.31,1265.15,1251.13,1238.01,1226.02,1214.79,1203.96,1194.11,1184.65,1175.47,1166.90,1158.55,1150.37,1142.50,1134.81,1127.49,1120.19,1113.18,1106.55,1100.51,1094.81,1089.45,1084.36,1079.45,1074.60,1069.74,1064.90,1060.37,1056.42,1053.06,1050.07,1047.47,1045.20,1043.20,1041.32,1039.56,1037.95,1036.49,1035.20,1034.10,1033.21,1032.56,1032.15,1031.92,1034.85,1038.48,1042.55,1047.00,1052.04,1057.57,99999.00,99999.00,99999.00,99999.00,99999.00,99999.00,99999.00,99999.00,99999.00,99999.00,99999.00,99999.00,99999.00,99999.00,99999.00,99999.00,99999.00,99999.00,99999.00,99999.00,99999.00,99999.00,99999.00,99999.00,99999.00,99999.00,99999.00,99999.00,99999.00,99999.00,99999.00,99999.00,99999.00,99999.00,99999.00,99999.00,99999.00,99999.00,99999.00,99999.00,99999.00,99999.00,99999.00,99999.00,99999.00,99999.00,99999.00,99999.00,99999.00,99999.00,99999.00,99999.00,99999.00,99999.00,99999.00
99999.00,99999.00,99999.00,99999.00,99999.00,99999.00,99999.00,99999.00,99999.00,99999.00,99999.00,99999.00,99999.00,99999.00,99999.00,1276.44,1261.34,1247.39,1234.34,1222.01,1210.28,1199.61,1189.50,1179.61,1170.56,1161.82,1153.26,1145.24,1137.38,1129.65,1122.20,1115.11,1108.03,1101.21,1094.78,1088.73,1083.02,1077.68,1072.62,1067.72,1062.79,1057.88,1053.03,1048.76,1045.02,1041.79,1038.95,1036.41,1034.25,1032.26,1030.40,1028.67,1027.07,1025.62,1024.33,1023.23,1022.33,1021.57,1020.95,1023.44,1026.56,1030.02,1033.76,1037.91,1042.35,1046.84,99999.00,99999.00,99999.00,99999.00,99999.00,99999.00,99999.00,99999.00,99999.00,99999.00,99999.00,99999.00,99999.00,99999.00,99999.00,99999.00,99999.00,99999.00,99999.00,99999.00,99999.00,99999.00,99999.00,99999.00,99999.00,99999.00,99999.00,99999.00,99999.00,99999.00,99999.00,99999.00,99999.00,99999.00,99999.00,99999.00,99999.00,99999.00,99999.00,99999.00,99999.00,99999.00,99999.00,99999.00,99999.00,99999.00,99999.00,99999.00,99999.00,99999.00,99999.00,99999.00,99999.00,99999.00
99999.00,99999.00,99999.00,99999.00,99999.00,99999.00,99999.00,99999.00,99999.00,99999.00,99999.00,99999.00,99999.00,99999.00,99999.00,1272.80,1257.72,1243.84,1230.85,1218.60,1206.94,1195.88,1185.16,1175.45,1166.16,1156.99,1148.58,1140.40,1132.34,1124.78,1117.35,1110.01,1103.13,1096.28,1089.42,1082.97,1076.92,1071.23,1065.92,1060.87,1055.89,1050.92,1045.95,1041.29,1037.21,1033.72,1030.57,1027.82,1025.38,1023.28,1021.32,1019.47,1017.74,1016.14,1014.68,1013.38,1012.25,1011.24,1010.33,1012.43,1015.09,1018.02,1021.14,1024.59,1028.24,1031.88,1035.30,1038.33,1040.91,1043.91,1047.21,1050.88,1055.11,1060.01,1065.66,1072.33,1079.52,1087.00,1094.69,1102.98,1111.89,1121.37,1131.46,1142.32,1154.03,1166.56,1179.96,1194.28,1209.10,1224.43,1240.37,1256.94,1274.34,1292.55,1311.93,1332.50,1354.70,1378.91,99999.00,99999.00,99999.00,99999.00,99999.00,99999.00,99999.00,99999.00,99999.00,99999.00,99999.00,99999.00,99999.00,99999.00,99999.00,99999.00,99999.00,99999.00,99999.00,99999.00,99999.00,99999.00
99999.00,99999.00,99999.00,99999.00,99999.00,99999.00,99999.00,99999.00,99999.00,99999.00,99999.00,99999.00,99999.00,99999.00,99999.00,1269.35,1254.27,1240.40,1227.49,1215.30,1203.72,1192.65,1182.01,1171.93,1162.03,1153.05,1144.40,1135.80,1127.91,1120.20,1112.57,1105.41,1098.34,1091.36,1084.43,1077.55,1071.11,1065.08,1059.43,1054.14,1049.02,1043.98,1038.96,1034.00,1029.61,1025.75,1022.38,1019.40,1016.70,1014.37,1012.31,1010.36,1008.51,1006.78,1005.16,1003.68,1002.35,1001.10, 999.94,1001.74,1004.06,1006.57,1009.19,1012.09,1015.17,1018.25,1021.21,1024.00,1026.58,1029.64,1032.99,1036.68,1040.87,1045.69,1051.85,1058.70,1065.76,1073.06,1080.95,1089.44,1098.49,1108.13,1118.50,1129.71,1141.71,1154.54,1168.26,1182.43,1197.06,1212.24,1227.97,1244.42,1261.56,1279.69,1298.78,1319.18,1341.11,1365.18,99999.00,99999.00,99999.00,99999.00,99999.00,99999.00,99999.00,99999.00,99999.00,99999.00,99999.00,99999.00,99999.00,99999.00,99999.00,99999.00,99999.00,99999.00,99999.00,99999.00,99999.00,99999.00
99999.00,99999.00,99999.00,99999.00,99999.00,99999.00,99999.00,99999.00,99999.00,99999.00,99999.00,99999.00,99999.00,99999.00,99999.00,1266.10,1251.03,1237.16,1224.25,1212.12,1200.62,1189.62,1179.06,1168.88,1159.07,1149.73,1140.48,1132.08,1123.95,1115.83,1108.38,1101.07,1093.82,1086.61,1079.50,1072.48,1065.61,1059.19,1053.20,1047.59,1042.25,1037.08,1031.99,1026.92,1022.16,1017.98,1014.38,1011.11,1008.21,1005.61,1003.37,1001.34, 999.38, 997.53, 995.78, 994.14, 992.62, 991.18, 989.78, 991.33, 993.37, 995.57, 997.86,1000.37,1003.03,1005.74,1008.41,1011.05,1013.66,1016.76,1020.14,1023.82,1027.96,1033.39,1039.84,1046.51,1053.44,1060.94,1069.02,1077.64,1086.84,1096.75,1107.47,1118.96,1131.25,1144.40,1157.96,1171.94,1186.41,1201.38,1216.99,1233.19,1250.24,1268.30,1287.39,1307.85,1330.03,1354.31,99999.00,99999.00,99999.00,99999.00,99999.00,99999.00,99999.00,99999.00,99999.00,99999.00,99999.00,99999.00,99999.00,99999.00,99999.00,99999.00,99999.00,99999.00,99999.00,99999.00,99999.00,99999.00
99999.00,99999.00,99999.00,99999.00,99999.00,99999.00,99999.00,99999.00,99999.00,99999.00,99999.00,99999.00,99999.00,99999.00,99999.00,1263.05,1247.97,1234.11,1221.20,1209.07,1197.60,1186.67,1176.19,1166.09,1156.33,1146.87,1137.71,1128.97,1120.25,1112.33,1104.65,1096.95,1089.44,1082.08,1074.79,1067.54,1060.42,1053.58,1047.20,1041.26,1035.64,1030.25,1025.04,1019.92,1014.87,1010.40,1006.44,1002.98, 999.88, 997.05, 994.56, 992.39, 990.35, 988.39, 986.52, 984.74, 983.08, 981.46, 979.87, 981.22, 983.03, 984.99, 987.02, 989.27, 991.69, 994.16, 996.65, 999.21,1001.85,1004.97,1008.33,1011.99,1016.59,1022.52,1028.83,1035.39,1042.51,1050.19,1058.39,1067.16,1076.62,1086.87,1097.85,1109.61,1122.20,1135.17,1148.53,1162.35,1176.61,1191.47,1207.03,1223.39,1240.51,1258.63,1277.96,1298.65,1320.94,1345.35,99999.00,99999.00,99999.00,99999.00,99999.00,99999.00,99999.00,99999.00,99999.00,99999.00,99999.00,99999.00,99999.00,99999.00,99999.00,99999.00,99999.00,99999.00,99999.00,99999.00,99999.00,99999.00
99999.00,99999.00,99999.00,99999.00,99999.00,99999.00,99999.00,99999.00,99999.00,99999.00,99999.00,99999.00,99999.00,99999.00,99999.00,1260.15,1245.08,1231.21,1218.30,1206.17,1194.70,1183.79,1173.37,1163.34,1153.66,1144.28,1135.17,1126.31,1117.69,1109.44,1101.17,1093.20,1085.47,1077.72,1070.17,1062.78,1055.48,1048.25,1041.46,1035.15,1029.22,1023.57,1018.16,1012.92,1007.77,1002.95, 998.70, 995.02, 991.66, 988.66, 985.93, 983.55, 981.42, 979.37, 977.40, 975.51, 973.71, 971.95, 970.21, 971.38, 973.02, 974.79, 976.63, 978.71, 980.97, 983.32, 985.75, 988.27, 990.93, 994.03, 997.40,1001.37,1006.55,1012.45,1018.65,1025.39,1032.68,1040.47,1048.78,1057.77,1067.53,1078.00,1089.24,1101.29,1113.69,1126.46,1139.67,1153.41,1167.75,1182.77,1198.39,1214.82,1232.17,1250.52,1269.97,1290.92,1313.36,1337.39,99999.00,99999.00,99999.00,99999.00,99999.00,99999.00,99999.00,99999.00,99999.00,99999.00,99999.00,99999.00,99999.00,99999.00,99999.00,99999.00,99999.00,99999.00,99999.00,99999.00,99999.00,99999.00
99999.00,99999.00,99999.00,99999.00,99999.00,99999.00,99999.00,99999.00,99999.00,99999.00,99999.00,99999.00,99999.00,99999.00,99999.00,1258.14,1243.07,1229.20,1216.29,1204.16,1192.69,1181.78,1171.36,1161.36,1151.73,1142.43,1133.40,1124.62,1115.82,1106.98,1098.31,1090.00,1081.68,1073.67,1065.90,1058.13,1050.57,1043.20,1035.96,1029.24,1022.99,1017.05,1011.39,1005.97,1000.73, 995.64, 991.12, 987.11, 983.58, 980.41, 977.48, 974.88, 972.58, 970.46, 968.42, 966.43, 964.53, 962.65, 960.79, 961.83, 963.33, 964.96, 966.67, 968.62, 970.79, 973.07, 975.48, 978.04, 980.72, 983.80, 987.40, 991.78, 997.18,1003.01,1009.38,1016.27,1023.62,1031.47,1039.98,1049.26,1059.22,1069.94,1081.45,1093.31,1105.56,1118.30,1131.58,1145.47,1159.87,1174.95,1190.82,1207.47,1224.95,1243.58,1263.21,1284.04,1306.08,1329.60,99999.00,99999.00,99999.00,99999.00,99999.00,99999.00,99999.00,99999.00,99999.00,99999.00,99999.00,99999.00,99999.00,99999.00,99999.00,99999.00,99999.00,99999.00,99999.00,99999.00,99999.00,99999.00
99999.00,99999.00,99999.00,99999.00,99999.00,99999.00,99999.00,99999.00,99999.00,99999.00,99999.00,99999.00,99999.00,99999.00,99999.00,1256.97,1241.90,1228.03,1215.12,1202.99,1191.52,1180.61,1170.18,1160.18,1150.56,1141.28,1132.30,1123.32,1114.31,1105.29,1096.24,1087.18,1078.46,1070.11,1061.77,1053.73,1045.96,1038.21,1030.72,1023.56,1016.94,1010.69,1004.76, 999.11, 993.71, 988.49, 983.66, 979.38, 975.67, 972.26, 969.20, 966.40, 963.91, 961.67, 959.56, 957.51, 955.52, 953.56, 951.60, 952.54, 953.94, 955.48, 957.09, 958.97, 961.07, 963.33, 965.75, 968.32, 971.12, 974.39, 978.19, 982.94, 988.36, 994.33,1000.78,1007.69,1015.08,1023.12,1031.91,1041.38,1051.58,1062.56,1073.92,1085.73,1098.04,1110.91,1124.25,1138.20,1152.85,1168.17,1184.19,1201.15,1218.87,1237.60,1257.15,1277.65,1299.24,1322.14,1346.60,99999.00,99999.00,99999.00,99999.00,99999.00,99999.00,99999.00,99999.00,99999.00,99999.00,99999.00,99999.00,99999.00,99999.00,99999.00,99999.00,99999.00,99999.00,99999.00,99999.00,99999.00
99999.00,99999.00,99999.00,99999.00,99999.00,99999.00,99999.00,99999.00,99999.00,99999.00,99999.00,99999.00,99999.00,99999.00,99999.00,1256.65,1241.57,1227.71,1214.80,1202.67,1191.20,1180.29,1169.86,1159.86,1150.24,1140.96,1131.67,1122.39,1113.10,1103.82,1094.53,1085.25,1076.05,1066.88,1058.13,1049.76,1041.41,1033.41,1025.71,1018.09,1011.04,1004.49, 998.28, 992.38, 986.77, 981.41, 976.30, 971.80, 967.79, 964.25, 961.05, 958.08, 955.41, 953.02, 950.83, 948.73, 946.69, 944.66, 942.64, 943.51, 944.84, 946.31, 947.86, 949.70, 951.77, 954.03, 956.43, 959.00, 962.06, 965.55, 969.59, 974.56, 980.11, 986.13, 992.59, 999.53,1007.10,1015.40,1024.37,1034.05,1044.50,1055.42,1066.81,1078.74,1091.10,1104.03,1117.61,1131.80,1146.62,1162.28,1178.57,1195.77,1213.63,1232.16,1251.46,1271.63,1292.78,1315.05,1338.58,1363.50,99999.00,99999.00,99999.00,99999.00,99999.00,99999.00,99999.00,99999.00,99999.00,99999.00,99999.00,99999.00,99999.00,99999.00,99999.00,99999.00,99999.00,99999.00,99999.00,99999.00
99999.00,99999.00,99999.00,99999.00,99999.00,99999.00,99999.00,99999.00,99999.00,99999.00,99999.00,99999.00,99999.00,99999.00,99999.00,1257.47,1242.39,1228.53,1215.62,1203.49,1192.02,1181.11,1170.68,1160.68,1151.06,1141.44,1131.81,1122.19,1112.57,1102.95,1093.32,1083.70,1074.08,1064.46,1055.23,1046.04,1037.29,1028.96,1020.71,1012.84,1005.33, 998.42, 991.92, 985.77, 979.94, 974.39, 969.09, 964.31, 960.08, 956.38, 952.99, 949.92, 947.09, 944.55, 942.24, 940.10, 938.02, 935.95, 933.89, 934.72, 936.00, 937.43, 938.94, 940.74, 942.79, 945.04, 947.41, 950.19, 953.43, 957.18, 961.58, 966.65, 972.25, 978.26, 984.74, 991.84, 999.65,1008.12,1017.29,1027.21,1037.72,1048.73,1060.14,1072.11,1084.69,1097.86,1111.60,1126.15,1141.26,1157.19,1173.82,1190.99,1208.74,1227.12,1246.21,1266.08,1286.83,1308.53,1331.28,1355.11,1380.00,1405.72,1431.38,1458.11,1486.14,99999.00,99999.00,99999.00,99999.00,99999.00,99999.00,99999.00,99999.00,99999.00,99999.00,99999.00,99999.00,99999.00,99999.00,99999.00
99999.00,99999.00,99999.00,99999.00,99999.00,99999.00,99999.00,99999.00,99999.00,99999.00,99999.00,99999.00,99999.00,99999.00,99999.00,1259.22,1244.14,1230.27,1217.36,1205.24,1193.77,1182.85,1172.43,1162.43,1152.43,1142.43,1132.43,1122.43,1112.43,1102.43,1092.43,1082.43,1072.43,1062.43,1052.61,1042.94,1033.72,1024.59,1015.95,1007.79, 999.75, 992.41, 985.61, 979.21, 973.15, 967.41, 961.96, 956.92, 952.49, 948.55, 945.05, 941.89, 938.92, 936.25, 933.83, 931.60, 929.49, 927.38, 925.29, 926.09, 927.34, 928.75, 930.24, 932.01, 934.07, 936.31, 938.75, 941.79, 945.25, 949.25, 953.81, 959.07, 964.64, 970.66, 977.29, 984.62, 992.58,1001.24,1010.62,1020.74,1031.24,1042.26,1053.88,1066.06,1078.80,1092.30,1106.35,1121.18,1136.73,1152.84,1169.47,1186.61,1204.30,1222.59,1241.52,1261.16,1281.58,1302.82,1324.95,1347.97,1371.88,1396.61,1422.09,1448.43,1475.66,99999.00,99999.00,99999.00,99999.00,99999.00,99999.00,99999.00,99999.00,99999.00,99999.00,99999.00,99999.00,99999.00,99999.00,99999.00
99999.00,99999.00,99999.00,99999.00,99999.00,99999.00,99999.00,99999.00,99999.00,99999.00,99999.00,99999.00,99999.00,99999.00,99999.00,1262.09,1247.02,1233.15,1220.24,1208.11,1196.64,1185.73,1175.31,1164.88,1154.45,1144.03,1133.60,1123.18,1112.75,1102.33,1091.90,1081.47,1071.05,1060.62,1050.30,1040.07,1030.26,1020.66,1011.58,1002.65, 994.26, 986.43, 979.29, 972.61, 966.33, 960.40, 954.79, 949.56, 944.90, 940.77, 937.17, 933.84, 930.82, 928.02, 925.50, 923.19, 921.02, 918.91, 916.81, 917.60, 918.84, 920.24, 921.72, 923.51, 925.58, 927.78, 930.50, 933.72, 937.42, 941.66, 946.45, 951.69, 957.26, 963.42, 970.26, 977.72, 985.85, 994.71,1004.31,1014.41,1025.08,1036.28,1048.02,1060.52,1073.53,1087.30,1101.79,1116.95,1132.64,1148.83,1165.51,1182.69,1200.39,1218.64,1237.49,1256.98,1277.16,1298.08,1319.75,1342.22,1365.46,1389.45,1414.19,1439.79,1466.50,99999.00,99999.00,99999.00,99999.00,99999.00,99999.00,99999.00,99999.00,99999.00,99999.00,99999.00,99999.00,99999.00,99999.00,99999.00
99999.00,99999.00,99999.00,99999.00,99999.00,99999.00,99999.00,99999.00,99999.00,99999.00,99999.00,99999.00,99999.00,99999.00,99999.00,1265.15,1250.08,1236.21,1223.30,1211.17,1199.70,1189.28,1178.85,1168.20,1157.29,1146.38,1135.47,1124.56,1113.65,1102.74,1091.83,1080.92,1070.01,1059.09,1048.18,1037.31,1026.99,1016.85,1007.21, 997.86, 989.09, 980.51, 972.93, 965.98, 959.48, 953.37, 947.59, 942.18, 937.31, 933.03, 929.22, 925.83, 922.76, 919.87, 917.25, 914.86, 912.65, 910.54, 908.43, 909.23, 910.49, 911.89, 913.39, 915.20, 917.28, 919.60, 922.59, 925.98, 929.82, 934.21, 939.25, 944.47, 950.19, 956.54, 963.50, 971.12, 979.44, 988.48, 998.22,1008.47,1019.23,1030.71,1042.69,1055.42,1068.84,1082.93,1097.77,1113.11,1128.94,1145.26,1162.07,1179.37,1197.15,1215.44,1234.29,1253.72,1273.78,1294.50,1315.90,1338.00,1360.83,1384.36,1408.61,1433.71,1459.89,99999.00,99999.00,99999.00,99999.00,99999.00,99999.00,99999.00,99999.00,99999.00,99999.00,99999.00,99999.00,99999.00,99999.00,99999.00
99999.00,99999.00,99999.00,99999.00,99999.00,99999.00,99999.00,99999.00,99999.00,99999.00,99999.00,99999.00,99999.00,99999.00,99999.00,1268.67,1253.60,1239.73,1226.82,1214.93,1204.50,1193.85,1182.94,1172.03,1160.90,1149.43,1137.96,1126.49,1115.02,1103.55,1092.08,1080.61,1069.14,1057.67,1046.20,1034.73,1023.80,1013.03,1002.93, 993.09, 983.82, 974.89, 966.59, 959.31, 952.58, 946.27, 940.36, 934.76, 929.75, 925.28, 921.33, 917.87, 914.68, 911.77, 909.07, 906.62, 904.37, 902.24, 900.16, 900.99, 902.27, 903.70, 905.22, 907.06, 909.13, 911.78, 914.89, 918.43, 922.50, 927.13, 932.17, 937.53, 943.45, 949.91, 957.01, 964.79, 973.29, 982.59, 992.38,1002.87,1013.82,1025.49,1037.84,1050.84,1064.69,1079.13,1094.18,1109.74,1125.81,1142.37,1159.40,1176.90,1194.85,1213.28,1232.22,1251.71,1271.77,1292.42,1313.71,1335.65,1358.27,1381.55,1405.54,1430.35,1456.21,99999.00,99999.00,99999.00,99999.00,99999.00,99999.00,99999.00,99999.00,99999.00,99999.00,99999.00,99999.00,99999.00,99999.00,99999.00
99999.00,99999.00,99999.00,99999.00,99999.00,99999.00,99999.00,99999.00,99999.00,99999.00,99999.00,99999.00,99999.00,99999.00,99999.00,1272.74,1257.66,1243.79,1231.62,1220.97,1210.06,1199.15,1188.02,1176.55,1165.08,1153.59,1141.46,1129.33,1117.21,1105.08,1092.95,1080.83,1068.70,1056.57,1044.45,1032.33,1020.63,1009.24, 998.58, 988.19, 978.55, 969.23, 960.52, 952.58, 945.62, 939.13, 933.07, 927.37, 922.17, 917.53, 913.47, 909.85, 906.64, 903.72, 900.96, 898.45, 896.16, 894.03, 891.99, 892.85, 894.17, 895.64, 897.21, 899.09, 901.32, 904.19, 907.40, 911.06, 915.26, 920.15, 925.34, 930.89, 936.92, 943.49, 950.72, 958.65, 967.38, 976.88, 986.83, 997.46,1008.73,1020.62,1033.34,1046.64,1060.88,1075.68,1091.04,1106.94,1123.37,1140.31,1157.75,1175.63,1193.92,1212.65,1231.83,1251.49,1271.69,1292.44,1313.78,1335.74,1358.34,1381.58,1405.49,1430.19,1455.89,99999.00,99999.00,99999.00,99999.00,99999.00,99999.00,99999.00,99999.00,99999.00,99999.00,99999.00,99999.00,99999.00,99999.00,99999.00
99999.00,99999.00,99999.00,99999.00,99999.00,99999.00,99999.00,99999.00,99999.00,99999.00,99999.00,99999.00,99999.00,99999.00,99999.00,1277.50,1262.63,1249.84,1238.93,1228.02,1216.89,1205.42,1193.95,1182.45,1170.33,1158.20,1146.07,1133.43,1120.52,1107.61,1094.70,1081.79,1068.88,1055.97,1043.06,1030.17,1017.51,1005.42, 994.07, 983.17, 973.08, 963.34, 954.38, 946.10, 938.58, 931.93, 925.73, 919.92, 914.55, 909.82, 905.62, 901.90, 898.66, 895.65, 892.91, 890.35, 888.03, 885.89, 883.91, 884.83, 886.19, 887.71, 889.33, 891.24, 893.79, 896.70, 900.05, 903.92, 908.36, 913.33, 918.69, 924.31, 930.45, 937.14, 944.51, 952.65, 961.61, 971.22, 981.43, 992.23,1003.82,1015.95,1028.99,1042.78,1057.33,1072.46,1088.19,1104.50,1121.39,1138.84,1156.79,1175.19,1193.98,1213.18,1232.80,1252.87,1273.41,1294.44,1316.01,1338.17,1360.96,1384.35,1408.36,1433.11,1458.81,99999.00,99999.00,99999.00,99999.00,99999.00,99999.00,99999.00,99999.00,99999.00,99999.00,99999.00,99999.00,99999.00,99999.00,99999.00
99999.00,99999.00,99999.00,99999.00,99999.00,99999.00,99999.00,99999.00,99999.00,99999.00,99999.00,99999.00,99999.00,99999.00,99999.00,1283.55,1269.45,1258.54,1247.63,1236.42,1224.95,1213.46,1201.34,1189.21,1177.08,1164.44,1151.53,1138.62,1125.26,1111.39,1097.53,1083.66,1069.79,1055.92,1042.06,1028.21,1014.52,1001.58, 989.39, 977.94, 967.34, 957.24, 947.99, 939.53, 931.73, 924.65, 918.33, 912.43, 906.96, 902.10, 897.77, 893.99, 890.63, 887.64, 884.91, 882.33, 879.98, 877.84, 875.92, 876.90, 878.32, 879.90, 881.58, 883.70, 886.37, 889.38, 892.84, 896.84, 901.46, 906.62, 912.03, 917.77, 924.02, 930.86, 938.42, 946.77, 955.96, 965.69, 976.17, 987.14, 998.99,1011.54,1024.87,1039.12,1053.99,1069.50,1085.66,1102.48,1119.94,1138.01,1156.64,1175.73,1195.20,1215.05,1235.30,1255.96,1277.07,1298.65,1320.72,1343.32,1366.50,1390.24,1414.55,1439.52,1465.35,99999.00,99999.00,99999.00,99999.00,99999.00,99999.00,99999.00,99999.00,99999.00,99999.00,99999.00,99999.00,99999.00,99999.00,99999.00
99999.00,99999.00,99999.00,99999.00,99999.00,99999.00,99999.00,99999.00,99999.00,99999.00,99999.00,99999.00,99999.00,99999.00,99999.00,1290.77,1279.86,1268.95,1257.75,1246.27,1234.78,1222.66,1210.53,1198.15,1185.24,1172.33,1158.97,1145.10,1131.24,1116.93,1101.85,1086.78,1071.70,1056.63,1041.55,1026.51,1011.70, 997.74, 984.56, 972.49, 961.27, 950.85, 941.37, 932.70, 924.79, 917.50, 910.87, 904.89, 899.33, 894.35, 889.98, 886.09, 882.66, 879.68, 876.91, 874.38, 872.01, 869.86, 868.02, 869.07, 870.56, 872.21, 873.96, 876.33, 879.03, 882.14, 885.74, 889.90, 894.69, 899.88, 905.40, 911.24, 917.61, 924.67, 932.42, 940.98, 950.39, 960.26, 970.94, 982.27, 994.33,1007.27,1020.87,1035.43,1050.66,1066.59,1083.25,1100.66,1118.81,1137.68,1157.18,1177.20,1197.59,1218.33,1239.44,1260.96,1282.89,1305.26,1328.11,1350.88,1374.17,1397.78,1421.96,1446.92,1472.91,99999.00,99999.00,99999.00,99999.00,99999.00,99999.00,99999.00,99999.00,99999.00,99999.00,99999.00,99999.00,99999.00,99999.00,99999.00
99999.00,99999.00,99999.00,99999.00,99999.00,99999.00,99999.00,99999.00,99999.00,99999.00,99999.00,99999.00,99999.00,99999.00,99999.00,99999.00,99999.00,99999.00,99999.00,99999.00,99999.00,99999.00,99999.00,99999.00,99999.00,99999.00,99999.00,99999.00,99999.00,99999.00,99999.00,99999.00,99999.00,99999.00,99999.00,99999.00,1009.02, 993.76, 979.54, 966.78, 954.91, 944.14, 934.45, 925.66, 917.61, 910.27, 903.50, 897.30, 891.67, 886.65, 882.18, 878.22, 874.76, 871.68, 868.96, 866.47, 864.10, 861.95, 860.20, 861.33, 862.91, 864.63, 866.58, 869.00, 871.72, 874.89, 878.59, 882.92, 887.87, 893.15, 898.75, 904.72, 911.29, 918.54, 926.50, 935.26, 944.83, 955.00, 965.84, 977.49, 989.74,1003.06,1017.06,1031.95,1047.57,1063.96,1081.18,1099.27,1118.25,1138.11,1158.78,1180.06,1201.70,1223.68,1246.01,1268.72,1291.12,1313.58,1336.53,1360.02,1384.02,1407.54,1431.34,1455.67,1481.17,99999.00,99999.00,99999.00,99999.00,99999.00,99999.00,99999.00,99999.00,99999.00,99999.00,99999.00,99999.00,99999.00,99999.00,99999.00
99999.00,99999.00,99999.00,99999.00,99999.00,99999.00,99999.00,99999.00,99999.00,99999.00,99999.00,99999.00,99999.00,99999.00,99999.00,99999.00,99999.00,99999.00,99999.00,99999.00,99999.00,99999.00,99999.00,99999.00,99999.00,99999.00,99999.00,99999.00,99999.00,99999.00,99999.00,99999.00,99999.00,99999.00,99999.00,99999.00,99999.00,99999.00, 974.18, 960.65, 948.20, 937.12, 927.23, 918.33, 910.24, 902.82, 896.04, 889.78, 884.01, 878.92, 874.38, 870.41, 866.88, 863.77, 861.08, 858.57, 856.28, 854.13, 852.47, 853.69, 855.35, 857.12, 859.20, 861.62, 864.43, 867.72, 871.56, 876.04, 881.05, 886.40, 892.10, 898.27, 905.01, 912.44, 920.63, 929.69, 939.37, 949.81, 960.77, 972.74, 985.30, 998.90,1013.40,1028.63,1044.65,1061.53,1079.34,1098.18,1118.13,1139.25,99999.00,99999.00,99999.00,99999.00,99999.00,99999.00,99999.00,99999.00,99999.00,99999.00,99999.00,99999.00,1443.60,1467.14,1491.65,99999.00,99999.00,99999.00,99999.00,99999.00,99999.00,99999.00,99999.00,99999.00,99999.00,99999.00,99999.00,99999.00,99999.00,99999.00
99999.00,99999.00,99999.00,99999.00,99999.00,99999.00,99999.00,99999.00,99999.00,99999.00,99999.00,99999.00,99999.00,99999.00,99999.00,99999.00,99999.00,99999.00,99999.00,99999.00,99999.00,99999.00,99999.00,99999.00,99999.00,99999.00,99999.00,99999.00,99999.00,99999.00,99999.00,99999.00,99999.00,99999.00,99999.00,99999.00,99999.00,99999.00, 968.36, 953.85, 941.07, 929.80, 919.74, 910.74, 902.62, 895.21, 888.40, 882.16, 876.39, 871.20, 866.65, 862.62, 859.04, 855.93, 853.17, 850.73, 848.50, 846.38, 844.82, 846.13, 847.83, 849.69, 851.83, 854.25, 857.11, 860.49, 864.48, 869.10, 874.19, 879.63, 885.51, 891.83, 898.74, 906.38, 914.87, 924.16, 933.92, 944.62, 955.83, 968.00, 981.00, 994.85,1009.65,1025.23,1041.66,1059.03,1077.46,1097.09,1118.11,99999.00,99999.00,99999.00,99999.00,99999.00,99999.00,99999.00,99999.00,99999.00,99999.00,99999.00,99999.00,99999.00,99999.00,1482.56,1505.24,99999.00,99999.00,99999.00,99999.00,99999.00,99999.00,99999.00,99999.00,99999.00,99999.00,99999.00,99999.00,99999.00,99999.00,99999.00
99999.00,99999.00,99999.00,99999.00,99999.00,99999.00,99999.00,99999.00,99999.00,99999.00,99999.00,99999.00,99999.00,99999.00,99999.00,99999.00,99999.00,99999.00,99999.00,99999.00,99999.00,99999.00,99999.00,99999.00,99999.00,99999.00,99999.00,99999.00,99999.00,99999.00,99999.00,99999.00,99999.00,99999.00,99999.00,99999.00,99999.00,99999.00,99999.00, 946.52, 933.51, 922.12, 912.01, 902.95, 894.79, 887.40, 880.63, 874.39, 868.67, 863.50, 858.92, 854.85, 851.28, 848.12, 845.35, 842.97, 840.74, 838.71, 837.24, 838.59, 840.33, 842.27, 844.39, 846.89, 849.86, 853.37, 857.49, 862.13, 867.31, 872.91, 878.93, 885.41, 892.49, 900.42, 909.11, 918.62, 928.58, 939.43, 951.02, 963.37, 976.78, 990.99,1006.09,1022.02,1038.84,1056.68,1075.68,1096.05,99999.00,99999.00,99999.00,99999.00,99999.00,99999.00,99999.00,99999.00,99999.00,99999.00,99999.00,99999.00,99999.00,99999.00,99999.00,99999.00,1522.36,99999.00,99999.00,99999.00,99999.00,99999.00,99999.00,99999.00,99999.00,99999.00,99999.00,99999.00,99999.00,99999.00,99999.00,99999.00
99999.00,99999.00,99999.00,99999.00,99999.00,99999.00,99999.00,99999.00,99999.00,99999.00,99999.00,99999.00,99999.00,99999.00,99999.00,99999.00,99999.00,99999.00,99999.00,99999.00,99999.00,99999.00,99999.00,99999.00,99999.00,99999.00,99999.00,99999.00,99999.00,99999.00,99999.00,99999.00,99999.00,99999.00,99999.00,99999.00,99999.00,99999.00,99999.00, 938.72, 925.58, 914.15, 904.04, 894.99, 886.82, 879.44, 872.71, 866.54, 860.83, 855.78, 851.23, 847.17, 843.57, 840.38, 837.62, 835.19, 833.05, 831.09, 829.67, 831.08, 832.88, 834.84, 836.96, 839.50, 842.54, 846.18, 850.42, 855.15, 860.48, 866.20, 872.35, 878.99, 886.34, 894.44, 903.38, 913.06, 923.36, 934.33, 946.28, 958.92, 972.65, 987.24,1002.64,1018.90,1036.09,1054.35,1073.85,1094.82,99999.00,99999.00,99999.00,99999.00,99999.00,99999.00,99999.00,99999.00,99999.00,99999.00,99999.00,99999.00,99999.00,99999.00,99999.00,99999.00,1546.46,99999.00,99999.00,99999.00,99999.00,99999.00,99999.00,99999.00,99999.00,99999.00,99999.00,99999.00,99999.00,99999.00,99999.00,99999.00
99999.00,99999.00,99999.00,99999.00,99999.00,99999.00,99999.00,99999.00,99999.00,99999.00,99999.00,99999.00,99999.00,99999.00,99999.00,99999.00,99999.00,99999.00,99999.00,99999.00,99999.00,99999.00,99999.00,99999.00,99999.00,99999.00,99999.00,99999.00,99999.00,99999.00,99999.00,99999.00,99999.00,99999.00,99999.00,99999.00,99999.00,99999.00,99999.00, 930.56, 917.44, 905.99, 895.92, 886.91, 878.78, 871.40, 864.70, 858.58, 852.94, 847.96, 843.47, 839.50, 835.89, 832.74, 829.95, 827.52, 825.44, 823.50, 822.13, 823.58, 825.43, 827.35, 829.54, 832.17, 835.32, 839.07, 843.32, 848.21, 853.64, 859.48, 865.78, 872.67, 880.17, 888.49, 897.72, 907.57, 918.20, 929.41, 941.61, 954.58, 968.65, 983.53, 999.22,1015.81,1033.37,1052.01,1071.91,1093.31,99999.00,99999.00,99999.00,99999.00,99999.00,99999.00,99999.00,99999.00,99999.00,99999.00,99999.00,99999.00,99999.00,99999.00,99999.00,99999.00,1575.29,99999.00,99999.00,99999.00,99999.00,99999.00,99999.00,99999.00,99999.00,99999.00,99999.00,99999.00,99999.00,99999.00,99999.00,99999.00
99999.00,99999.00,99999.00,99999.00,99999.00,99999.00,99999.00,99999.00,99999.00,99999.00,99999.00,99999.00,99999.00,99999.00,99999.00,99999.00,99999.00,99999.00,99999.00,99999.00,99999.00,99999.00,99999.00,99999.00,99999.00,99999.00,99999.00,99999.00,99999.00,99999.00,99999.00,99999.00,99999.00,99999.00,99999.00,99999.00,99999.00,99999.00,99999.00, 922.31, 909.24, 897.83, 887.74, 878.77, 870.68, 863.35, 856.66, 850.56, 845.03, 840.08, 835.71, 831.77, 828.27, 825.16, 822.35, 819.95, 817.83, 815.93, 814.61, 816.11, 817.97, 819.87, 822.08, 824.77, 828.04, 831.88, 836.20, 841.27, 846.79, 852.76, 859.29, 866.31, 874.01, 882.59, 892.11, 902.15, 913.10, 924.58, 937.07, 950.38, 964.77, 979.96, 995.99,1012.96,1030.93,1050.02,1070.39,1092.28,99999.00,99999.00,99999.00,99999.00,99999.00,99999.00,99999.00,99999.00,99999.00,99999.00,99999.00,99999.00,99999.00,99999.00,99999.00,99999.00,1604.44,99999.00,99999.00,99999.00,99999.00,99999.00,99999.00,99999.00,99999.00,99999.00,99999.00,99999.00,99999.00,99999.00,99999.00,99999.00
99999.00,99999.00,99999.00,99999.00,99999.00,99999.00,99999.00,99999.00,99999.00,99999.00,99999.00,99999.00,99999.00,99999.00,99999.00,99999.00,99999.00,99999.00,99999.00,99999.00,99999.00,99999.00,99999.00,99999.00,99999.00,99999.00,99999.00,99999.00,99999.00,99999.00,99999.00,99999.00,99999.00,99999.00,99999.00,99999.00,99999.00,99999.00,99999.00, 914.05, 900.99, 889.63, 879.57, 870.59, 862.54, 855.25, 848.61, 842.52, 837.06, 832.18, 827.88, 824.00, 820.60, 817.51, 814.84, 812.44, 810.29, 808.38, 807.11, 808.62, 810.44, 812.40, 814.68, 817.47, 820.83, 824.66, 829.11, 834.30, 839.94, 846.11, 852.75, 859.95, 867.89, 876.73, 886.52, 896.78, 907.98, 919.85, 932.70, 946.47, 961.16, 976.69, 993.13,1010.53,1029.01,1048.65,1069.60,1092.08,99999.00,99999.00,99999.00,99999.00,99999.00,99999.00,99999.00,99999.00,99999.00,99999.00,99999.00,99999.00,99999.00,99999.00,99999.00,99999.00,1634.02,99999.00,99999.00,99999.00,99999.00,99999.00,99999.00,99999.00,99999.00,99999.00,99999.00,99999.00,99999.00,99999.00,99999.00,99999.00
99999.00,99999.00,99999.00,99999.00,99999.00,99999.00,99999.00,99999.00,99999.00,99999.00,99999.00,99999.00,99999.00,99999.00,99999.00,99999.00,99999.00,99999.00,99999.00,99999.00,99999.00,99999.00,99999.00,99999.00,99999.00,99999.00,99999.00,99999.00,99999.00,99999.00,99999.00,99999.00,99999.00,99999.00,99999.00,99999.00,99999.00,99999.00,99999.00, 905.76, 892.73, 881.38, 871.37, 862.42, 854.36, 847.11, 840.51, 834.47, 829.04, 824.27, 820.00, 816.24, 812.87, 809.89, 807.26, 804.88, 802.73, 800.81, 799.62, 801.13, 802.91, 804.88, 807.21, 810.09, 813.52, 817.40, 822.00, 827.31, 833.14, 839.40, 846.20, 853.61, 861.78, 870.89, 880.87, 891.46, 902.95, 915.26, 928.52, 942.77, 957.83, 973.75, 990.63,1008.56,1027.62,1047.93,1069.61,1092.84,99999.00,99999.00,99999.00,99999.00,99999.00,99999.00,99999.00,99999.00,99999.00,99999.00,99999.00,99999.00,99999.00,99999.00,99999.00,99999.00,1664.18,99999.00,99999.00,99999.00,99999.00,99999.00,99999.00,99999.00,99999.00,99999.00,99999.00,99999.00,99999.00,99999.00,99999.00,99999.00
99999.00,99999.00,99999.00,99999.00,99999.00,99999.00,99999.00,99999.00,99999.00,99999.00,99999.00,99999.00,99999.00,99999.00,99999.00,99999.00,99999.00,99999.00,99999.00,99999.00,99999.00,99999.00,99999.00,99999.00,99999.00,99999.00,99999.00,99999.00,99999.00,99999.00,99999.00,99999.00,99999.00,99999.00,99999.00,99999.00,99999.00,99999.00,99999.00, 897.49, 884.44, 873.11, 863.12, 854.22, 846.20, 838.93, 832.37, 826.37, 821.00, 816.30, 812.10, 808.42, 805.11, 802.22, 799.61, 797.24, 795.10, 793.18, 792.06, 793.56, 795.38, 797.41, 799.82, 802.77, 806.17, 810.16, 814.89, 820.37, 826.26, 832.66, 839.65, 847.27, 855.68, 865.07, 875.29, 886.26, 898.09, 910.79, 924.47, 939.08, 954.60, 971.01, 988.44,1007.00,1026.81,1047.98,1070.62,1094.87,99999.00,99999.00,99999.00,99999.00,99999.00,99999.00,99999.00,99999.00,99999.00,99999.00,99999.00,99999.00,99999.00,99999.00,99999.00,99999.00,1695.17,99999.00,99999.00,99999.00,99999.00,99999.00,99999.00,99999.00,99999.00,99999.00,99999.00,99999.00,99999.00,99999.00,99999.00,99999.00
99999.00,99999.00,99999.00,99999.00,99999.00,99999.00,99999.00,99999.00,99999.00,99999.00,99999.00,99999.00,99999.00,99999.00,99999.00,99999.00,99999.00,99999.00,99999.00,99999.00,99999.00,99999.00,99999.00,99999.00,99999.00,99999.00,99999.00,99999.00,99999.00,99999.00,99999.00,99999.00,99999.00,99999.00,99999.00,99999.00,99999.00,99999.00,99999.00, 889.21, 876.17, 864.83, 854.86, 845.97, 838.00, 830.77, 824.19, 818.23, 812.95, 808.28, 804.19, 800.53, 797.34, 794.49, 791.90, 789.55, 787.41, 785.48, 784.43, 785.90, 787.76, 789.86, 792.34, 795.35, 798.78, 802.89, 807.76, 813.29, 819.29, 825.86, 833.03, 840.86, 849.53, 859.24, 869.74, 881.04, 893.22, 906.18, 920.29, 935.36, 951.39, 968.40, 986.49,1005.81,1026.53,1048.79,1072.69,1098.30,99999.00,99999.00,99999.00,99999.00,99999.00,99999.00,99999.00,99999.00,99999.00,99999.00,99999.00,99999.00,99999.00,99999.00,99999.00,99999.00,1727.32,99999.00,99999.00,99999.00,99999.00,99999.00,99999.00,99999.00,99999.00,99999.00,99999.00,99999.00,99999.00,99999.00,99999.00,99999.00
99999.00,99999.00,99999.00,99999.00,99999.00,99999.00,99999.00,99999.00,99999.00,99999.00,99999.00,99999.00,99999.00,99999.00,99999.00,99999.00,99999.00,99999.00,99999.00,99999.00,99999.00,99999.00,99999.00,99999.00,99999.00,99999.00,99999.00,99999.00,99999.00,99999.00,99999.00,99999.00,99999.00,99999.00,99999.00,99999.00,99999.00,99999.00,99999.00, 880.93, 867.89, 856.56, 846.57, 837.71, 829.75, 822.57, 816.02, 810.05, 804.85, 800.24, 796.22, 792.64, 789.52, 786.70, 784.13, 781.79, 779.66, 777.72, 776.72, 778.16, 780.06, 782.21, 784.77, 787.75, 791.27, 795.50, 800.47, 806.04, 812.19, 818.92, 826.27, 834.33, 843.29, 853.28, 864.08, 875.58, 888.11, 901.43, 915.98, 931.59, 948.15, 965.76, 984.56,1004.75,1026.51,1050.09,99999.00,99999.00,99999.00,99999.00,99999.00,99999.00,99999.00,99999.00,99999.00,99999.00,99999.00,99999.00,99999.00,99999.00,99999.00,99999.00,99999.00,99999.00,99999.00,99999.00,99999.00,99999.00,99999.00,99999.00,99999.00,99999.00,99999.00,99999.00,99999.00,99999.00,99999.00,99999.00,99999.00,99999.00
99999.00,99999.00,99999.00,99999.00,99999.00,99999.00,99999.00,99999.00,99999.00,99999.00,99999.00,99999.00,99999.00,99999.00,99999.00,99999.00,99999.00,99999.00,99999.00,99999.00,99999.00,99999.00,99999.00,99999.00,99999.00,99999.00,99999.00,99999.00,99999.00,99999.00,99999.00,99999.00,99999.00,99999.00,99999.00,99999.00,99999.00,99999.00,99999.00, 872.63, 859.61, 848.28, 838.30, 829.42, 821.48, 814.32, 807.83, 801.88, 796.71, 792.19, 788.20, 784.73, 781.64, 778.84, 776.29, 773.97, 771.84, 769.90, 768.92, 770.32, 772.26, 774.47, 777.07, 780.05, 783.67, 788.01, 792.96, 798.67, 804.95, 811.84, 819.39, 827.71, 836.92, 847.06, 858.16, 869.96, 882.85, 896.63, 911.60, 927.69, 944.77, 962.96, 982.48,1003.56,1026.51,99999.00,99999.00,99999.00,99999.00,99999.00,99999.00,99999.00,99999.00,99999.00,99999.00,99999.00,99999.00,99999.00,99999.00,99999.00,99999.00,99999.00,99999.00,99999.00,99999.00,99999.00,99999.00,99999.00,99999.00,99999.00,99999.00,99999.00,99999.00,99999.00,99999.00,99999.00,99999.00,99999.00,99999.00,99999.00
99999.00,99999.00,99999.00,99999.00,99999.00,99999.00,99999.00,99999.00,99999.00,99999.00,99999.00,99999.00,99999.00,99999.00,99999.00,99999.00,99999.00,99999.00,99999.00,99999.00,99999.00,99999.00,99999.00,99999.00,99999.00,99999.00,99999.00,99999.00,99999.00,99999.00,99999.00,99999.00,99999.00,99999.00,99999.00,99999.00,99999.00,99999.00,99999.00, 864.34, 851.31, 840.00, 830.03, 821.15, 813.20, 806.05, 799.58, 793.69, 788.53, 784.09, 780.16, 776.76, 773.69, 770.92, 768.40, 766.08, 763.97, 762.02, 761.06, 762.40, 764.39, 766.66, 769.20, 772.24, 775.95, 780.36, 785.31, 791.15, 797.57, 804.62, 812.40, 820.94, 830.27, 840.66, 852.07, 864.27, 877.53, 891.72, 907.11, 923.65, 941.21, 959.96, 980.13,1002.03,99999.00,99999.00,99999.00,99999.00,99999.00,99999.00,99999.00,99999.00,99999.00,99999.00,99999.00,99999.00,99999.00,99999.00,99999.00,99999.00,99999.00,99999.00,99999.00,99999.00,99999.00,99999.00,99999.00,99999.00,99999.00,99999.00,99999.00,99999.00,99999.00,99999.00,99999.00,99999.00,99999.00,99999.00,99999.00,99999.00
99999.00,99999.00,99999.00,99999.00,99999.00,99999.00,99999.00,99999.00,99999.00,99999.00,99999.00,99999.00,99999.00,99999.00,99999.00,99999.00,99999.00,99999.00,99999.00,99999.00,99999.00,99999.00,99999.00,99999.00,99999.00,99999.00,99999.00,99999.00,99999.00,99999.00,99999.00,99999.00,99999.00,99999.00,99999.00,99999.00,99999.00,99999.00,99999.00, 856.06, 843.02, 831.70, 821.74, 812.88, 804.93, 797.77, 791.31, 785.46, 780.37, 775.95, 772.11, 768.73, 765.70, 762.94, 760.44, 758.14, 756.03, 754.08, 753.12, 754.41, 756.43, 758.71, 761.23, 764.34, 768.13, 772.48, 777.55, 783.49, 790.04, 797.29, 805.27, 813.89, 823.43, 834.17, 845.90, 858.47, 872.10, 886.73, 902.55, 919.51, 937.50, 956.71, 977.39, 999.90,99999.00,99999.00,99999.00,99999.00,99999.00,99999.00,99999.00,99999.00,99999.00,99999.00,99999.00,99999.00,99999.00,99999.00,99999.00,99999.00,99999.00,99999.00,99999.00,99999.00,99999.00,99999.00,99999.00,99999.00,99999.00,99999.00,99999.00,99999.00,99999.00,99999.00,99999.00,99999.00,99999.00,99999.00,99999.00,99999.00
99999.00,99999.00,99999.00,99999.00,99999.00,99999.00,99999.00,99999.00,99999.00,99999.00,99999.00,99999.00,99999.00,99999.00,99999.00,99999.00,99999.00,99999.00,99999.00,99999.00,99999.00,99999.00,99999.00,99999.00,99999.00,99999.00,99999.00,99999.00,99999.00,99999.00,99999.00,99999.00,99999.00,99999.00,99999.00,99999.00,99999.00,99999.00,99999.00, 847.78, 834.74, 823.41, 813.45, 804.59, 796.65, 789.50, 783.03, 777.22, 772.17, 767.77, 764.01, 760.66, 757.65, 754.91, 752.43, 750.14, 748.03, 746.08, 745.12, 746.34, 748.40, 750.60, 753.16, 756.34, 760.16, 764.49, 769.65, 775.70, 782.42, 789.82, 797.84, 806.64, 816.49, 827.55, 839.61, 852.59, 866.64, 881.76, 898.06, 915.41, 933.79, 953.38, 974.42, 997.28,99999.00,99999.00,99999.00,99999.00,99999.00,99999.00,99999.00,99999.00,99999.00,99999.00,99999.00,99999.00,99999.00,99999.00,99999.00,99999.00,99999.00,99999.00,99999.00,99999.00,99999.00,99999.00,99999.00,99999.00,99999.00,99999.00,99999.00,99999.00,99999.00,99999.00,99999.00,99999.00,99999.00,99999.00,99999.00,99999.00
99999.00,99999.00,99999.00,99999.00,99999.00,99999.00,99999.00,99999.00,99999.00,99999.00,99999.00,99999.00,99999.00,99999.00,99999.00,99999.00,99999.00,99999.00,99999.00,99999.00,99999.00,99999.00,99999.00,99999.00,99999.00,99999.00,99999.00,99999.00,99999.00,99999.00,99999.00,99999.00,99999.00,99999.00,99999.00,99999.00,99999.00,99999.00,99999.00, 839.54, 826.46, 815.12, 805.15, 796.30, 788.37, 781.22, 774.76, 768.95, 763.95, 759.60, 755.87, 752.54, 749.55, 746.83, 744.36, 742.09, 739.98, 738.02, 737.05, 738.20, 740.25, 742.41, 745.02, 748.25, 751.99, 756.38, 761.63, 767.82, 774.65, 782.06, 790.21, 799.28, 809.41, 820.82, 833.26, 846.72, 861.26, 876.95, 893.84, 911.63, 930.44, 950.43, 971.84, 995.07,99999.00,99999.00,99999.00,99999.00,99999.00,99999.00,99999.00,99999.00,99999.00,99999.00,99999.00,99999.00,99999.00,99999.00,99999.00,99999.00,99999.00,99999.00,99999.00,99999.00,99999.00,99999.00,99999.00,99999.00,99999.00,99999.00,99999.00,99999.00,99999.00,99999.00,99999.00,99999.00,99999.00,99999.00,99999.00,99999.00
99999.00,99999.00,99999.00,99999.00,99999.00,99999.00,99999.00,99999.00,99999.00,99999.00,99999.00,99999.00,99999.00,99999.00,99999.00,99999.00,99999.00,99999.00,99999.00,99999.00,99999.00,99999.00,99999.00,99999.00,99999.00,99999.00,99999.00,99999.00,99999.00,99999.00,99999.00,99999.00,99999.00,99999.00,99999.00,99999.00,99999.00,99999.00,99999.00, 831.32, 818.22, 806.85, 796.87, 788.00, 780.07, 772.94, 766.48, 760.66, 755.70, 751.41, 747.69, 744.37, 741.40, 738.71, 736.25, 733.98, 731.88, 729.92, 728.93, 730.00, 731.95, 734.15, 736.80, 740.03, 743.71, 748.16, 753.51, 759.79, 766.59, 774.09, 782.46, 791.74, 802.17, 813.99, 826.87, 840.89, 856.03, 872.33, 889.77, 908.08, 927.40, 947.91, 969.86, 993.57,99999.00,99999.00,99999.00,99999.00,99999.00,99999.00,99999.00,99999.00,99999.00,99999.00,99999.00,99999.00,99999.00,99999.00,99999.00,99999.00,99999.00,99999.00,99999.00,99999.00,99999.00,99999.00,99999.00,99999.00,99999.00,99999.00,99999.00,99999.00,99999.00,99999.00,99999.00,99999.00,99999.00,99999.00,99999.00,99999.00
99999.00,99999.00,99999.00,99999.00,99999.00,99999.00,99999.00,99999.00,99999.00,99999.00,99999.00,99999.00,99999.00,99999.00,99999.00,99999.00,99999.00,99999.00,99999.00,99999.00,99999.00,99999.00,99999.00,99999.00,99999.00,99999.00,99999.00,99999.00,99999.00,99999.00,99999.00,99999.00,99999.00,99999.00,99999.00,99999.00,99999.00,99999.00,99999.00, 823.10, 810.00, 798.60, 788.59, 779.72, 771.78, 764.64, 758.19, 752.40, 747.43, 743.19, 739.48, 736.17, 733.21, 730.54, 728.09, 725.83, 723.73, 721.76, 720.75, 721.74, 723.59, 725.83, 728.50, 731.62, 735.33, 739.83, 745.27, 751.47, 758.32, 765.98, 774.51, 784.03, 794.79, 807.06, 820.47, 835.05, 850.95, 867.97, 886.09, 905.10, 925.11, 946.30, 968.89, 993.21,99999.00,99999.00,99999.00,99999.00,99999.00,99999.00,99999.00,99999.00,99999.00,99999.00,99999.00,99999.00,99999.00,99999.00,99999.00,99999.00,99999.00,99999.00,99999.00,99999.00,99999.00,99999.00,99999.00,99999.00,99999.00,99999.00,99999.00,99999.00,99999.00,99999.00,99999.00,99999.00,99999.00,99999.00,99999.00,99999.00
99999.00,99999.00,99999.00,99999.00,99999.00,99999.00,99999.00,99999.00,99999.00,99999.00,99999.00,99999.00,99999.00,99999.00,99999.00,99999.00,99999.00,99999.00,99999.00,99999.00,99999.00,99999.00,99999.00,99999.00,99999.00,99999.00,99999.00,99999.00,99999.00,99999.00,99999.00,99999.00,99999.00,99999.00,99999.00,99999.00,99999.00,99999.00,99999.00, 814.92, 801.78, 790.38, 780.35, 771.44, 763.49, 756.35, 749.90, 744.12, 739.15, 734.94, 731.23, 727.94, 724.99, 722.32, 719.89, 717.64, 715.54, 713.56, 712.53, 713.43, 715.16, 717.44, 720.09, 723.12, 726.85, 731.42, 736.88, 742.95, 749.91, 757.67, 766.36, 776.12, 787.24, 799.92, 813.96, 829.21, 846.13, 864.36, 883.39, 903.30, 924.20, 946.25, 969.67, 994.78,99999.00,99999.00,99999.00,99999.00,99999.00,99999.00,99999.00,99999.00,99999.00,99999.00,99999.00,99999.00,99999.00,99999.00,99999.00,99999.00,99999.00,99999.00,99999.00,99999.00,99999.00,99999.00,99999.00,99999.00,99999.00,99999.00,99999.00,99999.00,99999.00,99999.00,99999.00,99999.00,99999.00,99999.00,99999.00,99999.00
99999.00,99999.00,99999.00,99999.00,99999.00,99999.00,99999.00,99999.00,99999.00,99999.00,99999.00,99999.00,99999.00,99999.00,99999.00,99999.00,99999.00,99999.00,99999.00,99999.00,99999.00,99999.00,99999.00,99999.00,99999.00,99999.00,99999.00,99999.00,99999.00,99999.00,99999.00,99999.00,99999.00,99999.00,99999.00,99999.00,99999.00,99999.00,99999.00, 807.01, 793.60, 782.17, 772.13, 763.20, 755.22, 748.06, 741.61, 735.83, 730.88, 726.67, 722.96, 719.67, 716.73, 714.08, 711.65, 709.40, 707.31, 705.32, 704.26, 705.06, 706.67, 708.99, 711.50, 714.54, 718.29, 722.90, 728.18, 734.31, 741.32, 749.17, 758.01, 768.02, 779.41, 792.51, 807.34, 823.72, 842.15, 861.59, 881.83, 902.93, 925.00, 948.21, 972.75, 998.95,99999.00,99999.00,99999.00,99999.00,99999.00,99999.00,99999.00,99999.00,99999.00,99999.00,99999.00,99999.00,99999.00,99999.00,99999.00,99999.00,99999.00,99999.00,99999.00,99999.00,99999.00,99999.00,99999.00,99999.00,99999.00,99999.00,99999.00,99999.00,99999.00,99999.00,99999.00,99999.00,99999.00,99999.00,99999.00,99999.00
99999.00,99999.00,99999.00,99999.00,99999.00,99999.00,99999.00,99999.00,99999.00,99999.00,99999.00,99999.00,99999.00,99999.00,99999.00,99999.00,99999.00,99999.00,99999.00,99999.00,99999.00,99999.00,99999.00,99999.00,99999.00,99999.00,99999.00,99999.00,99999.00,99999.00,99999.00,99999.00,99999.00,99999.00,99999.00,99999.00,99999.00,99999.00,99999.00, 799.12, 785.69, 773.99, 763.91, 754.98, 746.97, 739.79, 733.32, 727.54, 722.60, 718.39, 714.67, 711.38, 708.45, 705.80, 703.38, 701.14, 699.04, 697.05, 695.95, 696.65, 698.14, 700.41, 702.86, 705.89, 709.67, 714.26, 719.36, 725.50, 732.54, 740.48, 749.47, 759.62, 771.26, 785.02, 800.91, 818.79,99999.00,99999.00,99999.00,99999.00,99999.00,99999.00,99999.00,99999.00,99999.00,99999.00,99999.00,99999.00,99999.00,99999.00,99999.00,99999.00,99999.00,99999.00,99999.00,99999.00,99999.00,99999.00,99999.00,99999.00,99999.00,99999.00,99999.00,99999.00,99999.00,99999.00,99999.00,99999.00,99999.00,99999.00,99999.00,99999.00,99999.00,99999.00,99999.00,99999.00,99999.00,99999.00,99999.00,99999.00
99999.00,99999.00,99999.00,99999.00,99999.00,99999.00,99999.00,99999.00,99999.00,99999.00,99999.00,99999.00,99999.00,99999.00,99999.00,99999.00,99999.00,99999.00,99999.00,99999.00,99999.00,99999.00,99999.00,99999.00,99999.00,99999.00,99999.00,99999.00,99999.00,99999.00,99999.00,99999.00,99999.00,99999.00,99999.00,99999.00,99999.00,99999.00,99999.00, 791.46, 777.80, 766.08, 755.73, 746.76, 738.76, 731.54, 725.05, 719.25, 714.31, 710.09, 706.37, 703.08, 700.14, 697.50, 695.08, 692.85, 690.75, 688.76, 687.61, 688.21, 689.57, 691.68, 694.16, 697.18, 700.97, 705.35, 710.45, 716.55, 723.62, 731.63, 740.66, 750.90, 762.98, 777.56, 794.59,99999.00,99999.00,99999.00,99999.00,99999.00,99999.00,99999.00,99999.00,99999.00,99999.00,99999.00,99999.00,99999.00,99999.00,99999.00,99999.00,99999.00,99999.00,99999.00,99999.00,99999.00,99999.00,99999.00,99999.00,99999.00,99999.00,99999.00,99999.00,99999.00,99999.00,99999.00,99999.00,99999.00,99999.00,99999.00,99999.00,99999.00,99999.00,99999.00,99999.00,99999.00,99999.00,99999.00,99999.00,99999.00
99999.00,99999.00,99999.00,99999.00,99999.00,99999.00,99999.00,99999.00,99999.00,99999.00,99999.00,99999.00,99999.00,99999.00,99999.00,99999.00,99999.00,99999.00,99999.00,99999.00,99999.00,99999.00,99999.00,99999.00,99999.00,99999.00,99999.00,99999.00,99999.00,99999.00,99999.00,99999.00,99999.00,99999.00,99999.00,99999.00,99999.00,99999.00,99999.00, 783.97, 770.14, 758.19, 747.82, 738.58, 730.54, 723.33, 716.80, 710.96, 706.02, 701.79, 698.06, 694.76, 691.82, 689.18, 686.77, 684.54, 682.44, 680.44, 679.25, 679.74, 680.96, 682.92, 685.42, 688.45, 692.20, 696.35, 701.43, 707.50, 714.60, 722.58, 731.59, 742.09, 754.66, 769.56,99999.00,99999.00,99999.00,99999.00,99999.00,99999.00,99999.00,99999.00,99999.00,99999.00,99999.00,99999.00,99999.00,99999.00,99999.00,99999.00,99999.00,99999.00,99999.00,99999.00,99999.00,99999.00,99999.00,99999.00,99999.00,99999.00,99999.00,99999.00,99999.00,99999.00,99999.00,99999.00,99999.00,99999.00,99999.00,99999.00,99999.00,99999.00,99999.00,99999.00,99999.00,99999.00,99999.00,99999.00,99999.00,99999.00
99999.00,99999.00,99999.00,99999.00,99999.00,99999.00,99999.00,99999.00,99999.00,99999.00,99999.00,99999.00,99999.00,99999.00,99999.00,99999.00,99999.00,99999.00,99999.00,99999.00,99999.00,99999.00,99999.00,99999.00,99999.00,99999.00,99999.00,99999.00,99999.00,99999.00,99999.00,99999.00,99999.00,99999.00,99999.00,99999.00,99999.00,99999.00,99999.00, 776.62, 762.65, 750.53, 739.93, 730.67, 722.36, 715.11, 708.58, 702.69, 697.73, 693.48, 689.74, 686.43, 683.49, 680.85, 678.44, 676.21, 674.11, 672.10, 670.87, 671.25, 672.34, 674.13, 676.65, 679.69, 683.20, 687.33, 692.33, 698.41, 705.44, 713.35, 722.50, 733.30, 745.95, 760.97,99999.00,99999.00,99999.00,99999.00,99999.00,99999.00,99999.00,99999.00,99999.00,99999.00,99999.00,99999.00,99999.00,99999.00,99999.00,99999.00,99999.00,99999.00,99999.00,99999.00,99999.00,99999.00,99999.00,99999.00,99999.00,99999.00,99999.00,99999.00,99999.00,99999.00,99999.00,99999.00,99999.00,99999.00,99999.00,99999.00,99999.00,99999.00,99999.00,99999.00,99999.00,99999.00,99999.00,99999.00,99999.00,99999.00
99999.00,99999.00,99999.00,99999.00,99999.00,99999.00,99999.00,99999.00,99999.00,99999.00,99999.00,99999.00,99999.00,99999.00,99999.00,99999.00,99999.00,99999.00,99999.00,99999.00,99999.00,99999.00,99999.00,99999.00,99999.00,99999.00,99999.00,99999.00,99999.00,99999.00,99999.00,99999.00,99999.00,99999.00,99999.00,99999.00,99999.00,99999.00,99999.00, 769.32, 755.30, 743.04, 732.27, 722.78, 714.45, 706.93, 700.36, 694.44, 689.44, 685.17, 681.42, 678.11, 675.16, 672.51, 670.10, 667.87, 665.77, 663.76, 662.49, 662.75, 663.70, 665.33, 667.85, 670.89, 674.17, 678.25, 683.20, 689.24, 696.19, 704.17, 713.54, 724.33, 736.93, 751.75,99999.00,99999.00,99999.00,99999.00,99999.00,99999.00,99999.00,99999.00,99999.00,99999.00,99999.00,99999.00,99999.00,99999.00,99999.00,99999.00,99999.00,99999.00,99999.00,99999.00,99999.00,99999.00,99999.00,99999.00,99999.00,99999.00,99999.00,99999.00,99999.00,99999.00,99999.00,99999.00,99999.00,99999.00,99999.00,99999.00,99999.00,99999.00,99999.00,99999.00,99999.00,99999.00,99999.00,99999.00,99999.00,99999.00
99999.00,99999.00,99999.00,99999.00,99999.00,99999.00,99999.00,99999.00,99999.00,99999.00,99999.00,99999.00,99999.00,99999.00,99999.00,99999.00,99999.00,99999.00,99999.00,99999.00,99999.00,99999.00,99999.00,99999.00,99999.00,99999.00,99999.00,99999.00,99999.00,99999.00,99999.00,99999.00,99999.00,99999.00,99999.00,99999.00,99999.00,99999.00,99999.00, 762.07, 748.00, 735.69, 724.78, 715.12, 706.56, 699.02, 692.18, 686.22, 681.17, 676.87, 673.11, 669.78, 666.82, 664.16, 661.75, 659.52, 657.43, 655.42, 654.10, 654.26, 655.07, 656.52, 659.04, 661.92, 665.16, 669.16, 674.11, 680.05, 687.05, 695.19, 704.54, 715.28, 727.66, 742.26,99999.00,99999.00,99999.00,99999.00,99999.00,99999.00,99999.00,99999.00,99999.00,99999.00,99999.00,99999.00,99999.00,99999.00,99999.00,99999.00,99999.00,99999.00,99999.00,99999.00,99999.00,99999.00,99999.00,99999.00,99999.00,99999.00,99999.00,99999.00,99999.00,99999.00,99999.00,99999.00,99999.00,99999.00,99999.00,99999.00,99999.00,99999.00,99999.00,99999.00,99999.00,99999.00,99999.00,99999.00,99999.00,99999.00
99999.00,99999.00,99999.00,99999.00,99999.00,99999.00,99999.00,99999.00,99999.00,99999.00,99999.00,99999.00,99999.00,99999.00,99999.00,99999.00,99999.00,99999.00,99999.00,99999.00,99999.00,99999.00,99999.00,99999.00,99999.00,99999.00,99999.00,99999.00,99999.00,99999.00,99999.00,99999.00,99999.00,99999.00,99999.00,99999.00,99999.00,99999.00,99999.00, 754.85, 740.75, 728.39, 717.43, 707.63, 698.90, 691.13, 684.27, 678.04, 672.92, 668.59, 664.80, 661.46, 658.49, 655.83, 653.41, 651.18, 649.09, 647.08, 645.71, 645.76, 646.43, 647.72, 650.24, 652.91, 656.16, 660.11, 665.02, 670.96, 678.06, 686.19, 695.49, 706.01, 718.17, 732.71,99999.00,99999.00,99999.00,99999.00,99999.00,99999.00,99999.00,99999.00,99999.00,99999.00,99999.00,99999.00,99999.00,99999.00,99999.00,99999.00,99999.00,99999.00,99999.00,99999.00,99999.00,99999.00,99999.00,99999.00,99999.00,99999.00,99999.00,99999.00,99999.00,99999.00,99999.00,99999.00,99999.00,99999.00,99999.00,99999.00,99999.00,99999.00,99999.00,99999.00,99999.00,99999.00,99999.00,99999.00,99999.00,99999.00
99999.00,99999.00,99999.00,99999.00,99999.00,99999.00,99999.00,99999.00,99999.00,99999.00,99999.00,99999.00,99999.00,99999.00,99999.00,99999.00,99999.00,99999.00,99999.00,99999.00,99999.00,99999.00,99999.00,99999.00,99999.00,99999.00,99999.00,99999.00,99999.00,99999.00,99999.00,99999.00,99999.00,99999.00,99999.00,99999.00,99999.00,99999.00,99999.00, 747.70, 733.60, 721.14, 710.13, 700.28, 691.41, 683.47, 676.39, 670.13, 664.70, 660.31, 656.50, 653.15, 650.17, 647.50, 645.07, 642.84, 640.74, 638.74, 637.33, 637.26, 637.79, 638.91, 641.27, 643.91, 647.16, 651.11, 655.93, 661.97, 669.05, 677.13, 686.21, 696.52, 708.63, 722.76,99999.00,99999.00,99999.00,99999.00,99999.00,99999.00,99999.00,99999.00,99999.00,99999.00,99999.00,99999.00,99999.00,99999.00,99999.00,99999.00,99999.00,99999.00,99999.00,99999.00,99999.00,99999.00,99999.00,99999.00,99999.00,99999.00,99999.00,99999.00,99999.00,99999.00,99999.00,99999.00,99999.00,99999.00,99999.00,99999.00,99999.00,99999.00,99999.00,99999.00,99999.00,99999.00,99999.00,99999.00,99999.00,99999.00
99999.00,99999.00,99999.00,99999.00,99999.00,99999.00,99999.00,99999.00,99999.00,99999.00,99999.00,99999.00,99999.00,99999.00,99999.00,99999.00,99999.00,99999.00,99999.00,99999.00,99999.00,99999.00,99999.00,99999.00,99999.00,99999.00,99999.00,99999.00,99999.00,99999.00,99999.00,99999.00,99999.00,99999.00,99999.00,99999.00,99999.00,99999.00,99999.00, 740.62, 726.52, 713.99, 702.89, 692.98, 684.06, 675.98, 668.72, 662.24, 656.52, 652.07, 648.22, 644.84, 641.85, 639.17, 636.74, 634.50, 632.40, 630.39, 628.94, 628.76, 629.16, 630.11, 632.26, 634.91, 638.16, 642.12, 646.94, 652.96, 659.99, 667.86, 676.72, 686.97, 698.68, 712.70,99999.00,99999.00,99999.00,99999.00,99999.00,99999.00,99999.00,99999.00,99999.00,99999.00,99999.00,99999.00,99999.00,99999.00,99999.00,99999.00,99999.00,99999.00,99999.00,99999.00,99999.00,99999.00,99999.00,99999.00,99999.00,99999.00,99999.00,99999.00,99999.00,99999.00,99999.00,99999.00,99999.00,99999.00,99999.00,99999.00,99999.00,99999.00,99999.00,99999.00,99999.00,99999.00,99999.00,99999.00,99999.00,99999.00
99999.00,99999.00,99999.00,99999.00,99999.00,99999.00,99999.00,99999.00,99999.00,99999.00,99999.00,99999.00,99999.00,99999.00,99999.00,99999.00,99999.00,99999.00,99999.00,99999.00,99999.00,99999.00,99999.00,99999.00,99999.00,99999.00,99999.00,99999.00,99999.00,99999.00,99999.00,99999.00,99999.00,99999.00,99999.00,99999.00,99999.00,99999.00,99999.00, 733.60, 719.50, 706.91, 695.73, 685.74, 676.76, 668.63, 661.23, 654.58, 648.64, 643.85, 639.94, 636.54, 633.54, 630.84, 628.40, 626.16, 624.06, 622.05, 620.55, 620.26, 620.52, 621.31, 623.26, 625.91, 629.16, 633.13, 637.97, 643.90, 650.72, 658.37, 667.18, 677.02, 688.61, 702.17,99999.00,99999.00,99999.00,99999.00,99999.00,99999.00,99999.00,99999.00,99999.00,99999.00,99999.00,99999.00,99999.00,99999.00,99999.00,99999.00,99999.00,99999.00,99999.00,99999.00,99999.00,99999.00,99999.00,99999.00,99999.00,99999.00,99999.00,99999.00,99999.00,99999.00,99999.00,99999.00,99999.00,99999.00,99999.00,99999.00,99999.00,99999.00,99999.00,99999.00,99999.00,99999.00,99999.00,99999.00,99999.00,99999.00
99999.00,99999.00,99999.00,99999.00,99999.00,99999.00,99999.00,99999.00,99999.00,99999.00,99999.00,99999.00,99999.00,99999.00,99999.00,99999.00,99999.00,99999.00,99999.00,99999.00,99999.00,99999.00,99999.00,99999.00,99999.00,99999.00,99999.00,99999.00,99999.00,99999.00,99999.00,99999.00,99999.00,99999.00,99999.00,99999.00,99999.00,99999.00,99999.00, 726.65, 712.55, 699.89, 688.65, 678.58, 669.51, 661.33, 653.89, 647.09, 640.97, 635.67, 631.70, 628.26, 625.23, 622.52, 620.07, 617.82, 615.72, 613.71, 612.17, 611.76, 611.88, 612.50, 614.26, 616.91, 620.17, 624.14, 628.96, 634.69, 641.23, 648.83, 657.23, 666.96, 678.09, 691.34,99999.00,99999.00,99999.00,99999.00,99999.00,99999.00,99999.00,99999.00,99999.00,99999.00,99999.00,99999.00,99999.00,99999.00,99999.00,99999.00,99999.00,99999.00,99999.00,99999.00,99999.00,99999.00,99999.00,99999.00,99999.00,99999.00,99999.00,99999.00,99999.00,99999.00,99999.00,99999.00,99999.00,99999.00,99999.00,99999.00,99999.00,99999.00,99999.00,99999.00,99999.00,99999.00,99999.00,99999.00,99999.00,99999.00
99999.00,99999.00,99999.00,99999.00,99999.00,99999.00,99999.00,99999.00,99999.00,99999.00,99999.00,99999.00,99999.00,99999.00,99999.00,99999.00,99999.00,99999.00,99999.00,99999.00,99999.00,99999.00,99999.00,99999.00,99999.00,99999.00,99999.00,99999.00,99999.00,99999.00,99999.00,99999.00,99999.00,99999.00,99999.00,99999.00,99999.00,99999.00,99999.00, 719.76, 705.66, 692.94, 681.63, 671.50, 662.36, 654.08, 646.58, 639.74, 633.48, 627.78, 623.48, 619.98, 616.93, 614.21, 611.75, 609.49, 607.38, 605.37, 603.78, 603.27, 603.25, 603.70, 605.26, 607.90, 611.17, 615.07, 619.88, 625.28, 631.69, 638.88, 647.17, 656.43, 667.26, 679.90,99999.00,99999.00,99999.00,99999.00,99999.00,99999.00,99999.00,99999.00,99999.00,99999.00,99999.00,99999.00,99999.00,99999.00,99999.00,99999.00,99999.00,99999.00,99999.00,99999.00,99999.00,99999.00,99999.00,99999.00,99999.00,99999.00,99999.00,99999.00,99999.00,99999.00,99999.00,99999.00,99999.00,99999.00,99999.00,99999.00,99999.00,99999.00,99999.00,99999.00,99999.00,99999.00,99999.00,99999.00,99999.00,99999.00
99999.00,99999.00,99999.00,99999.00,99999.00,99999.00,99999.00,99999.00,99999.00,99999.00,99999.00,99999.00,99999.00,99999.00,99999.00,99999.00,99999.00,99999.00,99999.00,99999.00,99999.00,99999.00,99999.00,99999.00,99999.00,99999.00,99999.00,99999.00,99999.00,99999.00,99999.00,99999.00,99999.00,99999.00,99999.00,99999.00,99999.00,99999.00,99999.00, 712.93, 698.80, 686.05, 674.68, 664.48, 655.28, 646.93, 639.34, 632.44, 626.14, 620.29, 615.30, 611.74, 608.64, 605.90, 603.43, 601.16, 599.04, 597.03, 595.39, 594.77, 594.61, 594.89, 596.26, 598.91, 602.14, 605.96, 610.57, 615.80, 621.81, 628.82, 636.64, 645.60, 655.81, 667.91,99999.00,99999.00,99999.00,99999.00,99999.00,99999.00,99999.00,99999.00,99999.00,99999.00,99999.00,99999.00,99999.00,99999.00,99999.00,99999.00,99999.00,99999.00,99999.00,99999.00,99999.00,99999.00,99999.00,99999.00,99999.00,99999.00,99999.00,99999.00,99999.00,99999.00,99999.00,99999.00,99999.00,99999.00,99999.00,99999.00,99999.00,99999.00,99999.00,99999.00,99999.00,99999.00,99999.00,99999.00,99999.00,99999.00
99999.00,99999.00,99999.00,99999.00,99999.00,99999.00,99999.00,99999.00,99999.00,99999.00,99999.00,99999.00,99999.00,99999.00,99999.00,99999.00,99999.00,99999.00,99999.00,99999.00,99999.00,99999.00,99999.00,99999.00,99999.00,99999.00,99999.00,99999.00,99999.00,99999.00,99999.00,99999.00,99999.00,99999.00,99999.00,99999.00,99999.00,99999.00,99999.00, 706.20, 691.97, 679.22, 667.79, 657.53, 648.26, 639.85, 632.18, 625.20, 618.83, 612.95, 607.41, 603.52, 600.37, 597.60, 595.11, 592.83, 590.71, 588.69, 587.01, 586.27, 585.97, 586.09, 587.26, 589.92, 592.98, 596.80, 601.06, 606.17, 611.79, 618.32, 625.84, 634.19, 643.88, 655.00,99999.00,99999.00,99999.00,99999.00,99999.00,99999.00,99999.00,99999.00,99999.00,99999.00,99999.00,99999.00,99999.00,99999.00,99999.00,99999.00,99999.00,99999.00,99999.00,99999.00,99999.00,99999.00,99999.00,99999.00,99999.00,99999.00,99999.00,99999.00,99999.00,99999.00,99999.00,99999.00,99999.00,99999.00,99999.00,99999.00,99999.00,99999.00,99999.00,99999.00,99999.00,99999.00,99999.00,99999.00,99999.00,99999.00
99999.00,99999.00,99999.00,99999.00,99999.00,99999.00,99999.00,99999.00,99999.00,99999.00,99999.00,99999.00,99999.00,99999.00,99999.00,99999.00,99999.00,99999.00,99999.00,99999.00,99999.00,99999.00,99999.00,99999.00,99999.00,99999.00,99999.00,99999.00,99999.00,99999.00,99999.00,99999.00,99999.00,99999.00,99999.00,99999.00,99999.00,99999.00,99999.00, 699.55, 685.24, 672.49, 660.96, 650.64, 641.31, 632.83, 625.10, 618.04, 611.59, 605.65, 600.07, 595.34, 592.12, 589.32, 586.81, 584.52, 582.38, 580.35, 578.63, 577.78, 577.35, 577.30, 578.27, 580.85, 583.80, 587.41, 591.50, 596.19, 601.68, 607.68, 614.60, 622.52, 631.38, 641.68, 653.21,99999.00,99999.00,99999.00,99999.00,99999.00,99999.00,99999.00,99999.00,99999.00,99999.00,99999.00,99999.00,99999.00,99999.00,99999.00,99999.00,99999.00,99999.00,99999.00,99999.00,99999.00,99999.00,99999.00,99999.00,99999.00,99999.00,99999.00,99999.00,99999.00,99999.00,99999.00,99999.00,99999.00,99999.00,99999.00,99999.00,99999.00,99999.00,99999.00,99999.00,99999.00,99999.00,99999.00,99999.00,99999.00
99999.00,99999.00,99999.00,99999.00,99999.00,99999.00,99999.00,99999.00,99999.00,99999.00,99999.00,99999.00,99999.00,99999.00,99999.00,99999.00,99999.00,99999.00,99999.00,99999.00,99999.00,99999.00,99999.00,99999.00,99999.00,99999.00,99999.00,99999.00,99999.00,99999.00,99999.00,99999.00,99999.00,99999.00,99999.00,99999.00,99999.00,99999.00,99999.00, 693.01, 678.59, 665.84, 654.23, 643.82, 634.42, 625.88, 618.08, 610.96, 604.43, 598.41, 592.78, 587.46, 583.91, 581.05, 578.52, 576.21, 574.07, 572.03, 570.27, 569.31, 568.74, 568.54, 569.31, 571.67, 574.62, 577.88, 581.86, 586.19, 591.22, 596.99, 603.29, 610.49, 618.78, 627.95, 638.45, 649.80,99999.00,99999.00,99999.00,99999.00,99999.00,99999.00,99999.00,99999.00,99999.00,99999.00,99999.00,99999.00,99999.00,99999.00,99999.00,99999.00,99999.00,99999.00,99999.00,99999.00,99999.00,99999.00,99999.00,99999.00,99999.00,99999.00,99999.00,99999.00,99999.00,99999.00,99999.00,99999.00,99999.00,99999.00,99999.00,99999.00,99999.00,99999.00,99999.00,99999.00,99999.00,99999.00,99999.00,99999.00
99999.00,99999.00,99999.00,99999.00,99999.00,99999.00,99999.00,99999.00,99999.00,99999.00,99999.00,99999.00,99999.00,99999.00,99999.00,99999.00,99999.00,99999.00,99999.00,99999.00,99999.00,99999.00,99999.00,99999.00,99999.00,99999.00,99999.00,99999.00,99999.00,99999.00,99999.00,99999.00,99999.00,99999.00,99999.00,99999.00,99999.00,99999.00,99999.00, 686.49, 672.07, 659.30, 647.59, 637.08, 627.59, 618.99, 611.14, 603.94, 597.35, 591.27, 585.55, 580.18, 575.75, 572.83, 570.25, 567.93, 565.78, 563.73, 561.93, 560.87, 560.17, 559.81, 560.40, 562.52, 565.27, 568.37, 571.97, 576.20, 580.76, 586.01, 591.99, 598.48, 605.90, 614.45, 623.72, 634.08, 644.95, 656.45, 668.40, 681.09, 694.82, 709.91, 726.68, 745.63,99999.00,99999.00,99999.00,99999.00,99999.00,99999.00,99999.00,99999.00,99999.00,99999.00,99999.00,99999.00,99999.00,99999.00,99999.00,99999.00,99999.00,99999.00,99999.00,99999.00,99999.00,99999.00,99999.00,99999.00,99999.00,99999.00,99999.00,99999.00,99999.00,99999.00,99999.00,99999.00,99999.00,99999.00,99999.00,99999.00
99999.00,99999.00,99999.00,99999.00,99999.00,99999.00,99999.00,99999.00,99999.00,99999.00,99999.00,99999.00,99999.00,99999.00,99999.00,99999.00,99999.00,99999.00,99999.00,99999.00,99999.00,99999.00,99999.00,99999.00,99999.00,99999.00,99999.00,99999.00,99999.00,99999.00,99999.00,99999.00,99999.00,99999.00,99999.00,99999.00,99999.00,99999.00,99999.00, 680.13, 665.71, 652.78, 641.06, 630.44, 620.86, 612.16, 604.25, 597.00, 590.33, 584.20, 578.43, 572.98, 567.90, 564.64, 562.02, 559.68, 557.51, 555.46, 553.62, 552.46, 551.64, 551.12, 551.53, 553.40, 555.83, 558.85, 562.12, 565.94, 570.35, 575.08, 580.51, 586.60, 593.25, 600.91, 609.61, 618.86, 628.96, 639.78, 651.25, 663.61, 677.10, 691.97, 708.58, 727.31,99999.00,99999.00,99999.00,99999.00,99999.00,99999.00,99999.00,99999.00,99999.00,99999.00,99999.00,99999.00,99999.00,99999.00,99999.00,99999.00,99999.00,99999.00,99999.00,99999.00,99999.00,99999.00,99999.00,99999.00,99999.00,99999.00,99999.00,99999.00,99999.00,99999.00,99999.00,99999.00,99999.00,99999.00,99999.00,99999.00
99999.00,99999.00,99999.00,99999.00,99999.00,99999.00,99999.00,99999.00,99999.00,99999.00,99999.00,99999.00,99999.00,99999.00,99999.00,99999.00,99999.00,99999.00,99999.00,99999.00,99999.00,99999.00,99999.00,99999.00,99999.00,99999.00,99999.00,99999.00,99999.00,99999.00,99999.00,99999.00,99999.00,99999.00,99999.00,99999.00,99999.00,99999.00,99999.00, 674.13, 659.45, 646.42, 634.70, 623.91, 614.21, 605.43, 597.42, 590.11, 583.39, 577.20, 571.38, 565.88, 560.65, 556.52, 553.83, 551.46, 549.28, 547.22, 545.35, 544.10, 543.15, 542.49, 542.74, 544.34, 546.45, 549.13, 552.34, 555.75, 559.73, 564.27, 569.15, 574.61, 580.85, 587.78, 595.66, 604.43, 613.99, 624.33, 635.45, 647.54, 660.79, 675.46, 691.80, 710.20,99999.00,99999.00,99999.00,99999.00,99999.00,99999.00,99999.00,99999.00,99999.00,99999.00,99999.00,99999.00,99999.00,99999.00,99999.00,99999.00,99999.00,99999.00,99999.00,99999.00,99999.00,99999.00,99999.00,99999.00,99999.00,99999.00,99999.00,99999.00,99999.00,99999.00,99999.00,99999.00,99999.00,99999.00,99999.00,99999.00
99999.00,99999.00,99999.00,99999.00,99999.00,99999.00,99999.00,99999.00,99999.00,99999.00,99999.00,99999.00,99999.00,99999.00,99999.00,99999.00,99999.00,99999.00,99999.00,99999.00,99999.00,99999.00,99999.00,99999.00,99999.00,99999.00,99999.00,99999.00,99999.00,99999.00,99999.00,99999.00,99999.00,99999.00,99999.00,99999.00,99999.00,99999.00,99999.00, 668.44, 653.68, 640.42, 628.45, 617.55, 607.69, 598.78, 590.68, 583.28, 576.50, 570.26, 564.41, 558.86, 553.58, 548.71, 545.70, 543.28, 541.08, 539.03, 537.13, 535.78, 534.72, 533.93, 534.01, 535.34, 537.15, 539.49, 542.34, 545.67, 549.22, 553.33, 557.96, 562.86, 568.48, 575.06, 582.24, 590.60, 599.81, 609.82, 620.66, 632.48, 645.49, 659.85, 675.80, 694.00,99999.00,99999.00,99999.00,99999.00,99999.00,99999.00,99999.00,99999.00,99999.00,99999.00,99999.00,99999.00,99999.00,99999.00,99999.00,99999.00,99999.00,99999.00,99999.00,99999.00,99999.00,99999.00,99999.00,99999.00,99999.00,99999.00,99999.00,99999.00,99999.00,99999.00,99999.00,99999.00,99999.00,99999.00,99999.00,99999.00
99999.00,99999.00,99999.00,99999.00,99999.00,99999.00,99999.00,99999.00,99999.00,99999.00,99999.00,99999.00,99999.00,99999.00,99999.00,99999.00,99999.00,99999.00,99999.00,99999.00,99999.00,99999.00,99999.00,99999.00,99999.00,99999.00,99999.00,99999.00,99999.00,99999.00,99999.00,99999.00,99999.00,99999.00,99999.00,99999.00,99999.00,99999.00,99999.00, 662.87, 647.99, 634.73, 622.67, 611.55, 601.33, 592.26, 584.04, 576.54, 569.67, 563.37, 557.49, 551.92, 546.60, 541.52, 537.63, 535.15, 532.93, 530.87, 528.95, 527.52, 526.36, 525.43, 525.35, 526.42, 527.94, 529.97, 532.46, 535.43, 538.86, 542.52, 546.68, 551.33, 556.44, 562.42, 569.30, 577.32, 586.25, 595.99, 606.59, 618.17, 630.84, 644.77, 660.47, 678.40,99999.00,99999.00,99999.00,99999.00,99999.00,99999.00,99999.00,99999.00,99999.00,99999.00,99999.00,99999.00,99999.00,99999.00,99999.00,99999.00,99999.00,99999.00,99999.00,99999.00,99999.00,99999.00,99999.00,99999.00,99999.00,99999.00,99999.00,99999.00,99999.00,99999.00,99999.00,99999.00,99999.00,99999.00,99999.00,99999.00
99999.00,99999.00,99999.00,99999.00,99999.00,99999.00,99999.00,99999.00,99999.00,99999.00,99999.00,99999.00,99999.00,99999.00,99999.00,99999.00,99999.00,99999.00,99999.00,99999.00,99999.00,99999.00,99999.00,99999.00,99999.00,99999.00,99999.00,99999.00,99999.00,99999.00,99999.00,99999.00,99999.00,99999.00,99999.00,99999.00,99999.00,99999.00,99999.00, 657.41, 642.53, 629.16, 616.98, 605.86, 595.55, 585.90, 577.51, 569.90, 562.93, 556.54, 550.64, 545.04, 539.69, 534.58, 529.89, 527.09, 524.83, 522.76, 520.83, 519.32, 518.06, 517.01, 516.77, 517.59, 518.83, 520.55, 522.71, 525.31, 528.39, 531.91, 535.61, 539.79, 544.69, 550.16, 556.77, 564.50, 573.18, 582.67, 593.01, 604.25, 616.50, 630.17, 645.56, 662.78,99999.00,99999.00,99999.00,99999.00,99999.00,99999.00,99999.00,99999.00,99999.00,99999.00,99999.00,99999.00,99999.00,99999.00,99999.00,99999.00,99999.00,99999.00,99999.00,99999.00,99999.00,99999.00,99999.00,99999.00,99999.00,99999.00,99999.00,99999.00,99999.00,99999.00,99999.00,99999.00,99999.00,99999.00,99999.00,99999.00
99999.00,99999.00,99999.00,99999.00,99999.00,99999.00,99999.00,99999.00,99999.00,99999.00,99999.00,99999.00,99999.00,99999.00,99999.00,99999.00,99999.00,99999.00,99999.00,99999.00,99999.00,99999.00,99999.00,99999.00,99999.00,99999.00,99999.00,99999.00,99999.00,99999.00,99999.00,99999.00,99999.00,99999.00,99999.00,99999.00,99999.00,99999.00,99999.00, 652.02, 637.14, 623.70, 611.52, 600.29, 589.87, 580.21, 571.15, 563.37, 556.29, 549.80, 543.84, 538.22, 532.86, 527.72, 522.77, 519.10, 516.80, 514.71, 512.76, 511.18, 509.83, 508.68, 508.26, 508.85, 509.83, 511.26, 513.11, 515.36, 518.06, 521.18, 524.74, 528.51, 532.94, 538.22, 544.60, 552.07, 560.51, 569.73, 579.71, 590.51, 602.48, 615.80, 630.45, 647.00,99999.00,99999.00,99999.00,99999.00,99999.00,99999.00,99999.00,99999.00,99999.00,99999.00,99999.00,99999.00,99999.00,99999.00,99999.00,99999.00,99999.00,99999.00,99999.00,99999.00,99999.00,99999.00,99999.00,99999.00,99999.00,99999.00,99999.00,99999.00,99999.00,99999.00,99999.00,99999.00,99999.00,99999.00,99999.00,99999.00
99999.00,99999.00,99999.00,99999.00,99999.00,99999.00,99999.00,99999.00,99999.00,99999.00,99999.00,99999.00,99999.00,99999.00,99999.00,99999.00,99999.00,99999.00,99999.00,99999.00,99999.00,99999.00,99999.00,99999.00,99999.00,99999.00,99999.00,99999.00,99999.00,99999.00,99999.00,99999.00,99999.00,99999.00,99999.00,99999.00,99999.00,99999.00,99999.00, 646.65, 631.75, 618.31, 606.13, 594.83, 584.41, 574.64, 565.47, 557.01, 549.76, 543.16, 537.10, 531.46, 526.08, 520.93, 515.96, 511.44, 508.83, 506.71, 504.76, 503.11, 501.68, 500.42, 499.85, 500.21, 500.94, 502.09, 503.64, 505.57, 507.92, 510.67, 513.82, 517.47, 521.47, 526.57, 532.74, 539.96, 548.14, 557.00, 566.53, 577.03, 588.63, 601.20, 615.17, 630.67,99999.00,99999.00,99999.00,99999.00,99999.00,99999.00,99999.00,99999.00,99999.00,99999.00,99999.00,99999.00,99999.00,99999.00,99999.00,99999.00,99999.00,99999.00,99999.00,99999.00,99999.00,99999.00,99999.00,99999.00,99999.00,99999.00,99999.00,99999.00,99999.00,99999.00,99999.00,99999.00,99999.00,99999.00,99999.00,99999.00
99999.00,99999.00,99999.00,99999.00,99999.00,99999.00,99999.00,99999.00,99999.00,99999.00,99999.00,99999.00,99999.00,99999.00,99999.00,99999.00,99999.00,99999.00,99999.00,99999.00,99999.00,99999.00,99999.00,99999.00,99999.00,99999.00,99999.00,99999.00,99999.00,99999.00,99999.00,99999.00,99999.00,99999.00,99999.00,99999.00,99999.00,99999.00,99999.00, 641.30, 626.38, 612.94, 600.75, 589.44, 579.02, 569.18, 560.01, 551.33, 543.40, 536.63, 530.46, 524.77, 519.37, 514.21, 509.23, 504.42, 500.94, 498.79, 496.82, 495.12, 493.61, 492.26, 491.53, 491.68, 492.17, 493.06, 494.33, 495.95, 497.97, 500.36, 503.14, 506.39, 510.26, 515.19, 521.16, 528.14, 535.97, 544.39, 553.64, 563.80, 574.69, 586.65, 599.70, 614.04, 630.01,99999.00,99999.00,99999.00,99999.00,99999.00,99999.00,99999.00,99999.00,99999.00,99999.00,99999.00,99999.00,99999.00,99999.00,99999.00,99999.00,99999.00,99999.00,99999.00,99999.00,99999.00,99999.00,99999.00,99999.00,99999.00,99999.00,99999.00,99999.00,99999.00,99999.00,99999.00,99999.00,99999.00,99999.00,99999.00
99999.00,99999.00,99999.00,99999.00,99999.00,99999.00,99999.00,99999.00,99999.00,99999.00,99999.00,99999.00,99999.00,99999.00,99999.00,99999.00,99999.00,99999.00,99999.00,99999.00,99999.00,99999.00,99999.00,99999.00,99999.00,99999.00,99999.00,99999.00,99999.00,99999.00,99999.00,99999.00,99999.00,99999.00,99999.00,99999.00,99999.00,99999.00,99999.00, 635.97, 621.03, 607.59, 595.37, 584.07, 573.63, 563.79, 554.62, 545.87, 537.72, 530.27, 523.93, 518.15, 512.73, 507.55, 502.57, 497.75, 493.39, 490.94, 488.96, 487.20, 485.62, 484.19, 483.32, 483.26, 483.53, 484.17, 485.17, 486.50, 488.21, 490.27, 492.69, 495.56, 499.32, 504.10, 509.86, 516.61, 523.92, 532.09, 541.04, 550.55, 560.91, 572.10, 584.24, 597.55, 612.01, 627.65,99999.00,99999.00,99999.00,99999.00,99999.00,99999.00,99999.00,99999.00,99999.00,99999.00,99999.00,99999.00,99999.00,99999.00,99999.00,99999.00,99999.00,99999.00,99999.00,99999.00,99999.00,99999.00,99999.00,99999.00,99999.00,99999.00,99999.00,99999.00,99999.00,99999.00,99999.00,99999.00,99999.00,99999.00
99999.00,99999.00,99999.00,99999.00,99999.00,99999.00,99999.00,99999.00,99999.00,99999.00,99999.00,99999.00,99999.00,99999.00,99999.00,99999.00,99999.00,99999.00,99999.00,99999.00,99999.00,99999.00,99999.00,99999.00,99999.00,99999.00,99999.00,99999.00,99999.00,99999.00,99999.00,99999.00,99999.00,99999.00,99999.00,99999.00,99999.00,99999.00,99999.00, 630.65, 615.71, 602.26, 590.03, 578.72, 568.26, 558.42, 549.23, 540.48, 532.26, 524.59, 517.57, 511.62, 506.17, 500.97, 495.98, 491.16, 486.48, 483.18, 481.16, 479.37, 477.73, 476.22, 475.22, 474.96, 475.02, 475.43, 476.17, 477.23, 478.65, 480.40, 482.48, 485.00, 488.65, 493.27, 498.84, 505.19, 512.18, 520.09, 528.44, 537.49, 547.20, 557.64, 569.00, 581.23, 594.36, 608.62, 624.07, 640.65,99999.00,99999.00,99999.00,99999.00,99999.00,99999.00,99999.00,99999.00,99999.00,99999.00,99999.00,99999.00,99999.00,99999.00,99999.00,99999.00, 824.28,99999.00,99999.00,99999.00,99999.00,99999.00,99999.00,99999.00,99999.00,99999.00,99999.00,99999.00,99999.00,99999.00,99999.00,99999.00
99999.00,99999.00,99999.00,99999.00,99999.00,99999.00,99999.00,99999.00,99999.00,99999.00,99999.00,99999.00,99999.00,99999.00,99999.00,99999.00,99999.00,99999.00,99999.00,99999.00,99999.00,99999.00,99999.00,99999.00,99999.00,99999.00,99999.00,99999.00,99999.00,99999.00,99999.00,99999.00,99999.00,99999.00,99999.00,99999.00,99999.00,99999.00,99999.00, 625.31, 610.38, 596.94, 584.70, 573.39, 562.91, 553.07, 543.86, 535.11, 526.87, 519.13, 511.89, 505.26, 499.67, 494.46, 489.46, 484.64, 479.96, 475.75, 473.45, 471.62, 469.93, 468.35, 467.23, 466.79, 466.64, 466.84, 467.34, 468.14, 469.29, 470.73, 472.50, 474.69, 478.22, 482.70, 488.09, 493.97, 500.73, 508.09, 516.04, 524.52, 533.59, 543.41, 553.92, 565.14, 577.30, 590.50, 604.72, 618.98,99999.00,99999.00,99999.00,99999.00,99999.00,99999.00,99999.00,99999.00,99999.00,99999.00,99999.00,99999.00,99999.00,99999.00,99999.00,99999.00, 792.78,99999.00,99999.00,99999.00,99999.00,99999.00,99999.00,99999.00,99999.00,99999.00,99999.00,99999.00,99999.00,99999.00,99999.00,99999.00
99999.00,99999.00,99999.00,99999.00,99999.00,99999.00,99999.00,99999.00,99999.00,99999.00,99999.00,99999.00,99999.00,99999.00,99999.00,99999.00,99999.00,99999.00,99999.00,99999.00,99999.00,99999.00,99999.00,99999.00,99999.00,99999.00,99999.00,99999.00,99999.00,99999.00,99999.00,99999.00,99999.00,99999.00,99999.00,99999.00,99999.00,99999.00,99999.00, 619.93, 605.05, 591.60, 579.38, 568.07, 557.58, 547.74, 538.51, 529.76, 521.50, 513.74, 506.43, 499.58, 493.31, 488.03, 483.02, 478.19, 473.51, 468.97, 465.83, 463.96, 462.22, 460.59, 459.35, 458.74, 458.40, 458.39, 458.67, 459.23, 460.11, 461.28, 462.75, 464.62, 468.05, 472.38, 477.43, 483.04, 489.52, 496.36, 503.72, 511.64, 520.20, 529.31, 538.99, 549.46, 560.83, 573.05, 585.10, 597.65,99999.00,99999.00,99999.00,99999.00,99999.00,99999.00,99999.00,99999.00,99999.00,99999.00,99999.00,99999.00,99999.00,99999.00,99999.00,99999.00, 762.56,99999.00,99999.00,99999.00,99999.00,99999.00,99999.00,99999.00,99999.00,99999.00,99999.00,99999.00,99999.00,99999.00,99999.00,99999.00
99999.00,99999.00,99999.00,99999.00,99999.00,99999.00,99999.00,99999.00,99999.00,99999.00,99999.00,99999.00,99999.00,99999.00,99999.00,99999.00,99999.00,99999.00,99999.00,99999.00,99999.00,99999.00,99999.00,99999.00,99999.00,99999.00,99999.00,99999.00,99999.00,99999.00,99999.00,99999.00,99999.00,99999.00,99999.00,99999.00,99999.00,99999.00,99999.00, 614.51, 599.64, 586.22, 574.04, 562.74, 552.26, 542.42, 533.18, 524.43, 516.15, 508.37, 501.04, 494.12, 487.63, 481.69, 476.65, 471.82, 467.14, 462.60, 458.54, 456.39, 454.62, 452.93, 451.59, 450.82, 450.30, 450.09, 450.16, 450.49, 451.12, 452.03, 453.22, 454.79, 458.12, 462.32, 466.95, 472.39, 478.34, 484.79, 491.72, 499.02, 506.91, 515.29, 524.37, 534.21, 544.76, 555.15, 565.42, 576.85,99999.00,99999.00,99999.00,99999.00,99999.00,99999.00,99999.00,99999.00,99999.00,99999.00,99999.00,99999.00,99999.00,99999.00,99999.00,99999.00, 733.35,99999.00,99999.00,99999.00,99999.00,99999.00,99999.00,99999.00,99999.00,99999.00,99999.00,99999.00,99999.00,99999.00,99999.00,99999.00
99999.00,99999.00,99999.00,99999.00,99999.00,99999.00,99999.00,99999.00,99999.00,99999.00,99999.00,99999.00,99999.00,99999.00,99999.00,99999.00,99999.00,99999.00,99999.00,99999.00,99999.00,99999.00,99999.00,99999.00,99999.00,99999.00,99999.00,99999.00,99999.00,99999.00,99999.00,99999.00,99999.00,99999.00,99999.00,99999.00,99999.00,99999.00,99999.00, 609.16, 594.25, 580.80, 568.63, 557.35, 546.92, 537.09, 527.86, 519.11, 510.82, 503.02, 495.67, 488.73, 482.17, 476.00, 470.36, 465.52, 460.85, 456.32, 451.90, 448.92, 447.12, 445.39, 443.95, 443.02, 442.34, 441.94, 441.81, 441.92, 442.33, 442.98, 443.91, 445.19, 448.43, 452.33, 456.75, 461.95, 467.46, 473.38, 479.75, 486.61, 493.87, 501.71, 510.07, 519.21, 529.01, 537.44, 546.63, 556.79,99999.00,99999.00,99999.00,99999.00,99999.00,99999.00,99999.00,99999.00,99999.00,99999.00,99999.00,99999.00,99999.00,99999.00,99999.00,99999.00, 704.95,99999.00,99999.00,99999.00,99999.00,99999.00,99999.00,99999.00,99999.00,99999.00,99999.00,99999.00,99999.00,99999.00,99999.00,99999.00
99999.00,99999.00,99999.00,99999.00,99999.00,99999.00,99999.00,99999.00,99999.00,99999.00,99999.00,99999.00,99999.00,99999.00,99999.00,99999.00,99999.00,99999.00,99999.00,99999.00,99999.00,99999.00,99999.00,99999.00,99999.00,99999.00,99999.00,99999.00,99999.00,99999.00,99999.00,99999.00,99999.00,99999.00,99999.00,99999.00,99999.00,99999.00,99999.00, 603.76, 588.88, 575.45, 563.24, 551.94, 541.51, 531.70, 522.53, 513.77, 505.50, 497.69, 490.32, 483.36, 476.78, 470.54, 464.68, 459.31, 454.63, 450.11, 445.70, 441.79, 439.72, 437.96, 436.43, 435.36, 434.51, 433.94, 433.62, 433.53, 433.71, 434.14, 434.81, 435.83, 438.98, 442.51, 446.79, 451.53, 456.70, 462.26, 468.10, 474.40, 481.05, 488.25, 496.13, 504.62, 512.28, 519.77, 527.91, 536.89,99999.00,99999.00,99999.00,99999.00,99999.00,99999.00,99999.00,99999.00,99999.00,99999.00,99999.00,99999.00,99999.00,99999.00,99999.00,99999.00, 677.22,99999.00,99999.00,99999.00,99999.00,99999.00,99999.00,99999.00,99999.00,99999.00,99999.00,99999.00,99999.00,99999.00,99999.00,99999.00
99999.00,99999.00,99999.00,99999.00,99999.00,99999.00,99999.00,99999.00,99999.00,99999.00,99999.00,99999.00,99999.00,99999.00,99999.00,99999.00,99999.00,99999.00,99999.00,99999.00,99999.00,99999.00,99999.00,99999.00,99999.00,99999.00,99999.00,99999.00,99999.00,99999.00,99999.00,99999.00,99999.00,99999.00,99999.00,99999.00,99999.00,99999.00,99999.00, 598.35, 583.48, 570.05, 557.87, 546.58, 536.12, 526.29, 517.12, 508.39, 500.17, 492.37, 484.99, 478.01, 471.41, 465.15, 459.22, 453.64, 448.50, 443.97, 439.58, 435.30, 432.42, 430.63, 429.03, 427.82, 426.83, 426.09, 425.59, 425.31, 425.29, 425.49, 425.93, 426.69, 429.58, 432.94, 437.03, 441.38, 446.08, 451.15, 456.62, 462.37, 468.59, 475.18, 482.41, 490.10, 496.18, 502.67, 509.60, 517.36,99999.00,99999.00,99999.00,99999.00,99999.00,99999.00,99999.00,99999.00,99999.00,99999.00,99999.00,99999.00,99999.00,99999.00,99999.00,99999.00, 650.08,99999.00,99999.00,99999.00,99999.00,99999.00,99999.00,99999.00,99999.00,99999.00,99999.00,99999.00,99999.00,99999.00,99999.00,99999.00
99999.00,99999.00,99999.00,99999.00,99999.00,99999.00,99999.00,99999.00,99999.00,99999.00,99999.00,99999.00,99999.00,99999.00,99999.00,99999.00,99999.00,99999.00,99999.00,99999.00,99999.00,99999.00,99999.00,99999.00,99999.00,99999.00,99999.00,99999.00,99999.00,99999.00,99999.00,99999.00,99999.00,99999.00,99999.00,99999.00,99999.00,99999.00,99999.00, 593.03, 578.09, 564.64, 552.47, 541.18, 530.76, 520.93, 511.73, 502.97, 494.78, 487.03, 479.67, 472.68, 466.06, 459.78, 453.83, 448.18, 442.85, 437.93, 433.54, 429.27, 425.50, 423.42, 421.75, 420.41, 419.28, 418.39, 417.72, 417.25, 417.04, 417.03, 417.25, 417.77, 420.33, 423.60, 427.27, 431.32, 435.72, 440.31, 445.28, 450.51, 456.16, 462.37, 469.05, 474.69, 479.91, 485.42, 491.20, 497.55,99999.00,99999.00,99999.00,99999.00,99999.00,99999.00,99999.00,99999.00,99999.00,99999.00,99999.00,99999.00,99999.00,99999.00,99999.00,99999.00, 625.10,99999.00,99999.00,99999.00,99999.00,99999.00,99999.00,99999.00,99999.00,99999.00,99999.00,99999.00,99999.00,99999.00,99999.00,99999.00
99999.00,99999.00,99999.00,99999.00,99999.00,99999.00,99999.00,99999.00,99999.00,99999.00,99999.00,99999.00,99999.00,99999.00,99999.00,99999.00,99999.00,99999.00,99999.00,99999.00,99999.00,99999.00,99999.00,99999.00,99999.00,99999.00,99999.00,99999.00,99999.00,99999.00,99999.00,99999.00,99999.00,99999.00,99999.00,99999.00,99999.00,99999.00,99999.00, 587.81, 572.77, 559.32, 547.08, 535.78, 525.35, 515.53, 506.36, 497.62, 489.37, 481.65, 474.33, 467.36, 460.73, 454.43, 448.46, 442.79, 437.39, 432.31, 427.58, 423.32, 419.17, 416.34, 414.59, 413.14, 411.87, 410.83, 410.01, 409.37, 408.97, 408.76, 408.77, 409.07, 411.32, 414.43, 417.76, 421.38, 425.33, 429.61, 434.10, 438.95, 444.08, 449.71, 455.73, 459.80, 464.20, 468.78, 473.49, 478.55, 484.39,99999.00,99999.00,99999.00,99999.00,99999.00,99999.00,99999.00,99999.00,99999.00,99999.00,99999.00,99999.00,99999.00,99999.00, 590.59, 601.55,99999.00,99999.00,99999.00,99999.00,99999.00,99999.00,99999.00,99999.00,99999.00,99999.00,99999.00,99999.00,99999.00,99999.00,99999.00
99999.00,99999.00,99999.00,99999.00,99999.00,99999.00,99999.00,99999.00,99999.00,99999.00,99999.00,99999.00,99999.00,99999.00,99999.00,99999.00,99999.00,99999.00,99999.00,99999.00,99999.00,99999.00,99999.00,99999.00,99999.00,99999.00,99999.00,99999.00,99999.00,99999.00,99999.00,99999.00,99999.00,99999.00,99999.00,99999.00,99999.00,99999.00,99999.00, 582.75, 567.67, 554.10, 541.76, 530.46, 519.96, 510.13, 500.96, 492.22, 484.01, 476.24, 468.95, 462.03, 455.41, 449.11, 443.11, 437.42, 432.00, 426.85, 422.00, 417.45, 413.31, 409.66, 407.55, 405.99, 404.60, 403.43, 402.45, 401.66, 401.09, 400.69, 400.50, 400.60, 402.54, 405.27, 408.34, 411.71, 415.22, 419.06, 423.07, 427.43, 432.25, 437.41, 442.07, 445.45, 449.09, 452.82, 456.56, 460.52, 465.06, 470.03,99999.00,99999.00,99999.00,99999.00,99999.00,99999.00,99999.00,99999.00,99999.00,99999.00,99999.00,99999.00, 557.13, 567.26, 579.48,99999.00,99999.00,99999.00,99999.00,99999.00,99999.00,99999.00,99999.00,99999.00,99999.00,99999.00,99999.00,99999.00,99999.00,99999.00
99999.00,99999.00,99999.00,99999.00,99999.00,99999.00,99999.00,99999.00,99999.00,99999.00,99999.00,99999.00,99999.00,99999.00,99999.00,99999.00,99999.00,99999.00,99999.00,99999.00,99999.00,99999.00,99999.00,99999.00,99999.00,99999.00,99999.00,99999.00,99999.00,99999.00,99999.00,99999.00,99999.00,99999.00,99999.00,99999.00,99999.00,99999.00,99999.00, 577.74, 562.66, 549.07, 536.66, 525.23, 514.65, 504.81, 495.57, 486.81, 478.61, 470.88, 463.54, 456.64, 450.07, 443.78, 437.78, 432.07, 426.63, 421.46, 416.54, 411.90, 407.54, 403.52, 400.72, 398.98, 397.47, 396.18, 395.06, 394.12, 393.38, 392.82, 392.44, 392.34, 394.00, 396.35, 399.04, 402.00, 405.26, 408.66, 412.37, 416.26, 420.57, 425.34, 428.90, 431.64, 434.58, 437.55, 440.46, 443.50, 447.03, 450.94, 454.98, 458.97, 462.96, 467.89, 473.59, 479.57, 485.87, 492.64, 499.84, 507.50, 515.91, 524.93, 534.80, 545.74, 558.50,99999.00,99999.00,99999.00,99999.00,99999.00,99999.00,99999.00,99999.00,99999.00,99999.00,99999.00,99999.00,99999.00,99999.00,99999.00
99999.00,99999.00,99999.00,99999.00,99999.00,99999.00,99999.00,99999.00,99999.00,99999.00,99999.00,99999.00,99999.00,99999.00,99999.00,99999.00,99999.00,99999.00,99999.00,99999.00,99999.00,99999.00,99999.00,99999.00,99999.00,99999.00,99999.00,99999.00,99999.00,99999.00,99999.00,99999.00,99999.00,99999.00,99999.00,99999.00,99999.00,99999.00,99999.00, 572.49, 557.55, 544.04, 531.65, 520.20, 509.55, 499.58, 490.25, 481.50, 473.21, 465.48, 458.18, 451.23, 444.69, 438.45, 432.46, 426.74, 421.28, 416.09, 411.15, 406.44, 401.99, 397.82, 394.29, 392.11, 390.49, 389.08, 387.84, 386.75, 385.87, 385.14, 384.59, 384.31, 385.69, 387.69, 390.00, 392.58, 395.44, 398.43, 401.70, 405.35, 409.28, 413.54, 416.22, 418.38, 420.70, 423.00, 425.19, 427.47, 430.23, 433.37, 436.72, 440.22, 443.97, 448.67, 454.13, 459.84, 465.84, 472.27, 479.09, 486.51, 494.91, 504.18, 514.29, 525.80, 538.42,99999.00,99999.00,99999.00,99999.00,99999.00,99999.00,99999.00,99999.00,99999.00,99999.00,99999.00,99999.00,99999.00,99999.00,99999.00
99999.00,99999.00,99999.00,99999.00,99999.00,99999.00,99999.00,99999.00,99999.00,99999.00,99999.00,99999.00,99999.00,99999.00,99999.00,99999.00,99999.00,99999.00,99999.00,99999.00,99999.00,99999.00,99999.00,99999.00,99999.00,99999.00,99999.00,99999.00,99999.00,99999.00,99999.00,99999.00,99999.00,99999.00,99999.00,99999.00,99999.00,99999.00,99999.00, 566.73, 552.09, 538.78, 526.54, 515.17, 504.54, 494.55, 485.15, 476.27, 467.89, 460.08, 452.78, 445.87, 439.27, 433.06, 427.13, 421.42, 415.96, 410.74, 405.78, 401.05, 396.54, 392.28, 388.36, 385.57, 383.66, 382.14, 380.78, 379.56, 378.54, 377.66, 376.95, 376.49, 377.62, 379.28, 381.24, 383.45, 385.93, 388.52, 391.38, 394.61, 398.22, 402.15, 404.04, 405.66, 407.42, 409.13, 410.71, 412.37, 414.51, 417.06, 419.91, 423.03, 426.55, 431.02, 436.23, 441.67, 447.37, 453.50, 460.12, 467.46, 475.78, 485.14, 495.36, 506.87, 519.50,99999.00,99999.00,99999.00,99999.00,99999.00,99999.00,99999.00,99999.00,99999.00,99999.00,99999.00,99999.00,99999.00,99999.00,99999.00
99999.00,99999.00,99999.00,99999.00,99999.00,99999.00,99999.00,99999.00,99999.00,99999.00,99999.00,99999.00,99999.00,99999.00,99999.00,99999.00,99999.00,99999.00,99999.00,99999.00,99999.00,99999.00,99999.00,99999.00,99999.00,99999.00,99999.00,99999.00,99999.00,99999.00,99999.00,99999.00,99999.00,99999.00,99999.00,99999.00,99999.00,99999.00,99999.00, 560.09, 546.00, 533.09, 521.12, 509.95, 499.45, 489.54, 480.15, 471.25, 462.80, 454.76, 447.38, 440.47, 433.92, 427.65, 421.74, 416.08, 410.64, 405.42, 400.43, 395.68, 391.15, 386.82, 382.75, 379.42, 377.05, 375.36, 373.88, 372.55, 371.39, 370.38, 369.52, 368.90, 369.79, 371.12, 372.74, 374.60, 376.71, 378.94, 381.41, 384.23, 387.42, 390.94, 392.34, 393.48, 394.74, 395.94, 396.99, 398.12, 399.76, 401.84, 404.27, 407.08, 410.37, 414.62, 419.58, 424.74, 430.21, 436.16, 442.59, 449.88, 458.19, 467.31, 477.62, 489.01, 501.62,99999.00,99999.00,99999.00,99999.00,99999.00,99999.00,99999.00,99999.00,99999.00,99999.00,99999.00,99999.00,99999.00,99999.00,99999.00
99999.00,99999.00,99999.00,99999.00,99999.00,99999.00,99999.00,99999.00,99999.00,99999.00,99999.00,99999.00,99999.00,99999.00,99999.00,99999.00,99999.00,99999.00,99999.00,99999.00,99999.00,99999.00,99999.00,99999.00,99999.00,99999.00,99999.00,99999.00,99999.00,99999.00,99999.00,99999.00,99999.00,99999.00,99999.00,99999.00,99999.00,99999.00, 566.88, 552.61, 539.36, 526.97, 515.40, 504.50, 494.21, 484.45, 475.17, 466.32, 457.87, 449.80, 442.09, 435.10, 428.54, 422.32, 416.35, 410.71, 405.31, 400.11, 395.11, 390.34, 385.78, 381.44, 377.30, 373.55, 370.78, 368.71, 367.15, 365.71, 364.43, 363.29, 362.30, 361.53, 362.19, 363.20, 364.50, 366.03, 367.80, 369.67, 371.78, 374.22, 377.02, 380.13, 381.11, 381.82, 382.62, 383.36, 383.96, 384.65, 385.85, 387.54, 389.63, 392.15, 395.22, 399.24, 403.95, 408.83, 414.19, 419.94, 426.28, 433.44, 441.60, 450.57, 460.82, 472.09, 484.72,99999.00,99999.00,99999.00,99999.00,99999.00,99999.00,99999.00,99999.00,99999.00,99999.00,99999.00,99999.00,99999.00,99999.00,99999.00
99999.00,99999.00,99999.00,99999.00,99999.00,99999.00,99999.00,99999.00,99999.00,99999.00,99999.00,99999.00,99999.00,99999.00,99999.00,99999.00,99999.00,99999.00,99999.00,99999.00,99999.00,99999.00,99999.00,99999.00,99999.00,99999.00,99999.00,99999.00,99999.00,99999.00,99999.00,99999.00,99999.00,99999.00,99999.00,99999.00,99999.00,99999.00, 558.35, 544.84, 532.27, 520.51, 509.40, 498.86, 488.84, 479.28, 470.15, 461.41, 453.03, 444.99, 437.26, 429.85, 423.20, 416.97, 411.04, 405.34, 399.97, 394.81, 389.82, 385.04, 380.46, 376.09, 371.93, 367.95, 364.77, 362.32, 360.54, 359.02, 357.66, 356.40, 355.28, 354.39, 354.82, 355.53, 356.52, 357.74, 359.19, 360.72, 362.49, 364.58, 367.01, 369.74, 370.33, 370.64, 371.05, 371.38, 371.57, 371.87, 372.71, 374.05, 375.84, 378.09, 380.94, 384.73, 389.19, 393.94, 399.13, 404.64, 410.84, 417.93, 425.78, 434.69, 444.84, 456.05, 468.37,99999.00,99999.00,99999.00,99999.00,99999.00,99999.00,99999.00,99999.00,99999.00,99999.00,99999.00,99999.00,99999.00,99999.00,99999.00
99999.00,99999.00,99999.00,99999.00,99999.00,99999.00,99999.00,99999.00,99999.00,99999.00,99999.00,99999.00,99999.00,99999.00,99999.00,99999.00,99999.00,99999.00,99999.00,99999.00,99999.00,99999.00,99999.00,99999.00,99999.00,99999.00,99999.00,99999.00,99999.00,99999.00,99999.00,99999.00,99999.00,99999.00,99999.00,99999.00, 577.09, 563.55, 550.18, 537.41, 525.32, 513.88, 503.17, 493.03, 483.32, 474.01, 465.07, 456.48, 448.21, 440.24, 432.56, 425.15, 418.01, 411.68, 405.73, 400.08, 394.63, 389.49, 384.55, 379.77, 375.18, 370.79, 366.60, 362.60, 358.97, 356.24, 354.05, 352.44, 351.00, 349.66, 348.45, 347.45, 347.68, 348.11, 348.80, 349.72, 350.86, 352.08, 353.53, 355.29, 357.38, 359.76, 359.99, 359.94, 359.98, 359.95, 359.78, 359.73, 360.24, 361.28, 362.78, 364.79, 367.40, 370.94, 375.19, 379.79, 384.70, 390.09, 396.16, 403.08, 410.73, 419.60, 429.64, 440.48, 452.75,99999.00,99999.00,99999.00,99999.00,99999.00,99999.00,99999.00,99999.00,99999.00,99999.00,99999.00,99999.00,99999.00,99999.00,99999.00
99999.00,99999.00,99999.00,99999.00,99999.00,99999.00,99999.00,99999.00,99999.00,99999.00,99999.00,99999.00,99999.00,99999.00,99999.00, 779.66, 770.51, 761.31, 752.14, 742.95, 733.72, 724.46, 715.16, 705.82, 696.39, 686.81, 677.17, 667.43, 657.55, 647.44, 637.18, 626.72, 615.87, 604.72, 592.94, 580.58, 567.81, 555.05, 542.61, 530.47, 518.85, 507.76, 497.20, 487.15, 477.68, 468.65, 459.93, 451.51, 443.38, 435.52, 427.92, 420.56, 413.44, 406.56, 400.50, 394.82, 389.41, 384.19, 379.27, 374.53, 369.95, 365.54, 361.32, 357.29, 353.44, 350.33, 347.87, 345.96, 344.46, 343.04, 341.74, 340.65, 340.68, 340.85, 341.28, 341.92, 342.77, 343.70, 344.84, 346.29, 348.07, 350.12, 350.03, 349.64, 349.35, 348.98, 348.49, 348.13, 348.34, 349.09, 350.32, 352.08, 354.45, 357.73, 361.81, 366.24, 370.90, 376.16, 382.15, 388.77, 396.32, 405.18, 414.81, 425.56, 437.80,99999.00,99999.00,99999.00,99999.00,99999.00,99999.00,99999.00,99999.00,99999.00,99999.00,99999.00,99999.00,99999.00,99999.00,99999.00
99999.00,99999.00,99999.00,99999.00,99999.00,99999.00,99999.00,99999.00,99999.00,99999.00,99999.00,99999.00,99999.00,99999.00,99999.00, 772.44, 758.34, 749.19, 739.99, 730.82, 721.63, 712.40, 703.14, 693.84, 684.50, 675.07, 665.49, 655.85, 646.11, 636.23, 626.12, 615.86, 605.40, 594.55, 583.40, 571.67, 559.63, 547.55, 535.65, 524.09, 512.95, 502.12, 491.75, 481.83, 472.36, 463.28, 454.72, 446.50, 438.54, 430.81, 423.31, 416.03, 408.96, 402.10, 395.45, 389.65, 384.21, 379.02, 374.01, 369.29, 364.74, 360.33, 356.10, 352.04, 348.16, 344.63, 341.93, 339.72, 338.04, 336.55, 335.18, 334.00, 333.84, 333.75, 333.93, 334.30, 334.89, 335.54, 336.39, 337.55, 339.03, 340.78, 340.38, 339.69, 339.09, 338.42, 337.63, 336.97, 336.91, 337.39, 338.37, 339.88, 342.02, 345.05, 348.97, 353.12, 357.66, 362.78, 368.62, 375.03, 382.51, 391.05, 400.57, 411.25, 423.44,99999.00,99999.00,99999.00,99999.00,99999.00,99999.00,99999.00,99999.00,99999.00,99999.00,99999.00,99999.00,99999.00,99999.00,99999.00
99999.00,99999.00,99999.00,99999.00,99999.00,99999.00,99999.00,99999.00,99999.00,99999.00,99999.00,99999.00,99999.00,99999.00,99999.00, 765.90, 751.48, 738.73, 729.57, 720.38, 711.21, 702.01, 692.79, 683.53, 674.23, 664.89, 655.46, 645.88, 636.24, 626.50, 616.61, 606.51, 596.25, 585.78, 574.94, 563.82, 552.48, 541.06, 529.68, 518.45, 507.53, 497.00, 486.87, 477.03, 467.59, 458.53, 449.86, 441.53, 433.66, 426.08, 418.71, 411.52, 404.53, 397.73, 391.11, 384.67, 379.10, 373.87, 368.89, 364.08, 359.54, 355.17, 350.93, 346.85, 342.94, 339.21, 336.14, 333.70, 331.75, 330.20, 328.75, 327.49, 327.13, 326.81, 326.74, 326.87, 327.19, 327.58, 328.17, 329.05, 330.25, 331.72, 331.04, 330.06, 329.17, 328.23, 327.16, 326.23, 325.91, 326.14, 326.87, 328.14, 330.05, 332.82, 336.57, 340.48, 344.89, 349.94, 355.47, 361.78, 369.24, 377.44, 386.86, 397.47, 409.53,99999.00,99999.00,99999.00,99999.00,99999.00,99999.00,99999.00,99999.00,99999.00,99999.00,99999.00,99999.00,99999.00,99999.00,99999.00
99999.00,99999.00,99999.00,99999.00,99999.00,99999.00,99999.00,99999.00,99999.00,99999.00,99999.00,99999.00,99999.00,99999.00,99999.00, 760.05, 745.23, 732.19, 720.47, 711.32, 702.12, 692.95, 683.76, 674.53, 665.27, 655.97, 646.63, 637.20, 627.62, 617.98, 608.24, 598.36, 588.25, 577.99, 567.57, 556.92, 546.11, 535.23, 524.36, 513.58, 502.95, 492.53, 482.44, 472.72, 463.39, 454.30, 445.58, 437.20, 429.15, 421.42, 414.09, 407.03, 400.14, 393.41, 386.84, 380.43, 374.19, 368.83, 363.81, 359.01, 354.38, 350.02, 345.80, 341.72, 337.79, 334.02, 330.56, 327.89, 325.69, 323.97, 322.46, 321.14, 320.57, 320.03, 319.72, 319.61, 319.69, 319.83, 320.16, 320.79, 321.72, 322.93, 321.98, 320.74, 319.59, 318.37, 317.05, 315.87, 315.30, 315.29, 315.78, 316.82, 318.49, 321.02, 324.49, 328.28, 332.55, 337.44, 342.77, 349.00, 356.13, 364.31, 373.64, 384.10, 395.88,99999.00,99999.00,99999.00,99999.00,99999.00,99999.00,99999.00,99999.00,99999.00,99999.00,99999.00,99999.00,99999.00,99999.00,99999.00
99999.00,99999.00,99999.00,99999.00,99999.00,99999.00,99999.00,99999.00,99999.00,99999.00,99999.00,99999.00,99999.00,99999.00,99999.00, 755.18, 740.11, 726.34, 714.22, 703.32, 694.17, 684.97, 675.80, 666.61, 657.38, 648.12, 638.82, 629.48, 620.05, 610.47, 600.83, 591.09, 581.24, 571.24, 561.14, 550.87, 540.48, 530.01, 519.55, 509.15, 498.87, 488.73, 478.78, 469.05, 459.63, 450.58, 441.88, 433.40, 425.24, 417.40, 409.87, 402.61, 395.74, 389.10, 382.62, 376.27, 370.06, 363.99, 358.83, 353.99, 349.37, 344.91, 340.70, 336.63, 332.69, 328.90, 325.27, 322.23, 319.81, 317.86, 316.31, 314.93, 314.16, 313.39, 312.86, 312.52, 312.37, 312.27, 312.37, 312.75, 313.44, 314.40, 313.20, 311.70, 310.30, 308.84, 307.27, 305.86, 305.05, 304.81, 305.07, 305.88, 307.32, 309.59, 312.78, 316.44, 320.64, 325.22, 330.44, 336.65, 343.44, 351.61, 360.77, 370.93, 382.69,99999.00,99999.00,99999.00,99999.00,99999.00,99999.00,99999.00,99999.00,99999.00,99999.00,99999.00,99999.00,99999.00,99999.00,99999.00
99999.00,99999.00,99999.00,99999.00,99999.00,99999.00,99999.00,99999.00,99999.00,99999.00,99999.00,99999.00,99999.00,99999.00,99999.00, 750.95, 735.88, 722.01, 709.10, 697.47, 687.10, 677.94, 668.75, 659.58, 650.39, 641.16, 631.90, 622.60, 613.26, 603.89, 594.41, 584.82, 575.18, 565.44, 555.59, 545.59, 535.51, 525.38, 515.26, 505.16, 495.16, 485.29, 475.57, 466.01, 456.63, 447.48, 438.63, 430.11, 421.93, 413.94, 406.26, 398.86, 391.75, 384.90, 378.40, 372.13, 365.98, 359.96, 354.06, 349.08, 344.40, 339.95, 335.64, 331.57, 327.65, 323.85, 320.18, 316.79, 314.14, 311.95, 310.23, 308.83, 307.88, 306.91, 306.17, 305.61, 305.24, 304.91, 304.78, 304.93, 305.38, 306.11, 304.67, 302.94, 301.30, 299.61, 297.81, 296.16, 295.13, 294.66, 294.70, 295.28, 296.48, 298.51, 301.42, 304.94, 308.99, 313.36, 318.51, 324.39, 331.14, 339.21, 348.08, 358.21, 369.94,99999.00,99999.00,99999.00,99999.00,99999.00,99999.00,99999.00,99999.00,99999.00,99999.00,99999.00,99999.00,99999.00,99999.00,99999.00
99999.00,99999.00,99999.00,99999.00,99999.00,99999.00,99999.00,99999.00,99999.00,99999.00,99999.00,99999.00,99999.00,99999.00,99999.00, 747.24, 732.16, 718.30, 705.39, 693.26, 681.98, 671.82, 662.70, 653.55, 644.35, 635.18, 625.99, 616.76, 607.50, 598.20, 588.86, 579.46, 569.95, 560.35, 550.69, 540.95, 531.12, 521.22, 511.35, 501.52, 491.77, 482.10, 472.57, 463.19, 453.97, 444.91, 436.02, 427.35, 418.97, 410.91, 403.17, 395.61, 388.35, 381.36, 374.61, 368.10, 361.93, 355.97, 350.12, 344.38, 339.56, 335.04, 330.73, 326.56, 322.64, 318.85, 315.17, 311.65, 308.64, 306.24, 304.29, 302.79, 301.69, 300.56, 299.63, 298.86, 298.28, 297.74, 297.38, 297.31, 297.55, 298.05, 296.39, 294.43, 292.57, 290.66, 288.63, 286.77, 285.52, 284.83, 284.65, 285.00, 285.97, 287.73, 290.36, 293.80, 297.53, 301.81, 306.94, 312.47, 319.21, 326.90, 335.72, 345.82, 357.54,99999.00,99999.00,99999.00,99999.00,99999.00,99999.00,99999.00,99999.00,99999.00,99999.00,99999.00,99999.00,99999.00,99999.00,99999.00
99999.00,99999.00,99999.00,99999.00,99999.00,99999.00,99999.00,99999.00,99999.00,99999.00,99999.00,99999.00,99999.00,99999.00,99999.00, 743.97, 728.90, 715.03, 702.12, 689.99, 678.52, 667.61, 657.59, 648.51, 639.39, 630.23, 621.04, 611.82, 602.58, 593.30, 584.00, 574.67, 565.30, 555.88, 546.36, 536.75, 527.10, 517.44, 507.78, 498.13, 488.56, 479.09, 469.73, 460.48, 451.38, 442.43, 433.64, 425.01, 416.55, 408.30, 400.32, 392.66, 385.32, 378.15, 371.26, 364.65, 358.25, 352.09, 346.20, 340.51, 334.92, 330.25, 325.88, 321.71, 317.68, 313.88, 310.22, 306.66, 303.36, 300.73, 298.54, 296.82, 295.57, 294.28, 293.19, 292.26, 291.49, 290.74, 290.18, 289.90, 289.92, 290.21, 288.49, 286.27, 284.09, 281.96, 279.73, 277.65, 276.19, 275.26, 274.84, 274.95, 275.67, 277.16, 279.50, 282.77, 286.30, 290.49, 295.29, 300.79, 307.42, 314.83, 323.61, 333.68, 345.00,99999.00,99999.00,99999.00,99999.00,99999.00,99999.00,99999.00,99999.00,99999.00,99999.00,99999.00,99999.00,99999.00,99999.00,99999.00
99999.00,99999.00,99999.00,99999.00,99999.00,99999.00,99999.00,99999.00,99999.00,99999.00,99999.00,99999.00,99999.00,99999.00,99999.00, 741.07, 726.00, 712.13, 699.22, 687.09, 675.62, 664.69, 654.21, 644.30, 635.19, 626.04, 616.86, 607.64, 598.39, 589.12, 579.83, 570.52, 561.19, 551.83, 542.45, 533.02, 523.51, 513.97, 504.46, 495.00, 485.59, 476.24, 467.00, 457.89, 448.90, 440.03, 431.31, 422.75, 414.34, 406.09, 398.01, 390.13, 382.52, 375.23, 368.25, 361.43, 354.90, 348.62, 342.57, 336.73, 331.13, 325.69, 321.16, 316.92, 312.88, 308.97, 305.29, 301.74, 298.37, 295.40, 293.00, 291.06, 289.53, 288.07, 286.83, 285.74, 284.81, 283.89, 283.16, 282.68, 282.50, 282.59, 280.80, 278.39, 275.95, 273.62, 271.24, 268.74, 267.05, 265.88, 265.21, 265.08, 265.55, 266.77, 268.82, 271.78, 275.20, 279.38, 283.83, 289.31, 295.57, 302.96, 311.71, 321.38, 332.73,99999.00,99999.00,99999.00,99999.00,99999.00,99999.00,99999.00,99999.00,99999.00,99999.00,99999.00,99999.00,99999.00,99999.00,99999.00
99999.00,99999.00,99999.00,99999.00,99999.00,99999.00,99999.00,99999.00,99999.00,99999.00,99999.00,99999.00,99999.00,99999.00,99999.00, 738.74, 723.67, 709.80, 696.89, 684.75, 673.22, 662.21, 651.65, 641.47, 631.63, 622.49, 613.31, 604.10, 594.85, 585.58, 576.28, 566.97, 557.65, 548.31, 538.97, 529.60, 520.23, 510.86, 501.46, 492.09, 482.79, 473.58, 464.45, 455.41, 446.49, 437.71, 429.07, 420.57, 412.21, 403.99, 395.92, 387.99, 380.26, 372.72, 365.46, 358.51, 351.87, 345.38, 339.17, 333.22, 327.48, 321.96, 316.65, 312.25, 308.14, 304.22, 300.43, 296.86, 293.43, 290.29, 287.68, 285.50, 283.61, 282.03, 280.54, 279.30, 278.21, 277.13, 276.24, 275.59, 275.24, 275.15, 273.59, 270.98, 268.30, 265.66, 263.07, 260.34, 258.07, 256.66, 255.76, 255.38, 255.59, 256.54, 258.30, 260.94, 264.29, 268.13, 272.55, 277.93, 283.89, 291.28, 299.63, 309.31, 320.68,99999.00,99999.00,99999.00,99999.00,99999.00,99999.00,99999.00,99999.00,99999.00,99999.00,99999.00,99999.00,99999.00,99999.00,99999.00
99999.00,99999.00,99999.00,99999.00,99999.00,99999.00,99999.00,99999.00,99999.00,99999.00,99999.00,99999.00,99999.00,99999.00,99999.00, 736.75, 721.68, 707.81, 694.86, 682.65, 671.04, 659.96, 649.31, 639.04, 629.12, 619.49, 610.31, 601.10, 591.85, 582.58, 573.28, 563.97, 554.63, 545.29, 535.95, 526.61, 517.27, 507.95, 498.67, 489.44, 480.22, 471.06, 462.01, 453.07, 444.24, 435.54, 426.96, 418.50, 410.18, 401.99, 393.93, 386.01, 378.23, 370.60, 363.19, 355.99, 349.05, 342.43, 336.11, 329.94, 324.05, 318.40, 312.97, 307.81, 303.53, 299.54, 295.73, 292.05, 288.59, 285.38, 282.53, 280.15, 277.98, 276.14, 274.36, 272.94, 271.70, 270.47, 269.41, 268.60, 268.08, 267.82, 266.65, 263.75, 260.90, 257.97, 255.12, 252.21, 249.19, 247.55, 246.40, 245.77, 245.73, 246.40, 247.87, 250.20, 253.52, 257.02, 261.42, 266.42, 272.37, 279.42, 287.68, 297.38, 308.72,99999.00,99999.00,99999.00,99999.00,99999.00,99999.00,99999.00,99999.00,99999.00,99999.00,99999.00,99999.00,99999.00,99999.00,99999.00
99999.00,99999.00,99999.00,99999.00,99999.00,99999.00,99999.00,99999.00,99999.00,99999.00,99999.00,99999.00,99999.00,99999.00,99999.00, 735.25, 720.16, 706.24, 693.22, 680.93, 669.24, 658.07, 647.34, 636.99, 626.96, 617.24, 607.78, 598.56, 589.31, 580.04, 570.73, 561.41, 552.07, 542.73, 533.37, 524.02, 514.69, 505.38, 496.12, 486.93, 477.80, 468.75, 459.80, 450.94, 442.19, 433.55, 425.02, 416.60, 408.30, 400.12, 392.07, 384.15, 376.37, 368.72, 361.21, 353.84, 346.75, 339.87, 333.25, 326.94, 320.93, 315.07, 309.48, 304.14, 299.15, 294.98, 291.10, 287.40, 283.82, 280.51, 277.53, 275.01, 272.57, 270.36, 268.47, 266.66, 265.27, 263.89, 262.68, 261.71, 261.02, 260.56, 259.93, 256.78, 253.68, 250.50, 247.36, 244.26, 241.01, 238.47, 237.08, 236.21, 235.90, 236.30, 237.48, 239.49, 242.48, 245.94, 250.24, 254.95, 260.89, 267.52, 275.78, 285.45, 296.82,99999.00,99999.00,99999.00,99999.00,99999.00,99999.00,99999.00,99999.00,99999.00,99999.00,99999.00,99999.00,99999.00,99999.00,99999.00
99999.00,99999.00,99999.00,99999.00,99999.00,99999.00,99999.00,99999.00,99999.00,99999.00,99999.00,99999.00,99999.00,99999.00,99999.00, 737.94, 722.79, 708.80, 695.70, 683.34, 671.57, 660.31, 649.49, 639.04, 628.92, 619.10, 609.53, 600.21, 590.84, 581.45, 572.03, 562.59, 553.13, 543.65, 534.18, 524.70, 515.24, 505.82, 496.43, 487.11, 477.86, 468.69, 459.61, 450.63, 441.76, 432.99, 424.33, 415.79, 407.36, 399.06, 390.89, 382.86, 374.96, 367.20, 359.58, 352.10, 344.77, 337.67, 330.90, 324.32, 318.01, 312.01, 306.31, 300.75, 295.46, 290.65, 286.60, 282.82, 279.22, 275.73, 272.67, 269.95, 267.35, 264.89, 262.73, 260.64, 258.93, 257.39, 256.03, 254.90, 254.01, 253.33, 252.65, 249.93, 246.54, 243.20, 239.77, 236.40, 232.97, 229.43, 227.79, 226.67, 226.10, 226.23, 227.11, 228.80, 231.44, 234.89, 238.81, 243.50, 249.10, 255.64, 263.87, 273.57, 284.97,99999.00,99999.00,99999.00,99999.00,99999.00,99999.00,99999.00,99999.00,99999.00,99999.00,99999.00,99999.00,99999.00,99999.00,99999.00
99999.00,99999.00,99999.00,99999.00,99999.00,99999.00,99999.00,99999.00,99999.00,99999.00,99999.00,99999.00,99999.00,99999.00,99999.00, 741.52, 726.30, 712.23, 699.06, 686.61, 674.76, 663.42, 652.50, 641.95, 631.75, 621.84, 612.58, 603.27, 593.93, 584.55, 575.15, 565.72, 556.27, 546.81, 537.34, 527.88, 518.41, 508.97, 499.56, 490.12, 480.49, 470.96, 461.54, 452.22, 443.02, 433.95, 424.99, 416.16, 407.47, 398.90, 390.49, 382.21, 374.09, 366.11, 358.29, 350.62, 343.10, 335.80, 328.69, 321.92, 315.46, 309.20, 303.21, 297.51, 292.12, 286.86, 282.24, 278.32, 274.63, 271.13, 267.88, 264.95, 262.27, 259.61, 257.11, 254.91, 252.79, 251.08, 249.45, 248.11, 247.01, 246.12, 245.23, 243.28, 239.65, 236.05, 232.37, 228.71, 225.10, 221.32, 218.52, 217.14, 216.31, 216.16, 216.74, 218.11, 220.40, 223.75, 227.37, 232.06, 237.23, 243.78, 251.99, 261.71, 273.16,99999.00,99999.00,99999.00,99999.00,99999.00,99999.00,99999.00,99999.00,99999.00,99999.00,99999.00,99999.00,99999.00,99999.00,99999.00
99999.00,99999.00,99999.00,99999.00,99999.00,99999.00,99999.00,99999.00,99999.00,99999.00,99999.00,99999.00,99999.00,99999.00,99999.00, 745.15, 729.87, 715.72, 702.47, 689.95, 678.01, 666.57, 655.56, 644.94, 635.04, 625.85, 616.62, 607.34, 598.02, 588.67, 579.28, 569.86, 560.43, 550.98, 541.51, 532.02, 522.52, 512.93, 503.13, 493.38, 483.37, 473.45, 463.65, 453.98, 444.44, 435.03, 425.77, 416.64, 407.65, 398.82, 390.14, 381.62, 373.26, 365.06, 357.03, 349.16, 341.45, 333.91, 326.64, 319.68, 312.91, 306.47, 300.35, 294.42, 288.74, 283.37, 278.31, 273.87, 270.09, 266.50, 263.10, 260.10, 257.21, 254.44, 251.78, 249.33, 246.93, 244.91, 243.05, 241.35, 240.04, 238.93, 237.83, 236.83, 232.85, 228.96, 225.11, 221.17, 217.29, 213.33, 209.25, 207.61, 206.51, 206.08, 206.36, 207.40, 209.35, 212.31, 215.92, 220.27, 225.36, 231.86, 240.11, 249.87, 261.36,99999.00,99999.00,99999.00,99999.00,99999.00,99999.00,99999.00,99999.00,99999.00,99999.00,99999.00,99999.00,99999.00,99999.00,99999.00
99999.00,99999.00,99999.00,99999.00,99999.00,99999.00,99999.00,99999.00,99999.00,99999.00,99999.00,99999.00,99999.00,99999.00,99999.00, 748.87, 733.52, 719.30, 705.97, 693.36, 681.33, 669.79, 659.09, 649.20, 640.10, 630.95, 621.75, 612.51, 603.22, 593.89, 584.53, 575.13, 565.69, 556.22, 546.71, 537.07, 527.15, 517.24, 507.01, 496.84, 486.61, 476.28, 466.08, 456.03, 446.12, 436.37, 426.77, 417.33, 408.05, 398.93, 389.98, 381.20, 372.59, 364.16, 355.91, 347.84, 339.94, 332.22, 324.67, 317.42, 310.51, 303.90, 297.49, 291.39, 285.61, 280.01, 274.67, 269.80, 265.56, 261.91, 258.43, 255.30, 252.21, 249.36, 246.53, 243.84, 241.36, 238.94, 236.86, 234.78, 233.07, 231.76, 230.43, 229.35, 226.24, 222.10, 217.99, 213.80, 209.62, 205.47, 201.15, 198.06, 196.69, 195.97, 195.95, 196.67, 198.26, 200.84, 204.45, 208.37, 213.45, 219.93, 228.21, 238.02, 249.07,99999.00,99999.00,99999.00,99999.00,99999.00,99999.00,99999.00,99999.00,99999.00,99999.00,99999.00,99999.00,99999.00,99999.00,99999.00
99999.00,99999.00,99999.00,99999.00,99999.00,99999.00,99999.00,99999.00,99999.00,99999.00,99999.00,99999.00,99999.00,99999.00,99999.00, 752.73, 737.30, 723.01, 709.60, 696.89, 685.10, 674.29, 664.40, 655.41, 646.36, 637.26, 628.11, 618.90, 609.65, 600.34, 590.99, 581.57, 572.11, 562.48, 552.56, 542.58, 532.21, 521.84, 511.36, 500.73, 490.07, 479.29, 468.66, 458.20, 447.91, 437.79, 427.84, 418.07, 408.47, 399.05, 389.82, 380.77, 371.91, 363.24, 354.77, 346.48, 338.39, 330.48, 322.76, 315.34, 308.18, 301.31, 294.77, 288.53, 282.47, 276.73, 271.29, 266.03, 261.36, 257.32, 253.80, 250.48, 247.35, 244.30, 241.35, 238.52, 235.87, 233.19, 230.72, 228.41, 226.25, 224.61, 223.04, 221.73, 219.80, 215.31, 210.92, 206.54, 202.07, 197.64, 193.13, 188.48, 186.84, 185.83, 185.49, 185.89, 187.13, 189.32, 192.58, 196.42, 201.46, 207.98, 216.29, 225.65, 236.60,99999.00,99999.00,99999.00,99999.00,99999.00,99999.00,99999.00,99999.00,99999.00,99999.00,99999.00,99999.00,99999.00,99999.00,99999.00
99999.00,99999.00,99999.00,99999.00,99999.00,99999.00,99999.00,99999.00,99999.00,99999.00,99999.00,99999.00,99999.00,99999.00,99999.00, 756.94, 741.44, 727.07, 713.71, 701.61, 690.64, 680.43, 671.55, 662.61, 653.61, 644.56, 635.45, 626.28, 617.06, 607.77, 598.42, 588.99, 579.30, 569.35, 558.97, 548.52, 537.86, 526.99, 516.03, 504.89, 493.82, 482.54, 471.46, 460.56, 449.86, 439.35, 429.04, 418.92, 408.99, 399.25, 389.72, 380.40, 371.28, 362.36, 353.66, 345.15, 336.86, 328.76, 320.86, 313.27, 305.91, 298.89, 292.13, 285.64, 279.48, 273.61, 267.91, 262.52, 257.47, 253.01, 249.16, 245.76, 242.56, 239.30, 236.27, 233.26, 230.34, 227.52, 224.74, 222.24, 219.70, 217.52, 215.72, 214.11, 212.84, 208.70, 204.04, 199.40, 194.67, 189.94, 185.22, 180.32, 176.93, 175.63, 174.98, 175.04, 175.92, 177.73, 180.57, 184.40, 189.42, 195.97, 203.82, 213.08, 223.60,99999.00,99999.00,99999.00,99999.00,99999.00,99999.00,99999.00,99999.00,99999.00,99999.00,99999.00,99999.00,99999.00,99999.00,99999.00
99999.00,99999.00,99999.00,99999.00,99999.00,99999.00,99999.00,99999.00,99999.00,99999.00,99999.00,99999.00,99999.00,99999.00,99999.00, 761.60, 746.02, 731.97, 719.45, 707.96, 697.17, 688.42, 679.60, 670.73, 661.79, 652.80, 643.74, 634.61, 625.42, 616.14, 606.78, 597.14, 587.22, 576.81, 566.14, 555.16, 543.99, 532.54, 521.10, 509.40, 497.85, 486.09, 474.50, 463.14, 452.00, 441.09, 430.39, 419.90, 409.62, 399.56, 389.72, 380.10, 370.71, 361.54, 352.59, 343.87, 335.37, 327.08, 319.00, 311.14, 303.64, 296.48, 289.53, 282.93, 276.56, 270.46, 264.67, 259.17, 253.83, 248.99, 244.74, 241.07, 237.74, 234.44, 231.21, 228.07, 224.89, 221.90, 218.85, 216.00, 213.31, 210.70, 208.58, 206.51, 204.97, 203.20, 197.22, 192.29, 187.36, 182.32, 177.32, 172.22, 166.96, 165.35, 164.39, 164.11, 164.64, 166.06, 168.47, 172.26, 177.31, 183.89, 191.26, 199.96, 210.46,99999.00,99999.00,99999.00,99999.00,99999.00,99999.00,99999.00,99999.00,99999.00,99999.00,99999.00,99999.00,99999.00,99999.00,99999.00
99999.00,99999.00,99999.00,99999.00,99999.00,99999.00,99999.00,99999.00,99999.00,99999.00,99999.00,99999.00,99999.00,99999.00,99999.00, 766.96, 751.94, 738.52, 726.19, 714.73, 706.11, 697.43, 688.70, 679.90, 671.03, 662.10, 653.10, 644.02, 634.84, 625.57, 616.01, 606.14, 595.77, 585.13, 573.99, 562.41, 550.70, 538.62, 526.60, 514.32, 502.18, 490.21, 478.09, 466.23, 454.63, 443.28, 432.17, 421.29, 410.65, 400.25, 390.09, 380.17, 370.49, 361.06, 351.87, 342.91, 334.20, 325.72, 317.46, 309.43, 301.61, 294.00, 286.95, 280.22, 273.69, 267.49, 261.52, 255.80, 250.39, 245.25, 240.62, 236.57, 233.01, 229.65, 226.21, 222.87, 219.51, 216.23, 213.04, 209.87, 206.97, 204.02, 201.41, 199.16, 197.04, 195.65, 191.66, 185.34, 180.14, 174.83, 169.50, 164.18, 158.66, 154.98, 153.70, 153.08, 153.24, 154.27, 156.26, 160.03, 165.11, 171.23, 178.36, 186.78, 196.66,99999.00,99999.00,99999.00,99999.00,99999.00,99999.00,99999.00,99999.00,99999.00,99999.00,99999.00,99999.00,99999.00,99999.00,99999.00
99999.00,99999.00,99999.00,99999.00,99999.00,99999.00,99999.00,99999.00,99999.00,99999.00,99999.00,99999.00,99999.00,99999.00,99999.00, 773.68, 758.86, 745.48, 733.22, 724.74, 716.21, 707.63, 698.98, 690.26, 681.48, 672.62, 663.68, 654.64, 645.49, 636.03, 626.25, 615.95, 605.35, 594.24, 582.65, 570.43, 558.07, 545.30, 532.57, 519.96, 507.16, 494.62, 482.23, 469.84, 457.74, 445.93, 434.39, 423.11, 412.08, 401.32, 390.82, 380.58, 370.61, 360.91, 351.46, 342.28, 333.35, 324.67, 316.23, 308.03, 300.05, 292.30, 284.77, 277.44, 270.84, 264.53, 258.42, 252.62, 247.04, 241.69, 236.77, 232.35, 228.49, 224.83, 221.27, 217.69, 214.20, 210.65, 207.27, 203.82, 200.57, 197.45, 194.40, 191.81, 189.27, 187.37, 186.01, 179.60, 172.92, 167.40, 161.75, 156.13, 150.38, 144.46, 142.85, 141.89, 141.68, 142.32, 143.87, 147.68, 152.79, 158.42, 165.00, 172.83, 182.37,99999.00,99999.00,99999.00,99999.00,99999.00,99999.00,99999.00,99999.00,99999.00,99999.00,99999.00,99999.00,99999.00,99999.00,99999.00
99999.00,99999.00,99999.00,99999.00,99999.00,99999.00,99999.00,99999.00,99999.00,99999.00,99999.00,99999.00,99999.00,99999.00,99999.00, 780.81, 766.07, 752.79, 744.47, 736.10, 727.68, 719.19, 710.65, 702.04, 693.34, 684.56, 675.68, 666.68, 657.36, 647.70, 637.50, 626.99, 615.93, 604.37, 592.14, 579.37, 566.18, 552.92, 539.38, 526.03, 512.81, 499.60, 486.71, 473.92, 461.30, 449.00, 437.01, 425.30, 413.87, 402.73, 391.88, 381.31, 371.04, 361.05, 351.34, 341.92, 332.77, 323.89, 315.27, 306.90, 298.77, 290.88, 283.22, 275.78, 268.54, 261.51, 255.34, 249.45, 243.74, 238.33, 233.12, 228.41, 224.21, 220.25, 216.37, 212.58, 208.88, 205.14, 201.47, 197.86, 194.27, 190.93, 187.52, 184.43, 181.69, 179.06, 177.38, 173.76, 166.97, 159.91, 153.98, 148.02, 142.04, 135.84, 131.78, 130.46, 129.89, 130.13, 131.26, 135.09, 139.74, 145.12, 151.40, 158.57, 167.33,99999.00,99999.00,99999.00,99999.00,99999.00,99999.00,99999.00,99999.00,99999.00,99999.00,99999.00,99999.00,99999.00,99999.00,99999.00
99999.00,99999.00,99999.00,99999.00,99999.00,99999.00,99999.00,99999.00,99999.00,99999.00,99999.00,99999.00,99999.00,99999.00,99999.00, 788.28, 773.68, 765.52, 757.32, 749.07, 740.76, 732.40, 723.97, 715.47, 706.88, 698.18, 689.36, 680.22, 670.73, 660.67, 650.28, 639.32, 627.82, 615.63, 602.84, 589.42, 575.48, 561.26, 547.06, 532.83, 518.92, 505.15, 491.61, 478.44, 465.27, 452.46, 439.99, 427.83, 415.98, 404.44, 393.21, 382.30, 371.71, 361.43, 351.46, 341.79, 332.42, 323.34, 314.53, 305.99, 297.72, 289.69, 281.90, 274.34, 267.01, 259.88, 252.95, 246.22, 240.47, 234.98, 229.66, 224.68, 220.16, 215.88, 211.72, 207.61, 203.58, 199.69, 195.74, 191.94, 188.06, 184.35, 180.75, 177.21, 174.11, 171.03, 168.58, 167.19, 160.93, 153.73, 146.24, 139.88, 133.56, 127.11, 120.46, 118.79, 117.83, 117.68, 118.38, 122.24, 126.40, 131.23, 136.92, 143.76, 152.03,99999.00,99999.00,99999.00,99999.00,99999.00,99999.00,99999.00,99999.00,99999.00,99999.00,99999.00,99999.00,99999.00,99999.00,99999.00
99999.00,99999.00,99999.00,99999.00,99999.00,99999.00,99999.00,99999.00,99999.00,99999.00,99999.00,99999.00,99999.00,99999.00,99999.00, 796.23, 788.24, 780.21, 772.13, 764.02, 755.84, 747.62, 739.32, 730.94, 722.46, 713.86, 704.92, 695.63, 685.77, 675.55, 664.74, 653.36, 641.25, 628.50, 615.04, 600.77, 585.95, 570.67, 555.46, 540.38, 525.58, 511.24, 497.00, 483.20, 469.63, 456.28, 443.30, 430.66, 418.36, 406.40, 394.78, 383.51, 372.59, 362.01, 351.76, 341.84, 332.25, 322.96, 313.97, 305.27, 296.85, 288.69, 280.78, 273.11, 265.67, 258.45, 251.44, 244.63, 238.02, 231.59, 226.24, 221.14, 216.29, 211.71, 207.29, 202.89, 198.53, 194.24, 190.09, 185.99, 181.93, 177.87, 174.04, 170.12, 166.50, 163.20, 159.99, 157.96, 154.81, 147.44, 139.80, 131.85, 125.00, 118.29, 111.32, 106.83, 105.49, 104.94, 105.21, 108.60, 112.52, 117.05, 122.08, 128.13, 135.62,99999.00,99999.00,99999.00,99999.00,99999.00,99999.00,99999.00,99999.00,99999.00,99999.00,99999.00,99999.00,99999.00,99999.00,99999.00
99999.00,99999.00,99999.00,99999.00,99999.00,99999.00,99999.00,99999.00,99999.00,99999.00,99999.00,99999.00,99999.00,99999.00,99999.00,99999.00,99999.00,99999.00,99999.00,99999.00,99999.00,99999.00,99999.00,99999.00,99999.00,99999.00,99999.00,99999.00,99999.00,99999.00,99999.00,99999.00,99999.00,99999.00,99999.00,99999.00, 597.59, 581.20, 564.63, 548.61, 532.83, 517.65, 502.84, 488.38, 474.39, 460.47, 446.96, 433.82, 421.03, 408.62, 396.59, 384.94, 373.67, 362.77, 352.25, 342.08, 332.26, 322.77, 313.60, 304.74, 296.17, 287.88, 279.85, 272.07, 264.54, 257.24, 250.15, 243.27, 236.59, 230.10, 223.79, 217.61, 212.63, 207.74, 203.04, 198.39, 193.74, 189.12, 184.56, 180.11, 175.85, 171.48, 167.26, 163.13, 159.04, 155.36, 151.68, 148.59, 146.85, 141.07, 133.23, 125.09, 116.64, 109.27, 102.03,  94.56,  92.83,  91.86,  91.70,  94.61,  97.97, 101.91, 106.61, 112.18, 118.71,99999.00,99999.00,99999.00,99999.00,99999.00,99999.00,99999.00,99999.00,99999.00,99999.00,99999.00,99999.00,99999.00,99999.00,99999.00
99999.00,99999.00,99999.00,99999.00,99999.00,99999.00,99999.00,99999.00,99999.00,99999.00,99999.00,99999.00,99999.00,99999.00,99999.00,99999.00,99999.00,99999.00,99999.00,99999.00,99999.00,99999.00,99999.00,99999.00,99999.00,99999.00,99999.00,99999.00,99999.00,99999.00,99999.00,99999.00,99999.00,99999.00,99999.00,99999.00,99999.00,99999.00, 574.63, 557.30, 540.62, 524.55, 509.15, 494.01, 479.41, 465.17, 451.09, 437.40, 424.10, 411.21, 398.73, 386.68, 375.04, 363.82, 353.01, 342.59, 332.54, 322.85, 313.51, 304.49, 295.78, 287.36, 279.23, 271.35, 263.73, 256.34, 249.18, 242.24, 235.50, 228.95, 222.59, 216.33, 210.16, 203.97, 198.96, 194.09, 189.18, 184.26, 179.35, 174.49, 169.73, 165.17, 160.58, 156.21, 151.70, 147.48, 143.55, 139.68, 136.95, 134.68, 126.56, 118.20, 109.52, 100.50,  92.58,  84.76,  79.80,  78.42,  77.83,  80.25,  83.05,  86.33,  90.25,  95.04, 101.08,99999.00,99999.00,99999.00,99999.00,99999.00,99999.00,99999.00,99999.00,99999.00,99999.00,99999.00,99999.00,99999.00,99999.00,99999.00
99999.00,99999.00,99999.00,99999.00,99999.00,99999.00,99999.00,99999.00,99999.00,99999.00,99999.00,99999.00,99999.00,99999.00,99999.00,99999.00,99999.00,99999.00,99999.00,99999.00,99999.00,99999.00,99999.00,99999.00,99999.00,99999.00,99999.00,99999.00,99999.00,99999.00,99999.00,99999.00,99999.00,99999.00,99999.00,99999.00,99999.00,99999.00, 585.29, 566.54, 548.93, 531.95, 515.80, 500.22, 484.98, 470.24, 455.54, 441.25, 427.39, 413.97, 401.01, 388.53, 376.51, 364.96, 353.85, 343.17, 332.90, 323.02, 313.50, 304.34, 295.49, 286.96, 278.72, 270.75, 263.05, 255.59, 248.36, 241.35, 234.56, 227.96, 221.53, 215.21, 208.97, 202.72, 196.38, 189.95, 184.81, 179.62, 174.41, 169.20, 164.01, 158.92, 154.00, 149.21, 144.48, 139.75, 135.41, 131.03, 127.22, 125.08, 120.13, 111.25, 102.23,  92.95,  83.32,  74.78,  66.34,  64.54,  63.52,  65.46,  67.70,  70.32,  73.45,  77.28,  82.11,99999.00,99999.00,99999.00,99999.00,99999.00,99999.00,99999.00,99999.00,99999.00,99999.00,99999.00,99999.00,99999.00,99999.00,99999.00
99999.00,99999.00,99999.00,99999.00,99999.00,99999.00,99999.00,99999.00,99999.00,99999.00,99999.00,99999.00,99999.00,99999.00,99999.00,99999.00,99999.00,99999.00,99999.00,99999.00,99999.00,99999.00,99999.00,99999.00,99999.00,99999.00,99999.00,99999.00,99999.00,99999.00,99999.00,99999.00,99999.00,99999.00,99999.00,99999.00,99999.00,99999.00,99999.00, 576.24, 557.59, 539.99, 523.07, 506.91, 490.99, 475.63, 460.25, 445.29, 430.80, 416.80, 403.32, 390.37, 377.96, 366.06, 354.65, 343.72, 333.23, 323.16, 313.49, 304.18, 295.21, 286.57, 278.24, 270.19, 262.40, 254.88, 247.59, 240.53, 233.68, 227.04, 220.55, 214.17, 207.86, 201.56, 195.17, 188.68, 182.03, 175.19, 169.70, 164.18, 158.63, 153.10, 147.63, 142.33, 137.32, 132.16, 127.24, 122.57, 117.92, 114.37, 113.02, 107.13,  95.22,  85.33,  75.27,  64.92,  55.71,  50.15,  48.70,  50.15,  51.83,  53.80,  56.15,  59.02,  62.65,99999.00,99999.00,99999.00,99999.00,99999.00,99999.00,99999.00,99999.00,99999.00,99999.00,99999.00,99999.00,99999.00,99999.00,99999.00
99999.00,99999.00,99999.00,99999.00,99999.00,99999.00,99999.00,99999.00,99999.00,99999.00,99999.00,99999.00,99999.00,99999.00,99999.00,99999.00,99999.00,99999.00,99999.00,99999.00,99999.00,99999.00,99999.00,99999.00,99999.00,99999.00,99999.00,99999.00,99999.00,99999.00,99999.00,99999.00,99999.00,99999.00,99999.00,99999.00,99999.00,99999.00,99999.00, 586.47, 566.87, 548.58, 530.92, 514.10, 497.47, 481.31, 465.14, 449.42, 434.20, 419.54, 405.48, 392.04, 379.20, 366.95, 355.26, 344.08, 333.38, 323.13, 313.31, 303.87, 294.79, 286.06, 277.63, 269.51, 261.66, 254.08, 246.74, 239.63, 232.74, 226.06, 219.52, 213.08, 206.72, 200.37, 193.95, 187.40, 180.73, 173.84, 166.73, 159.39, 153.53, 147.62, 141.71, 135.84, 130.10, 124.68, 119.21, 114.09, 108.88, 104.20, 101.61, 100.92,  93.70,  80.87,  67.42,  56.34,  45.08,  35.16,  33.27,  34.24,  35.36,  36.67,  38.24,  40.15,  42.57,99999.00,99999.00,99999.00,99999.00,99999.00,99999.00,99999.00,99999.00,99999.00,99999.00,99999.00,99999.00,99999.00,99999.00,99999.00
99999.00,99999.00,99999.00,99999.00,99999.00,99999.00,99999.00,99999.00,99999.00,99999.00,99999.00,99999.00,99999.00,99999.00,99999.00,99999.00,99999.00,99999.00,99999.00,99999.00,99999.00,99999.00,99999.00,99999.00,99999.00,99999.00,99999.00,99999.00,99999.00,99999.00,99999.00,99999.00,99999.00,99999.00,99999.00,99999.00,99999.00,99999.00,99999.00, 597.22, 576.86, 557.90, 539.52, 521.89, 504.47, 487.23, 470.12, 453.47, 437.38, 421.95, 407.25, 393.27, 380.00, 367.39, 355.41, 343.99, 333.10, 322.69, 312.73, 303.17, 294.00, 285.18, 276.68, 268.49, 260.59, 252.95, 245.57, 238.42, 231.50, 224.79, 218.20, 211.71, 205.31, 198.92, 192.52, 185.96, 179.37, 172.50, 165.35, 157.97, 150.33, 142.43, 136.13, 129.80, 123.48, 117.26, 111.33, 105.58, 100.04,  94.45,  89.91,  88.67,  89.13,  80.09,  66.12,  51.41,  35.98,  23.55,  17.10,  17.59,  18.15,  18.80,  19.59,  20.54,  21.75,99999.00,99999.00,99999.00,99999.00,99999.00,99999.00,99999.00,99999.00,99999.00,99999.00,99999.00,99999.00,99999.00,99999.00,99999.00
99999.00,99999.00,99999.00,99999.00,99999.00,99999.00,99999.00,99999.00,99999.00,99999.00,99999.00,99999.00,99999.00,99999.00,99999.00,99999.00,99999.00,99999.00,99999.00,99999.00,99999.00,99999.00,99999.00,99999.00,99999.00,99999.00,99999.00,99999.00,99999.00,99999.00,99999.00,99999.00,99999.00,99999.00,99999.00,99999.00,99999.00,99999.00,99999.00, 609.29, 588.21, 568.44, 549.28, 530.56, 512.21, 494.10, 475.77, 457.90, 440.70, 424.34, 408.89, 394.33, 380.61, 367.65, 355.38, 343.74, 332.67, 322.12, 312.03, 302.37, 293.11, 284.22, 275.66, 267.41, 259.46, 251.78, 244.36, 237.18, 230.23, 223.48, 216.85, 210.32, 203.88, 197.46, 191.00, 184.42, 177.78, 170.96, 163.89, 156.55, 148.87, 140.92, 132.67, 124.12, 117.32, 110.50, 103.75,  97.24,  91.18,  84.96,  79.20,  76.06,  75.86,  78.36,  66.87,  51.42,  35.07,  17.87,   0.00,   0.00,   0.00,   0.00,   0.00,   0.00,   0.00,99999.00,99999.00,99999.00,99999.00,99999.00,99999.00,99999.00,99999.00,99999.00,99999.00,99999.00,99999.00,99999.00,99999.00,99999.00
99999.00,99999.00,99999.00,99999.00,99999.00,99999.00,99999.00,99999.00,99999.00,99999.00,99999.00,99999.00,99999.00,99999.00,99999.00,99999.00,99999.00,99999.00,99999.00,99999.00,99999.00,99999.00,99999.00,99999.00,99999.00,99999.00,99999.00,99999.00,99999.00,99999.00,99999.00,99999.00,99999.00,99999.00,99999.00,99999.00,99999.00,99999.00,99999.00,99999.00,99999.00,99999.00,99999.00,99999.00,99999.00,99999.00,99999.00,99999.00, 444.12, 426.63, 410.35, 395.17, 380.99, 367.69, 355.17, 343.33, 332.10, 321.41, 311.22, 301.47, 292.14, 283.18, 274.57, 266.28, 258.29, 250.57, 243.12, 235.91, 228.94, 222.15, 215.49, 208.93, 202.46, 196.00, 189.49, 182.87, 176.18, 169.32, 162.24, 154.90, 147.30, 139.40, 131.13, 122.52, 113.56, 104.22,  96.85,  89.49,  82.31,  75.68,  68.92,  63.10,  62.14,  63.80,  69.28,  56.98,99999.00,99999.00,99999.00,99999.00,99999.00,99999.00,99999.00,99999.00,99999.00,99999.00,99999.00,99999.00,99999.00,99999.00,99999.00,99999.00,99999.00,99999.00,99999.00,99999.00,99999.00,99999.00,99999.00,99999.00
99999.00,99999.00,99999.00,99999.00,99999.00,99999.00,99999.00,99999.00,99999.00,99999.00,99999.00,99999.00,99999.00,99999.00,99999.00,99999.00,99999.00,99999.00,99999.00,99999.00,99999.00,99999.00,99999.00,99999.00,99999.00,99999.00,99999.00,99999.00,99999.00,99999.00,99999.00,99999.00,99999.00,99999.00,99999.00,99999.00,99999.00,99999.00,99999.00,99999.00,99999.00,99999.00,99999.00,99999.00,99999.00,99999.00,99999.00,99999.00,99999.00, 428.62, 411.43, 395.66, 381.06, 367.47, 354.72, 342.71, 331.35, 320.56, 310.28, 300.47, 291.08, 282.07, 273.42, 265.09, 257.07, 249.33, 241.85, 234.62, 227.63, 220.82, 214.13, 207.55, 201.06, 194.57, 188.00, 181.34, 174.59, 167.70, 160.58, 153.21, 145.57, 137.65, 129.43, 120.86, 111.92, 102.52,  92.71,  82.43,  74.38,  66.42,  58.94,  51.77,  47.96,  48.63,  55.00,99999.00,99999.00,99999.00,99999.00,99999.00,99999.00,99999.00,99999.00,99999.00,99999.00,99999.00,99999.00,99999.00,99999.00,99999.00,99999.00,99999.00,99999.00,99999.00,99999.00,99999.00,99999.00,99999.00,99999.00,99999.00
99999.00,99999.00,99999.00,99999.00,99999.00,99999.00,99999.00,99999.00,99999.00,99999.00,99999.00,99999.00,99999.00,99999.00,99999.00,99999.00,99999.00,99999.00,99999.00,99999.00,99999.00,99999.00,99999.00,99999.00,99999.00,99999.00,99999.00,99999.00,99999.00,99999.00,99999.00,99999.00,99999.00,99999.00,99999.00,99999.00,99999.00,99999.00,99999.00,99999.00,99999.00,99999.00,99999.00,99999.00,99999.00,99999.00,99999.00,99999.00,99999.00,99999.00, 411.92, 395.64, 380.72, 366.89, 353.99, 341.85, 330.40, 319.54, 309.20, 299.34, 289.91, 280.87, 272.19, 263.83, 255.79, 248.03, 240.54, 233.30, 226.29, 219.47, 212.76, 206.16, 199.66, 193.15, 186.55, 179.85, 173.05, 166.11, 158.95, 151.54, 143.86, 135.90, 127.63, 119.04, 110.08, 100.72,  90.93,  80.63,  69.76,  58.31,  49.44,  40.91,  33.37,  32.85,99999.00,99999.00,99999.00,99999.00,99999.00,99999.00,99999.00,99999.00,99999.00,99999.00,99999.00,99999.00,99999.00,99999.00,99999.00,99999.00,99999.00,99999.00,99999.00,99999.00,99999.00,99999.00,99999.00,99999.00,99999.00,99999.00
99999.00,99999.00,99999.00,99999.00,99999.00,99999.00,99999.00,99999.00,99999.00,99999.00,99999.00,99999.00,99999.00,99999.00,99999.00,99999.00,99999.00,99999.00,99999.00,99999.00,99999.00,99999.00,99999.00,99999.00,99999.00,99999.00,99999.00,99999.00,99999.00,99999.00,99999.00,99999.00,99999.00,99999.00,99999.00,99999.00,99999.00,99999.00,99999.00,99999.00,99999.00,99999.00,99999.00,99999.00,99999.00,99999.00,99999.00,99999.00,99999.00,99999.00, 411.52, 394.95, 379.84, 365.90, 352.90, 340.71, 329.20, 318.30, 307.94, 298.05, 288.60, 279.54, 270.84, 262.48, 254.43, 246.66, 239.16, 231.91, 224.90, 218.06, 211.35, 204.74, 198.23, 191.71, 185.11, 178.39, 171.56, 164.59, 157.38, 149.92, 142.20, 134.19, 125.87, 117.23, 108.22,  98.82,  88.99,  78.67,  67.82,  56.36,  44.18,  31.18,  21.36,  16.57,99999.00,99999.00,99999.00,99999.00,99999.00,99999.00,99999.00,99999.00,99999.00,99999.00,99999.00,99999.00,99999.00,99999.00,99999.00,99999.00,99999.00,99999.00,99999.00,99999.00,99999.00,99999.00,99999.00,99999.00,99999.00,99999.00
99999.00,99999.00,99999.00,99999.00,99999.00,99999.00,99999.00,99999.00,99999.00,99999.00,99999.00,99999.00,99999.00,99999.00,99999.00,99999.00,99999.00,99999.00,99999.00,99999.00,99999.00,99999.00,99999.00,99999.00,99999.00,99999.00,99999.00,99999.00,99999.00,99999.00,99999.00,99999.00,99999.00,99999.00,99999.00,99999.00,99999.00,99999.00,99999.00,99999.00,99999.00,99999.00,99999.00,99999.00,99999.00,99999.00,99999.00,99999.00,99999.00,99999.00, 411.05, 394.44, 379.31, 365.35, 352.33, 340.10, 328.56, 317.61, 307.20, 297.27, 287.77, 278.67, 269.93, 261.52, 253.43, 245.61, 238.07, 230.78, 223.72, 216.84, 210.09, 203.44, 196.88, 190.33, 183.70, 176.98, 170.14, 163.13, 155.88, 148.37, 140.61, 132.55, 124.19, 115.49, 106.43,  96.97,  87.08,  76.71,  65.81,  54.30,  42.10,  29.09,  15.13,   0.00,99999.00,99999.00,99999.00,99999.00,99999.00,99999.00,99999.00,99999.00,99999.00,99999.00,99999.00,99999.00,99999.00,99999.00,99999.00,99999.00,99999.00,99999.00,99999.00,99999.00,99999.00,99999.00,99999.00,99999.00,99999.00,99999.00
99999.00,99999.00,99999.00,99999.00,99999.00,99999.00,99999.00,99999.00,99999.00,99999.00,99999.00,99999.00,99999.00,99999.00,99999.00,99999.00,99999.00,99999.00,99999.00,99999.00,99999.00,99999.00,99999.00,99999.00,99999.00,99999.00,99999.00,99999.00,99999.00,99999.00,99999.00,99999.00,99999.00,99999.00,99999.00,99999.00,99999.00,99999.00,99999.00,99999.00,99999.00,99999.00,99999.00,99999.00,99999.00,99999.00,99999.00,99999.00,99999.00,99999.00, 413.38, 396.72, 381.52, 367.48, 354.37, 342.06, 330.43, 319.40, 308.90, 298.88, 289.30, 280.11, 271.28, 262.79, 254.60, 246.70, 239.07, 231.69, 224.54, 217.58, 210.74, 204.00, 197.36, 190.72, 184.00, 177.19, 170.27, 163.19, 155.90, 148.37, 140.61, 132.55, 124.19, 115.49, 106.43,  96.97,  87.08,  76.71,  65.81,  54.30,  42.10,  29.09,  15.13,   0.00,99999.00,99999.00,99999.00,99999.00,99999.00,99999.00,99999.00,99999.00,99999.00,99999.00,99999.00,99999.00,99999.00,99999.00,99999.00,99999.00,99999.00,99999.00,99999.00,99999.00,99999.00,99999.00,99999.00,99999.00,99999.00,99999.00
99999.00,99999.00,99999.00,99999.00,99999.00,99999.00,99999.00,99999.00,99999.00,99999.00,99999.00,99999.00,99999.00,99999.00,99999.00,99999.00,99999.00,99999.00,99999.00,99999.00,99999.00,99999.00,99999.00,99999.00,99999.00,99999.00,99999.00,99999.00,99999.00,99999.00,99999.00,99999.00,99999.00,99999.00,99999.00,99999.00,99999.00,99999.00,99999.00,99999.00,99999.00,99999.00,99999.00,99999.00,99999.00,99999.00,99999.00,99999.00,99999.00,99999.00, 416.42, 399.68, 384.40, 370.26, 357.07, 344.66, 332.94, 321.82, 311.23, 301.12, 291.44, 282.16, 273.24, 264.65, 256.37, 248.38, 240.66, 233.18, 225.95, 218.89, 211.95, 205.13, 198.39, 191.66, 184.85, 177.95, 170.95, 163.78, 156.40, 148.79, 140.95, 132.84, 124.46, 115.77, 106.71,  97.25,  87.35,  76.95,  66.02,  54.47,  42.22,  29.18,  15.17,   0.00,99999.00,99999.00,99999.00,99999.00,99999.00,99999.00,99999.00,99999.00,99999.00,99999.00,99999.00,99999.00,99999.00,99999.00,99999.00,99999.00,99999.00,99999.00,99999.00,99999.00,99999.00,99999.00,99999.00,99999.00,99999.00,99999.00
99999.00,99999.00,99999.00,99999.00,99999.00,99999.00,99999.00,99999.00,99999.00,99999.00,99999.00,99999.00,99999.00,99999.00,99999.00,99999.00,99999.00,99999.00,99999.00,99999.00,99999.00,99999.00,99999.00,99999.00,99999.00,99999.00,99999.00,99999.00,99999.00,99999.00,99999.00,99999.00,99999.00,99999.00,99999.00,99999.00,99999.00,99999.00,99999.00,99999.00,99999.00,99999.00,99999.00,99999.00,99999.00,99999.00,99999.00,99999.00,99999.00,99999.00, 420.12, 403.29, 387.91, 373.69, 360.40, 347.90, 336.08, 324.86, 314.17, 303.96, 294.19, 284.81, 275.79, 267.11, 258.74, 250.67, 242.86, 235.29, 227.95, 220.85, 213.87, 206.94, 200.11, 193.39, 186.55, 179.55, 172.45, 165.19, 157.72, 150.03, 142.10, 133.92, 125.43, 116.63, 107.49,  97.95,  87.96,  77.48,  66.45,  54.82,  42.49,  29.35,  15.26,   0.00,99999.00,99999.00,99999.00,99999.00,99999.00,99999.00,99999.00,99999.00,99999.00,99999.00,99999.00,99999.00,99999.00,99999.00,99999.00,99999.00,99999.00,99999.00,99999.00,99999.00,99999.00,99999.00,99999.00,99999.00,99999.00,99999.00
99999.00,99999.00,99999.00,99999.00,99999.00,99999.00,99999.00,99999.00,99999.00,99999.00,99999.00,99999.00,99999.00,99999.00,99999.00,99999.00,99999.00,99999.00,99999.00,99999.00,99999.00,99999.00,99999.00,99999.00,99999.00,99999.00,99999.00,99999.00,99999.00,99999.00,99999.00,99999.00,99999.00,99999.00,99999.00,99999.00,99999.00,99999.00,99999.00,99999.00,99999.00,99999.00,99999.00,99999.00,99999.00,99999.00,99999.00,99999.00,99999.00,99999.00, 423.92, 406.99, 391.53, 377.20, 363.82, 351.22, 339.29, 327.97, 317.18, 306.87, 296.99, 287.51, 278.40, 269.63, 261.18, 253.01, 245.11, 237.48, 230.10, 222.90, 215.83, 208.90, 202.03, 195.21, 188.32, 181.29, 174.17, 166.94, 159.51, 151.72, 143.65, 135.30, 126.65, 117.69, 108.38,  98.69,  88.60,  78.03,  66.92,  55.19,  42.76,  29.54,  15.35,   0.00,99999.00,99999.00,99999.00,99999.00,99999.00,99999.00,99999.00,99999.00,99999.00,99999.00,99999.00,99999.00,99999.00,99999.00,99999.00,99999.00,99999.00,99999.00,99999.00,99999.00,99999.00,99999.00,99999.00,99999.00,99999.00,99999.00
99999.00,99999.00,99999.00,99999.00,99999.00,99999.00,99999.00,99999.00,99999.00,99999.00,99999.00,99999.00,99999.00,99999.00,99999.00,99999.00,99999.00,99999.00,99999.00,99999.00,99999.00,99999.00,99999.00,99999.00,99999.00,99999.00,99999.00,99999.00,99999.00,99999.00,99999.00,99999.00,99999.00,99999.00,99999.00,99999.00,99999.00,99999.00,99999.00,99999.00,99999.00,99999.00,99999.00,99999.00,99999.00,99999.00,99999.00,99999.00,99999.00,99999.00, 427.84, 410.81, 395.25, 380.82, 367.32, 354.62, 342.59, 331.16, 320.25, 309.83, 299.85, 290.27, 281.07, 272.21, 263.68, 255.45, 247.50, 239.77, 232.31, 225.10, 218.00, 211.14, 204.22, 197.19, 190.27, 183.27, 176.23, 168.98, 161.48, 153.63, 145.39, 136.87, 128.05, 118.91, 109.43,  99.58,  89.32,  78.62,  67.40,  55.58,  43.06,  29.73,  15.45,   0.00,99999.00,99999.00,99999.00,99999.00,99999.00,99999.00,99999.00,99999.00,99999.00,99999.00,99999.00,99999.00,99999.00,99999.00,99999.00,99999.00,99999.00,99999.00,99999.00,99999.00,99999.00,99999.00,99999.00,99999.00,99999.00,99999.00
99999.00,99999.00,99999.00,99999.00,99999.00,99999.00,99999.00,99999.00,99999.00,99999.00,99999.00,99999.00,99999.00,99999.00,99999.00,99999.00,99999.00,99999.00,99999.00,99999.00,99999.00,99999.00,99999.00,99999.00,99999.00,99999.00,99999.00,99999.00,99999.00,99999.00,99999.00,99999.00,99999.00,99999.00,99999.00,99999.00,99999.00,99999.00,99999.00,99999.00,99999.00,99999.00,99999.00,99999.00,99999.00,99999.00,99999.00,99999.00,99999.00,99999.00, 431.88, 414.75, 399.08, 384.54, 370.94, 358.12, 345.97, 334.42, 323.41, 312.87, 302.78, 293.11, 283.83, 274.91, 266.32, 258.00, 249.97, 242.24, 234.73, 227.60, 220.63, 213.56, 206.61, 199.61, 192.61, 185.67, 178.61, 171.31, 163.63, 155.71, 147.32, 138.62, 129.62, 120.30, 110.64, 100.61,  90.18,  79.30,  67.93,  55.99,  43.37,  29.94,  15.55,   0.00,99999.00,99999.00,99999.00,99999.00,99999.00,99999.00,99999.00,99999.00,99999.00,99999.00,99999.00,99999.00,99999.00,99999.00,99999.00,99999.00,99999.00,99999.00,99999.00,99999.00,99999.00,99999.00,99999.00,99999.00,99999.00,99999.00
99999.00,99999.00,99999.00,99999.00,99999.00,99999.00,99999.00,99999.00,99999.00,99999.00,99999.00,99999.00,99999.00,99999.00,99999.00,99999.00,99999.00,99999.00,99999.00,99999.00,99999.00,99999.00,99999.00,99999.00,99999.00,99999.00,99999.00,99999.00,99999.00,99999.00,99999.00,99999.00,99999.00,99999.00,99999.00,99999.00,99999.00,99999.00,99999.00,99999.00,99999.00,99999.00,99999.00,99999.00,99999.00,99999.00,99999.00,99999.00,99999.00,99999.00, 436.05, 418.81, 403.02, 388.37, 374.65, 361.70, 349.44, 337.77, 326.63, 315.99, 305.82, 296.09, 286.76, 277.74, 269.07, 260.74, 252.68, 245.02, 237.64, 230.49, 223.49, 216.44, 209.42, 202.56, 195.60, 188.43, 181.19, 173.81, 165.99, 157.88, 149.44, 140.54, 131.35, 121.85, 112.00, 101.79,  91.17,  80.11,  68.56,  56.45,  43.70,  30.16,  15.66,   0.00,99999.00,99999.00,99999.00,99999.00,99999.00,99999.00,99999.00,99999.00,99999.00,99999.00,99999.00,99999.00,99999.00,99999.00,99999.00,99999.00,99999.00,99999.00,99999.00,99999.00,99999.00,99999.00,99999.00,99999.00,99999.00,99999.00
99999.00,99999.00,99999.00,99999.00,99999.00,99999.00,99999.00,99999.00,99999.00,99999.00,99999.00,99999.00,99999.00,99999.00,99999.00,99999.00,99999.00,99999.00,99999.00,99999.00,99999.00,99999.00,99999.00,99999.00,99999.00,99999.00,99999.00,99999.00,99999.00,99999.00,99999.00,99999.00,99999.00,99999.00,99999.00,99999.00,99999.00,99999.00,99999.00,99999.00,99999.00,99999.00,99999.00,99999.00,99999.00,99999.00,99999.00,99999.00,99999.00,99999.00, 440.35, 423.00, 407.09, 392.32, 378.47, 365.40, 353.00, 341.20, 329.96, 319.26, 309.04, 299.22, 289.81, 280.78, 272.07, 263.82, 255.88, 248.20, 241.00, 233.87, 226.79, 219.91, 213.04, 205.97, 198.84, 191.58, 184.00, 176.44, 168.56, 160.26, 151.69, 142.64, 133.25, 123.54, 113.50, 103.09,  92.29,  81.04,  69.30,  57.00,  44.07,  30.39,  15.78,   0.00,99999.00,99999.00,99999.00,99999.00,99999.00,99999.00,99999.00,99999.00,99999.00,99999.00,99999.00,99999.00,99999.00,99999.00,99999.00,99999.00,99999.00,99999.00,99999.00,99999.00,99999.00,99999.00,99999.00,99999.00,99999.00,99999.00
99999.00,99999.00,99999.00,99999.00,99999.00,99999.00,99999.00,99999.00,99999.00,99999.00,99999.00,99999.00,99999.00,99999.00,99999.00,99999.00,99999.00,99999.00,99999.00,99999.00,99999.00,99999.00,99999.00,99999.00,99999.00,99999.00,99999.00,99999.00,99999.00,99999.00,99999.00,99999.00,99999.00,99999.00,99999.00,99999.00,99999.00,99999.00,99999.00,99999.00,99999.00,99999.00,99999.00,99999.00,99999.00,99999.00,99999.00,99999.00,99999.00,99999.00, 444.81, 427.34, 411.30, 396.40, 382.41, 369.21, 356.67, 344.79, 333.50, 322.71, 312.41, 302.58, 293.12, 284.18, 275.60, 267.32, 259.56, 252.11, 244.83, 237.86, 230.98, 223.99, 216.95, 209.80, 202.33, 194.90, 187.25, 179.29, 171.28, 162.82, 154.05, 144.90, 135.30, 125.39, 115.14, 104.53,  93.52,  82.08,  70.14,  57.65,  44.53,  30.66,  15.90,   0.00,99999.00,99999.00,99999.00,99999.00,99999.00,99999.00,99999.00,99999.00,99999.00,99999.00,99999.00,99999.00,99999.00,99999.00,99999.00,99999.00,99999.00,99999.00,99999.00,99999.00,99999.00,99999.00,99999.00,99999.00,99999.00,99999.00
99999.00,99999.00,99999.00,99999.00,99999.00,99999.00,99999.00,99999.00,99999.00,99999.00,99999.00,99999.00,99999.00,99999.00,99999.00,99999.00,99999.00,99999.00,99999.00,99999.00,99999.00,99999.00,99999.00,99999.00,99999.00,99999.00,99999.00,99999.00,99999.00,99999.00,99999.00,99999.00,99999.00,99999.00,99999.00,99999.00,99999.00,99999.00,99999.00,99999.00,99999.00,99999.00,99999.00,99999.00,99999.00,99999.00,99999.00,99999.00,99999.00,99999.00, 449.46, 431.86, 415.69, 400.64, 386.51, 373.16, 360.55, 348.58, 337.21, 326.40, 316.07, 306.31, 296.99, 288.02, 279.62, 271.57, 263.95, 256.66, 249.58, 242.56, 235.60, 228.53, 221.16, 213.83, 206.30, 198.46, 190.69, 182.57, 174.14, 165.58, 156.60, 147.33, 137.51, 127.38, 116.92, 106.10,  94.88,  83.22,  71.08,  58.39,  45.07,  31.01,  16.05,   0.00,99999.00,99999.00,99999.00,99999.00,99999.00,99999.00,99999.00,99999.00,99999.00,99999.00,99999.00,99999.00,99999.00,99999.00,99999.00,99999.00,99999.00,99999.00,99999.00,99999.00,99999.00,99999.00,99999.00,99999.00,99999.00,99999.00
99999.00,99999.00,99999.00,99999.00,99999.00,99999.00,99999.00,99999.00,99999.00,99999.00,99999.00,99999.00,99999.00,99999.00,99999.00,99999.00,99999.00,99999.00,99999.00,99999.00,99999.00,99999.00,99999.00,99999.00,99999.00,99999.00,99999.00,99999.00,99999.00,99999.00,99999.00,99999.00,99999.00,99999.00,99999.00,99999.00,99999.00,99999.00,99999.00,99999.00,99999.00,99999.00,99999.00,99999.00,99999.00,99999.00,99999.00,99999.00,99999.00,99999.00, 454.30, 436.56, 420.25, 405.05, 390.77, 377.31, 364.63, 352.64, 341.24, 330.51, 320.31, 310.53, 301.38, 292.64, 284.38, 276.64, 269.13, 261.85, 254.73, 247.81, 240.55, 233.31, 225.89, 218.16, 210.51, 202.50, 194.31, 186.08, 177.44, 168.53, 159.32, 149.85, 139.87, 129.52, 118.83, 107.78,  96.34,  84.47,  72.11,  59.20,  45.67,  31.40,  16.25,   0.00,99999.00,99999.00,99999.00,99999.00,99999.00,99999.00,99999.00,99999.00,99999.00,99999.00,99999.00,99999.00,99999.00,99999.00,99999.00,99999.00,99999.00,99999.00,99999.00,99999.00,99999.00,99999.00,99999.00,99999.00,99999.00,99999.00
99999.00,99999.00,99999.00,99999.00,99999.00,99999.00,99999.00,99999.00,99999.00,99999.00,99999.00,99999.00,99999.00,99999.00,99999.00,99999.00,99999.00,99999.00,99999.00,99999.00,99999.00,99999.00,99999.00,99999.00,99999.00,99999.00,99999.00,99999.00,99999.00,99999.00,99999.00,99999.00,99999.00,99999.00,99999.00,99999.00,99999.00,99999.00,99999.00,99999.00,99999.00,99999.00,99999.00,99999.00,99999.00,99999.00,99999.00,99999.00,99999.00,99999.00, 459.33, 441.44, 424.97, 409.62, 395.23, 381.77, 369.05, 357.15, 345.88, 335.13, 325.09, 315.55, 306.54, 297.96, 289.96, 282.22, 274.72, 267.43, 260.47, 253.26, 246.07, 238.44, 230.89, 223.00, 214.92, 206.82, 198.41, 189.82, 180.96, 171.83, 162.23, 152.52, 142.52, 132.21, 121.57, 110.56,  99.17,  87.34,  75.02,  62.14,  48.61,  34.32,  23.24,  17.84,99999.00,99999.00,99999.00,99999.00,99999.00,99999.00,99999.00,99999.00,99999.00,99999.00,99999.00,99999.00,99999.00,99999.00,99999.00,99999.00,99999.00,99999.00,99999.00,99999.00,99999.00,99999.00,99999.00,99999.00,99999.00,99999.00
99999.00,99999.00,99999.00,99999.00,99999.00,99999.00,99999.00,99999.00,99999.00,99999.00,99999.00,99999.00,99999.00,99999.00,99999.00,99999.00,99999.00,99999.00,99999.00,99999.00,99999.00,99999.00,99999.00,99999.00,99999.00,99999.00,99999.00,99999.00,99999.00,99999.00,99999.00,99999.00,99999.00,99999.00,99999.00,99999.00,99999.00,99999.00,99999.00,99999.00,99999.00,99999.00,99999.00,99999.00,99999.00,99999.00,99999.00,99999.00,99999.00,99999.00, 464.63, 446.58, 429.95, 414.48, 400.07, 386.70, 374.12, 362.21, 351.10, 340.58, 330.69, 321.30, 312.25, 303.98, 295.99, 288.25, 280.76, 273.69, 266.44, 259.29, 251.73, 244.12, 236.15, 228.15, 219.86, 211.39, 202.75, 193.95, 184.68, 175.31, 165.67, 155.75, 145.78, 135.51, 124.90, 113.93, 102.55,  90.73,  78.38,  65.44,  54.99,  45.10,  36.84,  35.59,99999.00,99999.00,99999.00,99999.00,99999.00,99999.00,99999.00,99999.00,99999.00,99999.00,99999.00,99999.00,99999.00,99999.00,99999.00,99999.00,99999.00,99999.00,99999.00,99999.00,99999.00,99999.00,99999.00,99999.00,99999.00,99999.00
99999.00,99999.00,99999.00,99999.00,99999.00,99999.00,99999.00,99999.00,99999.00,99999.00,99999.00,99999.00,99999.00,99999.00,99999.00,99999.00,99999.00,99999.00,99999.00,99999.00,99999.00,99999.00,99999.00,99999.00,99999.00,99999.00,99999.00,99999.00,99999.00,99999.00,99999.00,99999.00,99999.00,99999.00,99999.00,99999.00,99999.00,99999.00,99999.00,99999.00,99999.00,99999.00,99999.00,99999.00,99999.00,99999.00,99999.00,99999.00,99999.00,99999.00, 470.23, 452.02, 435.21, 419.85, 405.59, 392.22, 379.82, 368.14, 357.18, 346.82, 336.88, 327.32, 318.74, 310.48, 302.49, 294.76, 287.56, 280.20, 273.02, 265.50, 257.96, 250.06, 241.97, 233.61, 225.08, 216.39, 207.34, 198.28, 188.96, 179.37, 169.76, 159.86, 149.65, 139.39, 128.79, 117.79, 106.36,  94.43,  84.49,  74.85,  65.88,  57.82,  53.21,  53.07,  59.91,99999.00,99999.00,99999.00,99999.00,99999.00,99999.00,99999.00,99999.00,99999.00,99999.00,99999.00,99999.00,99999.00,99999.00,99999.00,99999.00,99999.00,99999.00,99999.00,99999.00,99999.00,99999.00,99999.00,99999.00,99999.00
99999.00,99999.00,99999.00,99999.00,99999.00,99999.00,99999.00,99999.00,99999.00,99999.00,99999.00,99999.00,99999.00,99999.00,99999.00,99999.00,99999.00,99999.00,99999.00,99999.00,99999.00,99999.00,99999.00,99999.00,99999.00,99999.00,99999.00,99999.00,99999.00,99999.00,99999.00,99999.00,99999.00,99999.00,99999.00,99999.00,99999.00,99999.00,99999.00,99999.00,99999.00,99999.00,99999.00,99999.00,99999.00,99999.00,99999.00,99999.00,99999.00,99999.00, 476.25, 457.86, 441.18, 425.84, 411.78, 398.66, 386.42, 374.90, 363.89, 353.35, 343.23, 334.32, 325.75, 317.49, 309.50, 302.12, 294.65, 287.37, 279.81, 272.33, 264.50, 256.48, 248.14, 239.55, 230.59, 221.64, 212.53, 203.23, 193.93, 184.34, 174.47, 164.57, 154.34, 143.77, 133.08, 121.96, 112.40, 103.06,  94.09,  85.87,  78.04,  71.31,  69.43,  70.20,  76.21,  62.96,99999.00,99999.00,99999.00,99999.00,99999.00,99999.00,99999.00,99999.00,99999.00,99999.00,99999.00,99999.00,99999.00,99999.00,99999.00,99999.00,99999.00,99999.00,99999.00,99999.00,99999.00,99999.00,99999.00,99999.00
99999.00,99999.00,99999.00,99999.00,99999.00,99999.00,99999.00,99999.00,99999.00,99999.00,99999.00,99999.00,99999.00,99999.00,99999.00,99999.00,99999.00,99999.00,99999.00,99999.00,99999.00,99999.00,99999.00,99999.00,99999.00,99999.00,99999.00,99999.00,99999.00,99999.00,99999.00,99999.00,99999.00,99999.00,99999.00,99999.00,99999.00,99999.00,99999.00,99999.00,99999.00,99999.00,99999.00,99999.00,99999.00,99999.00,99999.00,99999.00,99999.00,99999.00, 482.73, 464.31, 447.86, 432.80, 418.93, 405.98, 393.71, 382.02, 370.81, 360.07, 350.79, 341.89, 333.32, 325.06, 317.45, 309.85, 302.46, 294.80, 287.26, 279.50, 271.56, 263.29, 254.65, 245.79, 236.76, 227.56, 218.43, 209.13, 199.54, 189.94, 180.03, 169.79, 159.48, 148.74, 139.17, 130.09, 121.29, 112.89, 105.29,  97.67,  90.80,  86.66,  85.45,  86.98,  74.99,  57.41,  39.00,  19.83,   0.00,   0.00,   0.00,   0.00,   0.00,   0.00,   0.00,99999.00,99999.00,99999.00,99999.00,99999.00,99999.00,99999.00,99999.00,99999.00,99999.00,99999.00,99999.00,99999.00,99999.00,99999.00
99999.00,99999.00,99999.00,99999.00,99999.00,99999.00,99999.00,99999.00,99999.00,99999.00,99999.00,99999.00,99999.00,99999.00,99999.00,99999.00,99999.00,99999.00,99999.00,99999.00,99999.00,99999.00,99999.00,99999.00,99999.00,99999.00,99999.00,99999.00,99999.00,99999.00,99999.00,99999.00,99999.00,99999.00,99999.00,99999.00,99999.00,99999.00,99999.00,99999.00,99999.00,99999.00,99999.00,99999.00,99999.00,99999.00,99999.00,99999.00,99999.00,99999.00, 489.87, 471.76, 455.53, 440.69, 426.82, 413.73, 401.27, 389.35, 377.94, 368.25, 358.97, 350.07, 341.51, 333.62, 325.85, 318.33, 310.57, 302.95, 295.12, 287.24, 279.05, 270.48, 261.69, 252.71, 243.54, 234.46, 225.05, 215.70, 206.06, 196.09, 186.07, 175.65, 165.98, 156.63, 147.81, 139.28, 131.38, 124.17, 116.86, 110.01, 104.33, 101.95, 101.32,  92.37,  75.90,  58.78,  41.02,  26.65,  19.30,  19.78,  20.34,  21.00,  21.78,  22.74,  23.95,99999.00,99999.00,99999.00,99999.00,99999.00,99999.00,99999.00,99999.00,99999.00,99999.00,99999.00,99999.00,99999.00,99999.00,99999.00
99999.00,99999.00,99999.00,99999.00,99999.00,99999.00,99999.00,99999.00,99999.00,99999.00,99999.00,99999.00,99999.00,99999.00,99999.00,99999.00,99999.00,99999.00,99999.00,99999.00,99999.00,99999.00,99999.00,99999.00,99999.00,99999.00,99999.00,99999.00,99999.00,99999.00,99999.00,99999.00,99999.00,99999.00,99999.00,99999.00,99999.00,99999.00,99999.00,99999.00,99999.00,99999.00,99999.00,99999.00,99999.00,99999.00,99999.00,99999.00,99999.00,99999.00, 498.03, 480.19, 464.01, 449.06, 435.04, 421.76, 409.07, 396.95, 386.79, 377.11, 367.84, 358.94, 350.75, 342.73, 335.07, 327.19, 319.46, 311.55, 303.61, 295.47, 286.99, 278.27, 269.34, 260.21, 251.15, 241.76, 232.49, 222.87, 213.08, 202.91, 193.06, 183.57, 174.43, 165.83, 157.53, 149.88, 142.56, 135.75, 128.96, 122.98, 119.14, 117.21, 110.52,  94.78,  78.53,  65.32,  51.79,  40.69,  37.92,  38.89,  40.01,  41.32,  42.88,  44.80,  47.22,99999.00,99999.00,99999.00,99999.00,99999.00,99999.00,99999.00,99999.00,99999.00,99999.00,99999.00,99999.00,99999.00,99999.00,99999.00
99999.00,99999.00,99999.00,99999.00,99999.00,99999.00,99999.00,99999.00,99999.00,99999.00,99999.00,99999.00,99999.00,99999.00,99999.00,99999.00,99999.00,99999.00,99999.00,99999.00,99999.00,99999.00,99999.00,99999.00,99999.00,99999.00,99999.00,99999.00,99999.00,99999.00,99999.00,99999.00,99999.00,99999.00,99999.00,99999.00,99999.00,99999.00,99999.00,99999.00,99999.00,99999.00,99999.00,99999.00,99999.00,99999.00,99999.00,99999.00,99999.00,99999.00, 507.02, 489.13, 472.86, 457.78, 443.59, 430.07, 417.19, 406.56, 396.41, 386.73, 377.46, 368.94, 360.61, 352.76, 344.74, 336.90, 328.89, 320.88, 312.68, 304.23, 295.60, 286.73, 277.64, 268.60, 259.21, 249.93, 240.36, 230.69, 220.65, 210.94, 201.60, 192.64, 184.22, 176.13, 168.70, 161.50, 154.67, 147.74, 141.65, 136.77, 134.00, 128.84, 113.58, 101.31,  88.73,  75.81,  65.29,  58.47,  56.09,  57.54,  59.22,  61.19,  63.54,  66.41,  70.04,99999.00,99999.00,99999.00,99999.00,99999.00,99999.00,99999.00,99999.00,99999.00,99999.00,99999.00,99999.00,99999.00,99999.00,99999.00
99999.00,99999.00,99999.00,99999.00,99999.00,99999.00,99999.00,99999.00,99999.00,99999.00,99999.00,99999.00,99999.00,99999.00,99999.00,99999.00,99999.00,99999.00,99999.00,99999.00,99999.00,99999.00,99999.00,99999.00,99999.00,99999.00,99999.00,99999.00,99999.00,99999.00,99999.00,99999.00,99999.00,99999.00,99999.00,99999.00,99999.00,99999.00,99999.00,99999.00,99999.00,99999.00,99999.00,99999.00,99999.00,99999.00,99999.00,99999.00,99999.00,99999.00, 516.43, 498.48, 482.11, 466.85, 452.43, 438.76, 427.64, 417.03, 406.89, 397.21, 388.31, 379.66, 371.52, 363.34, 355.36, 347.24, 339.14, 330.87, 322.37, 313.74, 304.97, 295.94, 286.91, 277.50, 268.20, 258.58, 248.93, 238.97, 229.36, 220.14, 211.31, 203.05, 195.13, 187.90, 180.58, 173.61, 167.15, 160.71, 155.05, 151.43, 147.07, 135.24, 123.48, 111.42,  99.05,  89.07,  79.11,  76.01,  73.98,  75.92,  78.16,  80.79,  83.92,  87.75,  92.58,99999.00,99999.00,99999.00,99999.00,99999.00,99999.00,99999.00,99999.00,99999.00,99999.00,99999.00,99999.00,99999.00,99999.00,99999.00
99999.00,99999.00,99999.00,99999.00,99999.00,99999.00,99999.00,99999.00,99999.00,99999.00,99999.00,99999.00,99999.00,99999.00,99999.00,99999.00,99999.00,99999.00,99999.00,99999.00,99999.00,99999.00,99999.00,99999.00,99999.00,99999.00,99999.00,99999.00,99999.00,99999.00,99999.00,99999.00,99999.00,99999.00,99999.00,99999.00,99999.00,99999.00,99999.00,99999.00,99999.00,99999.00,99999.00,99999.00,99999.00,99999.00,99999.00,99999.00,99999.00,99999.00, 526.26, 508.22, 491.70, 476.24, 461.71, 450.12, 439.07, 428.48, 418.35, 409.04, 400.01, 391.55, 383.13, 374.99, 366.74, 358.52, 350.17, 341.61, 332.94, 324.15, 315.21, 306.22, 296.80, 287.43, 277.73, 267.98, 257.99, 248.42, 239.27, 230.53, 222.39, 214.62, 207.21, 200.09, 193.21, 186.73, 180.14, 174.37, 169.77, 166.29, 156.66, 145.32, 133.70, 121.79, 112.29, 102.76,  96.20,  93.44,  91.77,  94.17,  96.97, 100.25, 104.17, 108.95, 114.99,99999.00,99999.00,99999.00,99999.00,99999.00,99999.00,99999.00,99999.00,99999.00,99999.00,99999.00,99999.00,99999.00,99999.00,99999.00
99999.00,99999.00,99999.00,99999.00,99999.00,99999.00,99999.00,99999.00,99999.00,99999.00,99999.00,99999.00,99999.00,99999.00,99999.00,99999.00,99999.00,99999.00,99999.00,99999.00,99999.00,99999.00,99999.00,99999.00,99999.00,99999.00,99999.00,99999.00,99999.00,99999.00,99999.00,99999.00,99999.00,99999.00,99999.00,99999.00,99999.00,99999.00,99999.00,99999.00,99999.00,99999.00,99999.00,99999.00,99999.00,99999.00,99999.00,99999.00,99999.00,99999.00, 536.47, 518.32, 501.61, 486.13, 474.05, 462.59, 451.62, 441.08, 431.32, 421.88, 413.04, 404.29, 395.95, 387.55, 379.20, 370.75, 362.11, 353.38, 344.55, 335.60, 326.67, 317.26, 307.82, 297.99, 288.08, 277.93, 268.28, 259.12, 250.40, 242.32, 234.65, 227.02, 220.05, 213.05, 206.42, 200.32, 194.22, 188.87, 185.01, 178.33, 167.06, 155.82, 144.30, 135.20, 125.98, 116.71, 113.34, 110.90, 109.57, 112.42, 115.78, 119.71, 124.41, 130.16, 137.41,99999.00,99999.00,99999.00,99999.00,99999.00,99999.00,99999.00,99999.00,99999.00,99999.00,99999.00,99999.00,99999.00,99999.00,99999.00
99999.00,99999.00,99999.00,99999.00,99999.00,99999.00,99999.00,99999.00,99999.00,99999.00,99999.00,99999.00,99999.00,99999.00,99999.00,99999.00,99999.00,99999.00,99999.00,99999.00,99999.00,99999.00,99999.00,99999.00,99999.00,99999.00,99999.00,99999.00,99999.00,99999.00,99999.00,99999.00,99999.00,99999.00,99999.00,99999.00,99999.00,99999.00,99999.00,99999.00,99999.00,99999.00,99999.00,99999.00,99999.00,99999.00,99999.00,99999.00,99999.00,99999.00, 547.02, 528.71, 512.08, 499.45, 487.61, 476.35, 465.51, 455.39, 445.51, 436.25, 427.13, 418.49, 409.90, 401.41, 392.83, 384.09, 375.28, 366.40, 357.42, 348.48, 339.08, 329.61, 319.64, 309.50, 299.09, 289.17, 279.84, 271.05, 262.96, 255.06, 247.42, 240.21, 233.37, 226.83, 220.72, 214.52, 209.13, 204.57, 200.70, 189.53, 178.32, 166.82, 157.96, 149.04, 140.13, 133.71, 130.64, 128.52, 127.53, 130.80, 134.72, 139.31, 144.79, 151.49, 159.37,99999.00,99999.00,99999.00,99999.00,99999.00,99999.00,99999.00,99999.00,99999.00,99999.00,99999.00,99999.00,99999.00,99999.00,99999.00
99999.00,99999.00,99999.00,99999.00,99999.00,99999.00,99999.00,99999.00,99999.00,99999.00,99999.00,99999.00,99999.00,99999.00,99999.00,99999.00,99999.00,99999.00,99999.00,99999.00,99999.00,99999.00,99999.00,99999.00,99999.00,99999.00,99999.00,99999.00,99999.00,99999.00,99999.00,99999.00,99999.00,99999.00,99999.00,99999.00,99999.00,99999.00,99999.00,99999.00,99999.00,99999.00,99999.00,99999.00,99999.00,99999.00,99999.00,99999.00,99999.00,99999.00, 557.78, 539.64, 526.31, 514.08, 502.60, 491.63, 481.36, 471.21, 461.53, 451.99, 442.99, 434.12, 425.45, 416.72, 407.86, 398.96, 390.01, 380.98, 372.01, 362.61, 353.13, 343.02, 332.59, 321.79, 311.46, 301.75, 292.69, 284.37, 276.18, 268.50, 260.97, 254.21, 247.50, 241.25, 235.58, 229.94, 225.06, 220.93, 212.86, 201.75, 190.25, 181.33, 172.22, 163.53, 154.83, 151.03, 148.24, 146.44, 145.79, 149.46, 153.93, 159.18, 165.45, 172.74, 181.19,99999.00,99999.00,99999.00,99999.00,99999.00,99999.00,99999.00,99999.00,99999.00,99999.00,99999.00,99999.00,99999.00,99999.00,99999.00
99999.00,99999.00,99999.00,99999.00,99999.00,99999.00,99999.00,99999.00,99999.00,99999.00,99999.00,99999.00,99999.00,99999.00,99999.00,99999.00,99999.00,99999.00,99999.00,99999.00,99999.00,99999.00,99999.00,99999.00,99999.00,99999.00,99999.00,99999.00,99999.00,99999.00,99999.00,99999.00,99999.00,99999.00,99999.00,99999.00,99999.00,99999.00,99999.00,99999.00,99999.00,99999.00,99999.00,99999.00,99999.00,99999.00,99999.00,99999.00,99999.00,99999.00, 568.69, 554.47, 541.77, 530.12, 519.20, 509.09, 499.05, 489.27, 479.33, 469.72, 460.50, 451.54, 442.76, 433.87, 424.85, 415.81, 406.72, 397.71, 388.29, 378.82, 368.67, 357.91, 346.58, 335.61, 325.26, 315.64, 306.73, 298.26, 290.15, 282.45, 275.33, 268.70, 262.50, 256.83, 251.16, 246.35, 241.97, 237.11, 226.25, 214.87, 205.71, 196.77, 187.80, 178.82, 172.37, 168.83, 166.32, 164.82, 164.51, 168.58, 173.60, 179.50, 186.50, 194.13, 203.53,99999.00,99999.00,99999.00,99999.00,99999.00,99999.00,99999.00,99999.00,99999.00,99999.00,99999.00,99999.00,99999.00,99999.00,99999.00
99999.00,99999.00,99999.00,99999.00,99999.00,99999.00,99999.00,99999.00,99999.00,99999.00,99999.00,99999.00,99999.00,99999.00,99999.00,99999.00,99999.00,99999.00,99999.00,99999.00,99999.00,99999.00,99999.00,99999.00,99999.00,99999.00,99999.00,99999.00,99999.00,99999.00,99999.00,99999.00,99999.00,99999.00,99999.00,99999.00,99999.00,99999.00,99999.00,99999.00,99999.00,99999.00,99999.00,99999.00,99999.00,99999.00,99999.00,99999.00,99999.00, 598.70, 583.57, 570.34, 558.52, 547.74, 537.45, 528.15,99999.00,99999.00,99999.00,99999.00,99999.00,99999.00,99999.00,99999.00,99999.00,99999.00,99999.00,99999.00,99999.00,99999.00,99999.00,99999.00, 362.40, 351.00, 340.44, 330.67, 321.51, 312.79, 304.81, 297.18, 290.48, 284.02, 278.16, 273.03, 268.05, 263.74, 259.71, 251.81, 240.81, 231.54, 222.56, 213.35, 204.56, 195.76, 190.62, 187.33, 185.09, 183.88, 183.91, 188.38, 193.94, 200.50, 207.88, 216.29, 226.28,99999.00,99999.00,99999.00,99999.00,99999.00,99999.00,99999.00,99999.00,99999.00,99999.00,99999.00,99999.00,99999.00,99999.00,99999.00
99999.00,99999.00,99999.00,99999.00,99999.00,99999.00,99999.00,99999.00,99999.00,99999.00,99999.00,99999.00,99999.00,99999.00,99999.00,99999.00,99999.00,99999.00,99999.00,99999.00,99999.00,99999.00,99999.00,99999.00,99999.00,99999.00,99999.00,99999.00,99999.00,99999.00,99999.00,99999.00,99999.00,99999.00,99999.00,99999.00,99999.00,99999.00,99999.00,99999.00,99999.00,99999.00,99999.00,99999.00,99999.00,99999.00,99999.00,99999.00, 628.72, 612.97, 599.32, 587.36, 575.97, 565.88, 557.22,99999.00,99999.00,99999.00,99999.00,99999.00,99999.00,99999.00,99999.00,99999.00,99999.00,99999.00,99999.00,99999.00,99999.00,99999.00,99999.00,99999.00,99999.00, 367.88, 356.75, 346.35, 336.81, 328.03, 319.94, 312.67, 306.11, 300.18, 294.98, 289.98, 285.79, 281.92, 278.25, 267.96, 258.74, 250.08, 241.09, 231.99, 222.88, 215.40, 210.21, 206.84, 204.87, 203.96, 204.33, 209.19, 215.28, 222.49, 230.43, 239.57, 249.90,99999.00,99999.00,99999.00,99999.00,99999.00,99999.00,99999.00,99999.00,99999.00,99999.00,99999.00,99999.00,99999.00,99999.00,99999.00
99999.00,99999.00,99999.00,99999.00,99999.00,99999.00,99999.00,99999.00,99999.00,99999.00,99999.00,99999.00,99999.00,99999.00,99999.00,99999.00,99999.00,99999.00,99999.00,99999.00,99999.00,99999.00,99999.00,99999.00,99999.00,99999.00,99999.00,99999.00,99999.00,99999.00,99999.00,99999.00,99999.00,99999.00,99999.00,99999.00,99999.00,99999.00,99999.00, 831.51, 807.17, 783.86, 761.31, 739.34, 717.78, 696.53, 675.48, 657.86, 642.00, 628.19, 615.91, 604.36, 594.33, 585.43,99999.00,99999.00,99999.00,99999.00,99999.00,99999.00,99999.00,99999.00,99999.00,99999.00,99999.00,99999.00,99999.00,99999.00,99999.00,99999.00,99999.00,99999.00,99999.00,99999.00, 373.61, 362.61, 352.64, 343.86, 335.77, 328.91, 322.53, 316.99, 312.42, 307.95, 304.24, 300.98, 295.91, 286.77,99999.00,99999.00,99999.00,99999.00,99999.00,99999.00,99999.00,99999.00,99999.00,99999.00,99999.00,99999.00,99999.00,99999.00,99999.00,99999.00,99999.00,99999.00,99999.00,99999.00,99999.00,99999.00,99999.00,99999.00,99999.00,99999.00,99999.00,99999.00,99999.00,99999.00,99999.00,99999.00
99999.00,99999.00,99999.00,99999.00,99999.00,99999.00,99999.00,99999.00,99999.00,99999.00,99999.00,99999.00,99999.00,99999.00,99999.00,99999.00,99999.00,99999.00,99999.00,99999.00,99999.00,99999.00,99999.00,99999.00,99999.00,99999.00,99999.00,99999.00,99999.00,99999.00,99999.00,99999.00,99999.00,99999.00,99999.00,99999.00,99999.00,99999.00,99999.00, 827.92, 804.80, 782.71, 761.38, 740.62, 720.29, 702.23, 685.75, 670.16, 656.50, 644.29, 632.66, 621.91, 612.92, 606.08,99999.00,99999.00,99999.00,99999.00,99999.00,99999.00,99999.00,99999.00,99999.00,99999.00,99999.00,99999.00,99999.00,99999.00,99999.00,99999.00,99999.00,99999.00,99999.00,99999.00, 390.79, 379.12, 368.99, 360.04, 352.29, 345.56, 339.74, 334.84, 330.55, 326.52, 323.40, 320.91, 314.76,99999.00,99999.00,99999.00,99999.00,99999.00,99999.00,99999.00,99999.00,99999.00,99999.00,99999.00,99999.00,99999.00,99999.00,99999.00,99999.00,99999.00,99999.00,99999.00,99999.00,99999.00,99999.00,99999.00,99999.00,99999.00,99999.00,99999.00,99999.00,99999.00,99999.00,99999.00,99999.00,99999.00
99999.00,99999.00,99999.00,99999.00,99999.00,99999.00,99999.00,99999.00,99999.00,99999.00,99999.00,99999.00,99999.00,99999.00,99999.00,99999.00,99999.00,99999.00,99999.00,99999.00,99999.00,99999.00,99999.00,99999.00,99999.00,99999.00,99999.00,99999.00,99999.00,99999.00,99999.00,99999.00,99999.00,99999.00,99999.00,99999.00,99999.00,99999.00,99999.00, 828.35, 806.16, 785.01, 764.62, 745.62, 728.48, 712.46, 697.36, 684.05, 672.13, 660.40, 649.45, 640.28, 632.69, 628.10,99999.00,99999.00,99999.00,99999.00,99999.00,99999.00,99999.00,99999.00,99999.00,99999.00,99999.00,99999.00,99999.00,99999.00,99999.00,99999.00,99999.00,99999.00,99999.00,99999.00, 407.90, 395.91, 385.77, 376.82, 369.48, 362.94, 357.54, 353.17, 349.20, 345.66, 343.21, 341.66,99999.00,99999.00,99999.00,99999.00,99999.00,99999.00,99999.00,99999.00,99999.00,99999.00,99999.00,99999.00,99999.00,99999.00,99999.00,99999.00,99999.00,99999.00,99999.00,99999.00,99999.00,99999.00,99999.00,99999.00,99999.00,99999.00,99999.00,99999.00,99999.00,99999.00,99999.00,99999.00,99999.00,99999.00
99999.00,99999.00,99999.00,99999.00,99999.00,99999.00,99999.00,99999.00,99999.00,99999.00,99999.00,99999.00,99999.00,99999.00,99999.00,99999.00,99999.00,99999.00,99999.00,99999.00,99999.00,99999.00,99999.00,99999.00,99999.00,99999.00,99999.00,99999.00,99999.00,99999.00,99999.00,99999.00,99999.00,99999.00,99999.00,99999.00,99999.00,99999.00,99999.00, 831.42, 809.98, 789.57, 771.15, 754.19, 738.42, 723.74, 710.89, 699.38, 687.97, 676.99, 667.02, 659.06, 653.66, 650.33,99999.00,99999.00,99999.00,99999.00,99999.00,99999.00,99999.00,99999.00,99999.00,99999.00,99999.00,99999.00,99999.00,99999.00,99999.00,99999.00,99999.00,99999.00,99999.00,99999.00, 425.35, 413.26, 402.94, 394.33, 387.13, 381.16, 376.13, 371.96, 368.34, 365.30, 363.59, 362.67,99999.00,99999.00,99999.00,99999.00,99999.00,99999.00,99999.00,99999.00,99999.00,99999.00,99999.00,99999.00,99999.00,99999.00,99999.00,99999.00,99999.00,99999.00,99999.00,99999.00,99999.00,99999.00,99999.00,99999.00,99999.00,99999.00,99999.00,99999.00,99999.00,99999.00,99999.00,99999.00,99999.00,99999.00
99999.00,99999.00,99999.00,99999.00,99999.00,99999.00,99999.00,99999.00,99999.00,99999.00,99999.00,99999.00,99999.00,99999.00,99999.00,99999.00,99999.00,99999.00,99999.00,99999.00,99999.00,99999.00,99999.00,99999.00,99999.00,99999.00,99999.00,99999.00,99999.00,99999.00,99999.00,99999.00,99999.00,99999.00,99999.00,99999.00,99999.00,99999.00,99999.00, 836.16, 815.44, 796.77, 779.73, 763.96, 749.65, 737.21, 726.15, 715.16, 704.13, 693.94, 685.68, 679.24, 675.18, 672.85,99999.00,99999.00,99999.00,99999.00,99999.00,99999.00,99999.00,99999.00,99999.00,99999.00,99999.00,99999.00,99999.00,99999.00,99999.00,99999.00,99999.00,99999.00,99999.00,99999.00, 443.47, 431.25, 420.85, 412.64, 405.63, 400.07, 395.21, 391.24, 387.95, 385.43, 384.46, 384.60,99999.00,99999.00,99999.00,99999.00,99999.00,99999.00,99999.00,99999.00,99999.00,99999.00,99999.00,99999.00,99999.00,99999.00,99999.00,99999.00,99999.00,99999.00,99999.00,99999.00,99999.00,99999.00,99999.00,99999.00,99999.00,99999.00,99999.00,99999.00,99999.00,99999.00,99999.00,99999.00,99999.00,99999.00
99999.00,99999.00,99999.00,99999.00,99999.00,99999.00,99999.00,99999.00,99999.00,99999.00,99999.00,99999.00,99999.00,99999.00,99999.00,99999.00,99999.00,99999.00,99999.00,99999.00,99999.00,99999.00,99999.00,99999.00,99999.00,99999.00,99999.00,99999.00,99999.00,99999.00,99999.00,99999.00,99999.00,99999.00,99999.00,99999.00,99999.00,99999.00,99999.00, 842.23, 822.89, 805.41, 789.37, 775.39, 763.32, 752.68, 742.05, 731.37, 721.15, 712.02, 705.06, 700.38, 697.06, 695.76,99999.00,99999.00,99999.00,99999.00,99999.00,99999.00,99999.00,99999.00,99999.00,99999.00,99999.00,99999.00,99999.00,99999.00,99999.00,99999.00,99999.00,99999.00,99999.00,99999.00, 462.35, 449.89, 439.77, 431.62, 425.17, 419.67, 414.88, 411.09, 408.15, 406.13, 405.89, 407.08,99999.00,99999.00,99999.00,99999.00,99999.00,99999.00,99999.00,99999.00,99999.00,99999.00,99999.00,99999.00,99999.00,99999.00,99999.00,99999.00,99999.00,99999.00,99999.00,99999.00,99999.00,99999.00,99999.00,99999.00,99999.00,99999.00,99999.00,99999.00,99999.00,99999.00,99999.00,99999.00,99999.00,99999.00
99999.00,99999.00,99999.00,99999.00,99999.00,99999.00,99999.00,99999.00,99999.00,99999.00,99999.00,99999.00,99999.00,99999.00,99999.00,99999.00,99999.00,99999.00,99999.00,99999.00,99999.00,99999.00,99999.00,99999.00,99999.00,99999.00,99999.00,99999.00,99999.00,99999.00,99999.00,99999.00,99999.00,99999.00,99999.00,99999.00,99999.00,99999.00,99999.00, 849.89, 831.55, 814.97, 801.30, 789.56, 779.28, 768.88, 758.62, 748.34, 738.96, 731.60, 726.08, 721.99, 719.44, 719.20,99999.00,99999.00,99999.00,99999.00,99999.00,99999.00,99999.00,99999.00,99999.00,99999.00,99999.00,99999.00,99999.00,99999.00,99999.00,99999.00,99999.00,99999.00,99999.00,99999.00, 482.10, 469.55, 459.83, 451.81, 445.56, 439.99, 435.25, 431.66, 429.04, 427.53, 428.02, 430.25,99999.00,99999.00,99999.00,99999.00,99999.00,99999.00,99999.00,99999.00,99999.00,99999.00,99999.00,99999.00,99999.00,99999.00,99999.00,99999.00,99999.00,99999.00,99999.00,99999.00,99999.00,99999.00,99999.00,99999.00,99999.00,99999.00,99999.00,99999.00,99999.00,99999.00,99999.00,99999.00,99999.00,99999.00
99999.00,99999.00,99999.00,99999.00,99999.00,99999.00,99999.00,99999.00,99999.00,99999.00,99999.00,99999.00,99999.00,99999.00,99999.00,99999.00,99999.00,99999.00,99999.00,99999.00,99999.00,99999.00,99999.00,99999.00,99999.00,99999.00,99999.00,99999.00,99999.00,99999.00,99999.00,99999.00,99999.00,99999.00,99999.00,99999.00,99999.00,99999.00,99999.00, 858.61, 841.12, 827.72, 816.29, 806.11, 796.05, 786.07, 776.13, 766.68, 758.39, 752.38, 747.74, 744.27, 742.52, 743.37,99999.00,99999.00,99999.00,99999.00,99999.00,99999.00,99999.00,99999.00,99999.00,99999.00,99999.00,99999.00,99999.00,99999.00,99999.00,99999.00,99999.00,99999.00,99999.00,99999.00, 502.96, 490.61, 480.96, 473.43, 466.90, 461.20, 456.52, 453.10, 450.82, 449.81, 451.01, 454.30,99999.00,99999.00,99999.00,99999.00,99999.00,99999.00,99999.00,99999.00,99999.00,99999.00,99999.00,99999.00,99999.00,99999.00,99999.00,99999.00,99999.00,99999.00,99999.00,99999.00,99999.00,99999.00,99999.00,99999.00,99999.00,99999.00,99999.00,99999.00,99999.00,99999.00,99999.00,99999.00,99999.00,99999.00
99999.00,99999.00,99999.00,99999.00,99999.00,99999.00,99999.00,99999.00,99999.00,99999.00,99999.00,99999.00,99999.00,99999.00,99999.00,99999.00,99999.00,99999.00,99999.00,99999.00,99999.00,99999.00,99999.00,99999.00,99999.00,99999.00,99999.00,99999.00,99999.00,99999.00,99999.00,99999.00,99999.00,99999.00,99999.00,99999.00,99999.00,99999.00,99999.00, 868.25, 855.11, 843.95, 833.78, 824.03, 814.21, 804.61, 795.06, 786.46, 779.97, 774.45, 770.33, 767.49, 766.57, 768.53,99999.00,99999.00,99999.00,99999.00,99999.00,99999.00,99999.00,99999.00,99999.00,99999.00,99999.00,99999.00,99999.00,99999.00,99999.00,99999.00,99999.00,99999.00,99999.00,99999.00, 525.32, 513.38, 503.85, 496.25, 489.45, 483.62, 478.93, 475.69, 473.72, 473.21, 475.14, 479.46,99999.00,99999.00,99999.00,99999.00,99999.00,99999.00,99999.00,99999.00,99999.00,99999.00,99999.00,99999.00,99999.00,99999.00,99999.00,99999.00,99999.00,99999.00,99999.00,99999.00,99999.00,99999.00,99999.00,99999.00,99999.00,99999.00,99999.00,99999.00,99999.00,99999.00,99999.00,99999.00,99999.00,99999.00
99999.00,99999.00,99999.00,99999.00,99999.00,99999.00,99999.00,99999.00,99999.00,99999.00,99999.00,99999.00,99999.00,99999.00,99999.00,99999.00,99999.00,99999.00,99999.00,99999.00,99999.00,99999.00,99999.00,99999.00,99999.00,99999.00,99999.00,99999.00,99999.00,99999.00,99999.00,99999.00,99999.00,99999.00,99999.00,99999.00,99999.00,99999.00,99999.00,99999.00,99999.00,99999.00,99999.00,99999.00,99999.00,99999.00,99999.00,99999.00,99999.00,99999.00,99999.00,99999.00,99999.00,99999.00,99999.00,99999.00,99999.00,99999.00,99999.00,99999.00,99999.00,99999.00,99999.00,99999.00,99999.00,99999.00,99999.00,99999.00,99999.00,99999.00,99999.00,99999.00,99999.00,99999.00,99999.00,99999.00,99999.00,99999.00,99999.00,99999.00,99999.00,99999.00,99999.00,99999.00,99999.00,99999.00,99999.00,99999.00,99999.00,99999.00,99999.00,99999.00,99999.00,99999.00,99999.00,99999.00,99999.00,99999.00,99999.00,99999.00,99999.00,99999.00,99999.00,99999.00,99999.00,99999.00,99999.00,99999.00,99999.00,99999.00,99999.00,99999.00,99999.00,99999.00,99999.00,99999.00,99999.00,99999.00,99999.00,99999.00
99999.00,99999.00,99999.00,99999.00,99999.00,99999.00,99999.00,99999.00,99999.00,99999.00,99999.00,99999.00,99999.00,99999.00,99999.00,99999.00,99999.00,99999.00,99999.00,99999.00,99999.00,99999.00,99999.00,99999.00,99999.00,99999.00,99999.00,99999.00,99999.00,99999.00,99999.00,99999.00,99999.00,99999.00,99999.00,99999.00,99999.00,99999.00,99999.00,99999.00,99999.00,99999.00,99999.00,99999.00,99999.00,99999.00,99999.00,99999.00,99999.00,99999.00,99999.00,99999.00,99999.00,99999.00,99999.00,99999.00,99999.00,99999.00,99999.00,99999.00,99999.00,99999.00,99999.00,99999.00,99999.00,99999.00,99999.00,99999.00,99999.00,99999.00,99999.00,99999.00,99999.00,99999.00,99999.00,99999.00,99999.00,99999.00,99999.00,99999.00,99999.00,99999.00,99999.00,99999.00,99999.00,99999.00,99999.00,99999.00,99999.00,99999.00,99999.00,99999.00,99999.00,99999.00,99999.00,99999.00,99999.00,99999.00,99999.00,99999.00,99999.00,99999.00,99999.00,99999.00,99999.00,99999.00,99999.00,99999.00,99999.00,99999.00,99999.00,99999.00,99999.00,99999.00,99999.00,99999.00,99999.00,99999.00,99999.00,99999.00
99999.00,99999.00,99999.00,99999.00,99999.00,99999.00,99999.00,99999.00,99999.00,99999.00,99999.00,99999.00,99999.00,99999.00,99999.00,99999.00,99999.00,99999.00,99999.00,99999.00,99999.00,99999.00,99999.00,99999.00,99999.00,99999.00,99999.00,99999.00,99999.00,99999.00,99999.00,99999.00,99999.00,99999.00,99999.00,99999.00,99999.00,99999.00,99999.00,99999.00,99999.00,99999.00,99999.00,99999.00,99999.00,99999.00,99999.00,99999.00,99999.00,99999.00,99999.00,99999.00,99999.00,99999.00,99999.00,99999.00,99999.00,99999.00,99999.00,99999.00,99999.00,99999.00,99999.00,99999.00,99999.00,99999.00,99999.00,99999.00,99999.00,99999.00,99999.00,99999.00,99999.00,99999.00,99999.00,99999.00,99999.00,99999.00,99999.00,99999.00,99999.00,99999.00,99999.00,99999.00,99999.00,99999.00,99999.00,99999.00,99999.00,99999.00,99999.00,99999.00,99999.00,99999.00,99999.00,99999.00,99999.00,99999.00,99999.00,99999.00,99999.00,99999.00,99999.00,99999.00,99999.00,99999.00,99999.00,99999.00,99999.00,99999.00,99999.00,99999.00,99999.00,99999.00,99999.00,99999.00,99999.00,99999.00,99999.00,99999.00
99999.00,99999.00,99999.00,99999.00,99999.00,99999.00,99999.00,99999.00,99999.00,99999.00,99999.00,99999.00,99999.00,99999.00,99999.00,99999.00,99999.00,99999.00,99999.00,99999.00,99999.00,99999.00,99999.00,99999.00,99999.00,99999.00,99999.00,99999.00,99999.00,99999.00,99999.00,99999.00,99999.00,99999.00,99999.00,99999.00,99999.00,99999.00,99999.00,99999.00,99999.00,99999.00,99999.00,99999.00,99999.00,99999.00,99999.00,99999.00,99999.00,99999.00,99999.00,99999.00,99999.00,99999.00,99999.00,99999.00,99999.00,99999.00,99999.00,99999.00,99999.00,99999.00,99999.00,99999.00,99999.00,99999.00,99999.00,99999.00,99999.00,99999.00,99999.00,99999.00,99999.00,99999.00,99999.00,99999.00,99999.00,99999.00,99999.00,99999.00,99999.00,99999.00,99999.00,99999.00,99999.00,99999.00,99999.00,99999.00,99999.00,99999.00,99999.00,99999.00,99999.00,99999.00,99999.00,99999.00,99999.00,99999.00,99999.00,99999.00,99999.00,99999.00,99999.00,99999.00,99999.00,99999.00,99999.00,99999.00,99999.00,99999.00,99999.00,99999.00,99999.00,99999.00,99999.00,99999.00,99999.00,99999.00,99999.00,99999.00
99999.00,99999.00,99999.00,99999.00,99999.00,99999.00,99999.00,99999.00,99999.00,99999.00,99999.00,99999.00,99999.00,99999.00,99999.00,99999.00,99999.00,99999.00,99999.00,99999.00,99999.00,99999.00,99999.00,99999.00,99999.00,99999.00,99999.00,99999.00,99999.00,99999.00,99999.00,99999.00,99999.00,99999.00,99999.00,99999.00,99999.00,99999.00,99999.00,99999.00,99999.00,99999.00,99999.00,99999.00,99999.00,99999.00,99999.00,99999.00,99999.00,99999.00,99999.00,99999.00,99999.00,99999.00,99999.00,99999.00,99999.00,99999.00,99999.00,99999.00,99999.00,99999.00,99999.00,99999.00,99999.00,99999.00,99999.00,99999.00,99999.00,99999.00,99999.00,99999.00,99999.00,99999.00,99999.00,99999.00,99999.00,99999.00,99999.00,99999.00,99999.00,99999.00,99999.00,99999.00,99999.00,99999.00,99999.00,99999.00,99999.00,99999.00,99999.00,99999.00,99999.00,99999.00,99999.00,99999.00,99999.00,99999.00,99999.00,99999.00,99999.00,99999.00,99999.00,99999.00,99999.00,99999.00,99999.00,99999.00,99999.00,99999.00,99999.00,99999.00,99999.00,99999.00,99999.00,99999.00,99999.00,99999.00,99999.00,99999.00
99999.00,99999.00,99999.00,99999.00,99999.00,99999.00,99999.00,99999.00,99999.00,99999.00,99999.00,99999.00,99999.00,99999.00,99999.00,99999.00,99999.00,99999.00,99999.00,99999.00,99999.00,99999.00,99999.00,99999.00,99999.00,99999.00,99999.00,99999.00,99999.00,99999.00,99999.00,99999.00,99999.00,99999.00,99999.00,99999.00,99999.00,99999.00,99999.00,99999.00,99999.00,99999.00,99999.00,99999.00,99999.00,99999.00,99999.00,99999.00,99999.00,99999.00,99999.00,99999.00,99999.00,99999.00,99999.00,99999.00,99999.00,99999.00,99999.00,99999.00,99999.00,99999.00,99999.00,99999.00,99999.00,99999.00,99999.00,99999.00,99999.00,99999.00,99999.00,99999.00,99999.00,99999.00,99999.00,99999.00,99999.00,99999.00,99999.00,99999.00,99999.00,99999.00,99999.00,99999.00,99999.00,99999.00,99999.00,99999.00,99999.00,99999.00,99999.00,99999.00,99999.00,99999.00,99999.00,99999.00,99999.00,99999.00,99999.00,99999.00,99999.00,99999.00,99999.00,99999.00,99999.00,99999.00,99999.00,99999.00,99999.00,99999.00,99999.00,99999.00,99999.00,99999.00,99999.00,99999.00,99999.00,99999.00,99999.00,99999.00
99999.00,99999.00,99999.00,99999.00,99999.00,99999.00,99999.00,99999.00,99999.00,99999.00,99999.00,99999.00,99999.00,99999.00,99999.00,99999.00,99999.00,99999.00,99999.00,99999.00,99999.00,99999.00,99999.00,99999.00,99999.00,99999.00,99999.00,99999.00,99999.00,99999.00,99999.00,99999.00,99999.00,99999.00,99999.00,99999.00,99999.00,99999.00,99999.00,99999.00,99999.00,99999.00,99999.00,99999.00,99999.00,99999.00,99999.00,99999.00,99999.00,99999.00,99999.00,99999.00,99999.00,99999.00,99999.00,99999.00,99999.00,99999.00,99999.00,99999.00,99999.00,99999.00,99999.00,99999.00,99999.00,99999.00,99999.00,99999.00,99999.00,99999.00,99999.00,99999.00,99999.00,99999.00,99999.00,99999.00,99999.00,99999.00,99999.00,99999.00,99999.00,99999.00,99999.00,99999.00,99999.00,99999.00,99999.00,99999.00,99999.00,99999.00,99999.00,99999.00,99999.00,99999.00,99999.00,99999.00,99999.00,99999.00,99999.00,99999.00,99999.00,99999.00,99999.00,99999.00,99999.00,99999.00,99999.00,99999.00,99999.00,99999.00,99999.00,99999.00,99999.00,99999.00,99999.00,99999.00,99999.00,99999.00,99999.00,99999.00
99999.00,99999.00,99999.00,99999.00,99999.00,99999.00,99999.00,99999.00,99999.00,99999.00,99999.00,99999.00,99999.00,99999.00,99999.00,99999.00,99999.00,99999.00,99999.00,99999.00,99999.00,99999.00,99999.00,99999.00,99999.00,99999.00,99999.00,99999.00,99999.00,99999.00,99999.00,99999.00,99999.00,99999.00,99999.00,99999.00,99999.00,99999.00,99999.00,99999.00,99999.00,99999.00,99999.00,99999.00,99999.00,99999.00,99999.00,99999.00,99999.00,99999.00,99999.00,99999.00,99999.00,99999.00,99999.00,99999.00,99999.00,99999.00,99999.00,99999.00,99999.00,99999.00,99999.00,99999.00,99999.00,99999.00,99999.00,99999.00,99999.00,99999.00,99999.00,99999.00,99999.00,99999.00,99999.00,99999.00,99999.00,99999.00,99999.00,99999.00,99999.00,99999.00,99999.00,99999.00,99999.00,99999.00,99999.00,99999.00,99999.00,99999.00,99999.00,99999.00,99999.00,99999.00,99999.00,99999.00,99999.00,99999.00,99999.00,99999.00,99999.00,99999.00,99999.00,99999.00,99999.00,99999.00,99999.00,99999.00,99999.00,99999.00,99999.00,99999.00,99999.00,99999.00,99999.00,99999.00,99999.00,99999.00,99999.00,99999.00
99999.00,99999.00,99999.00,99999.00,99999.00,99999.00,99999.00,99999.00,99999.00,99999.00,99999.00,99999.00,99999.00,99999.00,99999.00,99999.00,99999.00,99999.00,99999.00,99999.00,99999.00,99999.00,99999.00,99999.00,99999.00,99999.00,99999.00,99999.00,99999.00,99999.00,99999.00,99999.00,99999.00,99999.00,99999.00,99999.00,99999.00,99999.00,99999.00,99999.00,99999.00,99999.00,99999.00,99999.00,99999.00,99999.00,99999.00,99999.00,99999.00,99999.00,99999.00,99999.00,99999.00,99999.00,99999.00,99999.00,99999.00,99999.00,99999.00,99999.00,99999.00,99999.00,99999.00,99999.00,99999.00,99999.00,99999.00,99999.00,99999.00,99999.00,99999.00,99999.00,99999.00,99999.00,99999.00,99999.00,99999.00,99999.00,99999.00,99999.00,99999.00,99999.00,99999.00,99999.00,99999.00,99999.00,99999.00,99999.00,99999.00,99999.00,99999.00,99999.00,99999.00,99999.00,99999.00,99999.00,99999.00,99999.00,99999.00,99999.00,99999.00,99999.00,99999.00,99999.00,99999.00,99999.00,99999.00,99999.00,99999.00,99999.00,99999.00,99999.00,99999.00,99999.00,99999.00,99999.00,99999.00,99999.00,99999.00,99999.00
99999.00,99999.00,99999.00,99999.00,99999.00,99999.00,99999.00,99999.00,99999.00,99999.00,99999.00,99999.00,99999.00,99999.00,99999.00,99999.00,99999.00,99999.00,99999.00,99999.00,99999.00,99999.00,99999.00,99999.00,99999.00,99999.00,99999.00,99999.00,99999.00,99999.00,99999.00,99999.00,99999.00,99999.00,99999.00,99999.00,99999.00,99999.00,99999.00,99999.00,99999.00,99999.00,99999.00,99999.00,99999.00,99999.00,99999.00,99999.00,99999.00,99999.00,99999.00,99999.00,99999.00,99999.00,99999.00,99999.00,99999.00,99999.00,99999.00,99999.00,99999.00,99999.00,99999.00,99999.00,99999.00,99999.00,99999.00,99999.00,99999.00,99999.00,99999.00,99999.00,99999.00,99999.00,99999.00,99999.00,99999.00,99999.00,99999.00,99999.00,99999.00,99999.00,99999.00,99999.00,99999.00,99999.00,99999.00,99999.00,99999.00,99999.00,99999.00,99999.00,99999.00,99999.00,99999.00,99999.00,99999.00,99999.00,99999.00,99999.00,99999.00,99999.00,99999.00,99999.00,99999.00,99999.00,99999.00,99999.00,99999.00,99999.00,99999.00,99999.00,99999.00,99999.00,99999.00,99999.00,99999.00,99999.00,99999.00,99999.00
99999.00,99999.00,99999.00,99999.00,99999.00,99999.00,99999.00,99999.00,99999.00,99999.00,99999.00,99999.00,99999.00,99999.00,99999.00,99999.00,99999.00,99999.00,99999.00,99999.00,99999.00,99999.00,99999.00,99999.00,99999.00,99999.00,99999.00,99999.00,99999.00,99999.00,99999.00,99999.00,99999.00,99999.00,99999.00,99999.00,99999.00,99999.00,99999.00,99999.00,99999.00,99999.00,99999.00,99999.00,99999.00,99999.00,99999.00,99999.00,99999.00,99999.00,99999.00,99999.00,99999.00,99999.00,99999.00,99999.00,99999.00,99999.00,99999.00,99999.00,99999.00,99999.00,99999.00,99999.00,99999.00,99999.00,99999.00,99999.00,99999.00,99999.00,99999.00,99999.00,99999.00,99999.00,99999.00,99999.00,99999.00,99999.00,99999.00,99999.00,99999.00,99999.00,99999.00,99999.00,99999.00,99999.00,99999.00,99999.00,99999.00,99999.00,99999.00,99999.00,99999.00,99999.00,99999.00,99999.00,99999.00,99999.00,99999.00,99999.00,99999.00,99999.00,99999.00,99999.00,99999.00,99999.00,99999.00,99999.00,99999.00,99999.00,99999.00,99999.00,99999.00,99999.00,99999.00,99999.00,99999.00,99999.00,99999.00,99999.00
99999.00,99999.00,99999.00,99999.00,99999.00,99999.00,99999.00,99999.00,99999.00,99999.00,99999.00,99999.00,99999.00,99999.00,99999.00,99999.00,99999.00,99999.00,99999.00,99999.00,99999.00,99999.00,99999.00,99999.00,99999.00,99999.00,99999.00,99999.00,99999.00,99999.00,99999.00,99999.00,99999.00,99999.00,99999.00,99999.00,99999.00,99999.00,99999.00,99999.00,99999.00,99999.00,99999.00,99999.00,99999.00,99999.00,99999.00,99999.00,99999.00,99999.00,99999.00,99999.00,99999.00,99999.00,99999.00,99999.00,99999.00,99999.00,99999.00,99999.00,99999.00,99999.00,99999.00,99999.00,99999.00,99999.00,99999.00,99999.00,99999.00,99999.00,99999.00,99999.00,99999.00,99999.00,99999.00,99999.00,99999.00,99999.00,99999.00,99999.00,99999.00,99999.00,99999.00,99999.00,99999.00,99999.00,99999.00,99999.00,99999.00,99999.00,99999.00,99999.00,99999.00,99999.00,99999.00,99999.00,99999.00,99999.00,99999.00,99999.00,99999.00,99999.00,99999.00,99999.00,99999.00,99999.00,99999.00,99999.00,99999.00,99999.00,99999.00,99999.00,99999.00,99999.00,99999.00,99999.00,99999.00,99999.00,99999.00,99999.00
99999.00,99999.00,99999.00,99999.00,99999.00,99999.00,99999.00,99999.00,99999.00,99999.00,99999.00,99999.00,99999.00,99999.00,99999.00,99999.00,99999.00,99999.00,99999.00,99999.00,99999.00,99999.00,99999.00,99999.00,99999.00,99999.00,99999.00,99999.00,99999.00,99999.00,99999.00,99999.00,99999.00,99999.00,99999.00,99999.00,99999.00,99999.00,99999.00,99999.00,99999.00,99999.00,99999.00,99999.00,99999.00,99999.00,99999.00,99999.00,99999.00,99999.00,99999.00,99999.00,99999.00,99999.00,99999.00,99999.00,99999.00,99999.00,99999.00,99999.00,99999.00,99999.00,99999.00,99999.00,99999.00,99999.00,99999.00,99999.00,99999.00,99999.00,99999.00,99999.00,99999.00,99999.00,99999.00,99999.00,99999.00,99999.00,99999.00,99999.00,99999.00,99999.00,99999.00,99999.00,99999.00,99999.00,99999.00,99999.00,99999.00,99999.00,99999.00,99999.00,99999.00,99999.00,99999.00,99999.00,99999.00,99999.00,99999.00,99999.00,99999.00,99999.00,99999.00,99999.00,99999.00,99999.00,99999.00,99999.00,99999.00,99999.00,99999.00,99999.00,99999.00,99999.00,99999.00,99999.00,99999.00,99999.00,99999.00,99999.00
99999.00,99999.00,99999.00,99999.00,99999.00,99999.00,99999.00,99999.00,99999.00,99999.00,99999.00,99999.00,99999.00,99999.00,99999.00,99999.00,99999.00,99999.00,99999.00,99999.00,99999.00,99999.00,99999.00,99999.00,99999.00,99999.00,99999.00,99999.00,99999.00,99999.00,99999.00,99999.00,99999.00,99999.00,99999.00,99999.00,99999.00,99999.00,99999.00,99999.00,99999.00,99999.00,99999.00,99999.00,99999.00,99999.00,99999.00,99999.00,99999.00,99999.00,99999.00,99999.00,99999.00,99999.00,99999.00,99999.00,99999.00,99999.00,99999.00,99999.00,99999.00,99999.00,99999.00,99999.00,99999.00,99999.00,99999.00,99999.00,99999.00,99999.00,99999.00,99999.00,99999.00,99999.00,99999.00,99999.00,99999.00,99999.00,99999.00,99999.00,99999.00,99999.00,99999.00,99999.00,99999.00,99999.00,99999.00,99999.00,99999.00,99999.00,99999.00,99999.00,99999.00,99999.00,99999.00,99999.00,99999.00,99999.00,99999.00,99999.00,99999.00,99999.00,99999.00,99999.00,99999.00,99999.00,99999.00,99999.00,99999.00,99999.00,99999.00,99999.00,99999.00,99999.00,99999.00,99999.00,99999.00,99999.00,99999.00,99999.00
99999.00,99999.00,99999.00,99999.00,99999.00,99999.00,99999.00,99999.00,99999.00,99999.00,99999.00,99999.00,99999.00,99999.00,99999.00,99999.00,99999.00,99999.00,99999.00,99999.00,99999.00,99999.00,99999.00,99999.00,99999.00,99999.00,99999.00,99999.00,99999.00,99999.00,99999.00,99999.00,99999.00,99999.00,99999.00,99999.00,99999.00,99999.00,99999.00,99999.00,99999.00,99999.00,99999.00,99999.00,99999.00,99999.00,99999.00,99999.00,99999.00,99999.00,99999.00,99999.00,99999.00,99999.00,99999.00,99999.00,99999.00,99999.00,99999.00,99999.00,99999.00,99999.00,99999.00,99999.00,99999.00,99999.00,99999.00,99999.00,99999.00,99999.00,99999.00,99999.00,99999.00,99999.00,99999.00,99999.00,99999.00,99999.00,99999.00,99999.00,99999.00,99999.00,99999.00,99999.00,99999.00,99999.00,99999.00,99999.00,99999.00,99999.00,99999.00,99999.00,99999.00,99999.00,99999.00,99999.00,99999.00,99999.00,99999.00,99999.00,99999.00,99999.00,99999.00,99999.00,99999.00,99999.00,99999.00,99999.00,99999.00,99999.00,99999.00,99999.00,99999.00,99999.00,99999.00,99999.00,99999.00,99999.00,99999.00,99999.00
