99999.00,99999.00,99999.00,99999.00,99999.00,99999.00,99999.00,99999.00,99999.00,99999.00,99999.00,99999.00,99999.00,99999.00,99999.00,99999.00,99999.00,99999.00,99999.00,99999.00,99999.00,99999.00,99999.00,99999.00,99999.00,99999.00,99999.00,99999.00,99999.00,99999.00,99999.00,99999.00,99999.00,99999.00,99999.00,99999.00,99999.00,99999.00,99999.00,99999.00,99999.00,99999.00,99999.00,99999.00,99999.00,99999.00,99999.00,99999.00,99999.00,99999.00,99999.00,99999.00,99999.00,99999.00,99999.00,99999.00,99999.00,99999.00,99999.00,99999.00,99999.00,99999.00,99999.00,99999.00,99999.00,99999.00,99999.00,99999.00,99999.00,99999.00,99999.00,99999.00,99999.00,99999.00,99999.00,99999.00,99999.00,99999.00,99999.00,99999.00,99999.00,99999.00,99999.00,99999.00,99999.00,99999.00,99999.00,99999.00,99999.00,99999.00,99999.00,99999.00,99999.00,99999.00,99999.00,99999.00
99999.00,99999.00,99999.00,99999.00,99999.00,99999.00,99999.00,99999.00,99999.00,99999.00,99999.00,99999.00,99999.00,99999.00,99999.00,99999.00,99999.00,99999.00,99999.00,99999.00,99999.00,99999.00,99999.00,99999.00,99999.00,99999.00,99999.00,99999.00,99999.00,99999.00,99999.00,99999.00,99999.00,99999.00,99999.00,99999.00,99999.00,99999.00,99999.00,99999.00,99999.00,99999.00,99999.00,99999.00,99999.00,99999.00,99999.00,99999.00,99999.00,99999.00,99999.00,99999.00,99999.00,99999.00,99999.00,99999.00,99999.00,99999.00,99999.00,99999.00,99999.00,99999.00,99999.00,99999.00,99999.00,99999.00,99999.00,99999.00,99999.00,99999.00,99999.00,99999.00,99999.00,99999.00,99999.00,99999.00,99999.00,99999.00,99999.00,99999.00,99999.00,99999.00,99999.00,99999.00,99999.00,99999.00,99999.00,99999.00,99999.00,99999.00,99999.00,99999.00,99999.00,99999.00,99999.00,99999.00
99999.00,99999.00,99999.00,99999.00,99999.00,99999.00,99999.00,99999.00,99999.00,99999.00,99999.00,99999.00,99999.00,99999.00,99999.00,99999.00,99999.00,99999.00,99999.00,99999.00,99999.00,99999.00,99999.00,99999.00,99999.00,99999.00,99999.00,99999.00,99999.00,99999.00,99999.00,99999.00,99999.00,99999.00,99999.00,99999.00,99999.00,99999.00,99999.00,99999.00,99999.00,99999.00,99999.00,99999.00,99999.00,99999.00,99999.00,99999.00,99999.00,99999.00,99999.00,99999.00,99999.00,99999.00,99999.00,99999.00,99999.00,99999.00,99999.00,99999.00,99999.00,99999.00,99999.00,99999.00,99999.00,99999.00,99999.00,99999.00,99999.00,99999.00,99999.00,99999.00,99999.00,99999.00,99999.00,99999.00,99999.00,99999.00,99999.00,99999.00,99999.00,99999.00,99999.00,99999.00,99999.00,99999.00,99999.00,99999.00,99999.00,99999.00,99999.00,99999.00,99999.00,99999.00,99999.00,99999.00
99999.00,99999.00,99999.00,99999.00,99999.00,99999.00,99999.00,99999.00,99999.00,99999.00,99999.00,99999.00,99999.00,99999.00,99999.00,99999.00,99999.00,99999.00,99999.00,99999.00,99999.00,99999.00,99999.00,99999.00,99999.00,99999.00,99999.00,99999.00,99999.00,99999.00,99999.00,99999.00,99999.00,99999.00,99999.00,99999.00,99999.00,99999.00,99999.00,99999.00,99999.00,99999.00,99999.00,99999.00,99999.00,99999.00,99999.00,99999.00,99999.00,99999.00,99999.00,99999.00,99999.00,99999.00,99999.00,99999.00,99999.00,99999.00,99999.00,99999.00,99999.00,99999.00,99999.00,99999.00,99999.00,99999.00,99999.00,99999.00,99999.00,99999.00,99999.00,99999.00,99999.00,99999.00,99999.00,99999.00,99999.00,99999.00,99999.00,99999.00,99999.00,99999.00,99999.00,99999.00,99999.00,99999.00,99999.00,99999.00,99999.00,99999.00,99999.00,99999.00,99999.00,99999.00,99999.00,99999.00
99999.00,99999.00,99999.00,99999.00,99999.00,99999.00,99999.00,99999.00,99999.00,99999.00,99999.00,99999.00,99999.00,99999.00,99999.00,99999.00,99999.00,99999.00,99999.00,99999.00,99999.00,99999.00,99999.00,99999.00,99999.00,99999.00,99999.00,99999.00,99999.00,99999.00,99999.00,99999.00,99999.00,99999.00,99999.00,99999.00,99999.00,99999.00,99999.00,99999.00,99999.00,99999.00,99999.00,99999.00,99999.00,99999.00,99999.00,99999.00,99999.00,99999.00,99999.00,99999.00,99999.00,99999.00,99999.00,99999.00,99999.00,99999.00,99999.00,99999.00,99999.00,99999.00,99999.00,99999.00,99999.00,99999.00,99999.00,99999.00,99999.00,99999.00,99999.00,99999.00,99999.00,99999.00,99999.00,99999.00,99999.00,99999.00,99999.00,99999.00,99999.00,99999.00,99999.00,99999.00,99999.00,99999.00,99999.00,99999.00,99999.00,99999.00,99999.00,99999.00,99999.00,99999.00,99999.00,99999.00
99999.00,99999.00,99999.00,99999.00,99999.00,99999.00,99999.00,99999.00,99999.00,99999.00,99999.00,99999.00,99999.00,99999.00,99999.00,99999.00,99999.00,99999.00,99999.00,99999.00,99999.00,99999.00,99999.00,99999.00,99999.00,99999.00,99999.00,99999.00,99999.00,99999.00,99999.00,99999.00,99999.00,99999.00,99999.00,99999.00,99999.00,99999.00,99999.00,99999.00,99999.00,99999.00,99999.00,99999.00,99999.00,99999.00,99999.00,99999.00,99999.00,99999.00,99999.00,99999.00,99999.00,99999.00,99999.00,99999.00,99999.00,99999.00,99999.00,99999.00,99999.00,99999.00,99999.00,99999.00,99999.00,99999.00,99999.00,99999.00,99999.00,99999.00,99999.00,99999.00,99999.00,99999.00,99999.00,99999.00,99999.00,99999.00,99999.00,99999.00,99999.00,99999.00,99999.00,99999.00,99999.00,99999.00,99999.00,99999.00,99999.00,99999.00,99999.00,99999.00,99999.00,99999.00,99999.00,99999.00
99999.00,99999.00,99999.00,99999.00,99999.00,99999.00,99999.00,99999.00,99999.00,99999.00,99999.00,99999.00,99999.00,99999.00,99999.00,99999.00,99999.00,99999.00,99999.00,99999.00,99999.00,99999.00,99999.00,99999.00,99999.00,99999.00,99999.00,99999.00,99999.00,99999.00,99999.00,99999.00,99999.00,99999.00,99999.00,99999.00,99999.00,99999.00,99999.00,99999.00,99999.00,99999.00,99999.00,99999.00,99999.00,99999.00,99999.00,99999.00,99999.00,99999.00,99999.00,99999.00,99999.00,99999.00,99999.00,99999.00,99999.00,99999.00,99999.00,99999.00,99999.00,99999.00,99999.00,99999.00,99999.00,99999.00,99999.00,99999.00,99999.00,99999.00,99999.00,99999.00,99999.00,99999.00,99999.00,99999.00,99999.00,99999.00,99999.00,99999.00,99999.00,99999.00,99999.00,99999.00,99999.00,99999.00,99999.00,99999.00,99999.00,99999.00,99999.00,99999.00,99999.00,99999.00,99999.00,99999.00
99999.00,99999.00,99999.00,99999.00,99999.00,99999.00,99999.00,99999.00,99999.00,99999.00,99999.00,99999.00,99999.00,99999.00,99999.00,99999.00,99999.00,99999.00,99999.00,99999.00,99999.00,99999.00,99999.00,99999.00,99999.00,99999.00,99999.00,99999.00,99999.00,99999.00,99999.00,99999.00,99999.00,99999.00,99999.00,99999.00,99999.00,99999.00,99999.00,99999.00,99999.00,99999.00,99999.00,99999.00,99999.00,99999.00,99999.00,99999.00,99999.00,99999.00,99999.00,99999.00,99999.00,99999.00,99999.00,99999.00,99999.00,99999.00,99999.00,99999.00,99999.00,99999.00,99999.00,99999.00,99999.00,99999.00,99999.00,99999.00,99999.00,99999.00,99999.00,99999.00,99999.00,99999.00,99999.00,99999.00,99999.00,99999.00,99999.00,99999.00,99999.00,99999.00,99999.00,99999.00,99999.00,99999.00,99999.00,99999.00,99999.00,99999.00,99999.00,99999.00,99999.00,99999.00,99999.00,99999.00
99999.00,99999.00,99999.00,99999.00,99999.00,99999.00,99999.00,99999.00,99999.00,99999.00,99999.00,99999.00,99999.00,99999.00,99999.00,99999.00,99999.00,99999.00,99999.00,99999.00,99999.00,99999.00,99999.00,99999.00,99999.00,99999.00,99999.00,99999.00,99999.00,99999.00,99999.00,99999.00,99999.00,99999.00,99999.00,99999.00,99999.00,99999.00,99999.00,99999.00,99999.00,99999.00,99999.00,99999.00,99999.00,99999.00,99999.00,99999.00,99999.00,99999.00,99999.00,99999.00,99999.00,99999.00,99999.00,99999.00,99999.00,99999.00,99999.00,99999.00,99999.00,99999.00,99999.00,99999.00,99999.00,99999.00,99999.00,99999.00,99999.00,99999.00,99999.00,99999.00,99999.00,99999.00,99999.00,99999.00,99999.00,99999.00,99999.00,99999.00,99999.00,99999.00,99999.00,99999.00,99999.00,99999.00,99999.00,99999.00,99999.00,99999.00,99999.00,99999.00,99999.00,99999.00,99999.00,99999.00
99999.00,99999.00,99999.00,99999.00,99999.00,99999.00,99999.00,99999.00,99999.00,99999.00,99999.00,99999.00,99999.00,99999.00,99999.00,99999.00,99999.00,99999.00,99999.00,99999.00,99999.00,99999.00,99999.00,99999.00,99999.00,99999.00,99999.00,99999.00,99999.00,99999.00,99999.00,99999.00,99999.00,99999.00,99999.00,99999.00,99999.00,99999.00,99999.00,99999.00,99999.00,99999.00,99999.00,99999.00,99999.00,99999.00,99999.00,99999.00,99999.00,99999.00,99999.00,99999.00,99999.00,99999.00,99999.00,99999.00,99999.00,99999.00,99999.00,99999.00,99999.00,99999.00,99999.00,99999.00,99999.00,99999.00,99999.00,99999.00,99999.00,99999.00,99999.00,99999.00,99999.00,99999.00,99999.00,99999.00,99999.00,99999.00,99999.00,99999.00,99999.00,99999.00,99999.00,99999.00,99999.00,99999.00,99999.00,99999.00,99999.00,99999.00,99999.00,99999.00,99999.00,99999.00,99999.00,99999.00
99999.00,99999.00,99999.00,99999.00,99999.00,99999.00,99999.00,99999.00,99999.00,99999.00,99999.00,99999.00,99999.00,99999.00,99999.00,99999.00,99999.00,99999.00,99999.00,99999.00,99999.00,99999.00,99999.00,99999.00,99999.00,99999.00,99999.00,99999.00,99999.00,99999.00,99999.00,99999.00,99999.00,99999.00,99999.00,99999.00,99999.00,99999.00,99999.00,99999.00,99999.00,99999.00,99999.00,99999.00,99999.00,99999.00,99999.00,99999.00,99999.00,99999.00,99999.00,99999.00,99999.00,99999.00,99999.00,99999.00,99999.00,99999.00,99999.00,99999.00,99999.00,99999.00,99999.00,99999.00,99999.00,99999.00,99999.00,99999.00,99999.00,99999.00,99999.00,99999.00,99999.00,99999.00,99999.00,99999.00,99999.00,99999.00,99999.00,99999.00,99999.00,99999.00,99999.00,99999.00,99999.00,99999.00,99999.00,99999.00,99999.00,99999.00,99999.00,99999.00,99999.00,99999.00,99999.00,99999.00
99999.00,99999.00,99999.00,99999.00,99999.00,99999.00,99999.00,99999.00,99999.00,99999.00,99999.00,99999.00,99999.00,99999.00,99999.00,99999.00,99999.00,99999.00,99999.00,99999.00,99999.00,99999.00,99999.00,99999.00,99999.00,99999.00,99999.00,99999.00,99999.00,99999.00,99999.00,99999.00,99999.00,99999.00,99999.00,99999.00,99999.00,99999.00,99999.00,99999.00,99999.00,99999.00,99999.00,99999.00,99999.00,99999.00,99999.00,99999.00,99999.00,99999.00,99999.00,99999.00,99999.00,99999.00,99999.00,99999.00,99999.00,99999.00,99999.00,99999.00,99999.00,99999.00,99999.00,99999.00,99999.00,99999.00,99999.00,99999.00,99999.00,99999.00,99999.00,99999.00,99999.00,99999.00,99999.00,99999.00,99999.00,99999.00,99999.00,99999.00,99999.00,99999.00,99999.00,99999.00,99999.00,99999.00,99999.00,99999.00,99999.00,99999.00,99999.00,99999.00,99999.00,99999.00,99999.00,99999.00
99999.00,99999.00,99999.00,99999.00,99999.00,99999.00,99999.00,99999.00,99999.00,99999.00,99999.00,99999.00,99999.00,99999.00,99999.00,99999.00,99999.00,99999.00,99999.00,99999.00,99999.00,99999.00,99999.00,99999.00,99999.00,99999.00,99999.00,99999.00,99999.00,99999.00,99999.00,99999.00,99999.00,99999.00,99999.00,99999.00,99999.00,99999.00,99999.00,99999.00,99999.00,99999.00,99999.00,99999.00,99999.00,99999.00,99999.00,99999.00,99999.00,99999.00,99999.00,99999.00,99999.00,99999.00,99999.00,99999.00,99999.00,99999.00,99999.00,99999.00,99999.00,99999.00,99999.00,99999.00,99999.00,99999.00,99999.00,99999.00,99999.00,99999.00,99999.00,99999.00,99999.00,99999.00,99999.00,99999.00,99999.00,99999.00,99999.00,99999.00,99999.00,99999.00,99999.00,99999.00,99999.00,99999.00,99999.00,99999.00,99999.00,99999.00,99999.00,99999.00,99999.00,99999.00,99999.00,99999.00
99999.00,99999.00,99999.00,99999.00,99999.00,99999.00,99999.00,99999.00,99999.00,99999.00,99999.00,99999.00,99999.00,99999.00,99999.00,99999.00,99999.00,99999.00,99999.00,99999.00,99999.00,99999.00,99999.00,99999.00,99999.00,99999.00,99999.00,99999.00,99999.00,99999.00,99999.00,99999.00,99999.00,99999.00,99999.00,99999.00,99999.00,99999.00,99999.00,99999.00,99999.00,99999.00,99999.00,99999.00,99999.00,99999.00,99999.00,99999.00,99999.00,99999.00,99999.00,99999.00,99999.00,99999.00,99999.00,99999.00,99999.00,99999.00,99999.00,99999.00,99999.00,99999.00,99999.00,99999.00,99999.00,99999.00,99999.00,99999.00,99999.00,99999.00,99999.00,99999.00,99999.00,99999.00,99999.00,99999.00,99999.00,99999.00,99999.00,99999.00,99999.00,99999.00,99999.00,99999.00,99999.00,99999.00,99999.00,99999.00,99999.00,99999.00,99999.00,99999.00,99999.00,99999.00,99999.00,99999.00
99999.00,99999.00,99999.00,99999.00,99999.00,99999.00,99999.00,99999.00,99999.00,99999.00,99999.00,99999.00,99999.00,99999.00,99999.00,99999.00,99999.00,99999.00,99999.00,99999.00,99999.00,99999.00,99999.00,99999.00,99999.00,99999.00,99999.00,99999.00,99999.00,99999.00,99999.00,99999.00,99999.00,99999.00,99999.00,99999.00,99999.00,99999.00,99999.00,99999.00,99999.00,99999.00,99999.00,99999.00,99999.00,99999.00,99999.00,99999.00,99999.00,99999.00,99999.00,99999.00,99999.00,99999.00,99999.00,99999.00,99999.00,99999.00,99999.00,99999.00,99999.00,99999.00,99999.00,99999.00,99999.00,99999.00,99999.00,99999.00,99999.00,99999.00,99999.00,99999.00,99999.00,99999.00,99999.00,99999.00,99999.00,99999.00,99999.00,99999.00,99999.00,99999.00,99999.00,99999.00,99999.00,99999.00,99999.00,99999.00,99999.00,99999.00,99999.00,99999.00,99999.00,99999.00,99999.00,99999.00
99999.00,99999.00,99999.00,99999.00,99999.00,99999.00,99999.00,99999.00,99999.00,99999.00,99999.00,99999.00,99999.00,99999.00,99999.00,99999.00,99999.00,99999.00,99999.00,99999.00,99999.00,99999.00,99999.00,99999.00,99999.00,99999.00,99999.00,99999.00,99999.00,99999.00,99999.00,99999.00,99999.00,99999.00,99999.00,99999.00,99999.00,99999.00,99999.00,99999.00,99999.00,99999.00,99999.00,99999.00,99999.00,99999.00,99999.00,99999.00,99999.00,99999.00,99999.00,99999.00,99999.00,99999.00,99999.00,99999.00,99999.00,99999.00,99999.00,99999.00,99999.00,99999.00,99999.00,99999.00,99999.00,99999.00,99999.00,99999.00,99999.00,99999.00,99999.00,99999.00,99999.00,99999.00,99999.00,99999.00,99999.00,99999.00,99999.00,99999.00,99999.00,99999.00,99999.00,99999.00,99999.00,99999.00,99999.00,99999.00,99999.00,99999.00,99999.00,99999.00,99999.00,99999.00,99999.00,99999.00
99999.00,99999.00,99999.00,99999.00,99999.00,99999.00,99999.00,99999.00,99999.00,99999.00,99999.00,99999.00,99999.00,99999.00,99999.00,99999.00,99999.00,99999.00,99999.00,99999.00,99999.00,99999.00,99999.00,99999.00,99999.00,99999.00,99999.00,99999.00,99999.00,99999.00,99999.00,99999.00,99999.00,99999.00,99999.00,99999.00,99999.00,99999.00,99999.00,99999.00,99999.00,99999.00,99999.00,99999.00,99999.00,99999.00,99999.00,99999.00,99999.00,99999.00,99999.00,99999.00,99999.00,99999.00,99999.00,99999.00,99999.00,99999.00,99999.00,99999.00,99999.00,99999.00,99999.00,99999.00,99999.00,99999.00,99999.00,99999.00,99999.00,99999.00,99999.00,99999.00,99999.00,99999.00,99999.00,99999.00,99999.00,99999.00,99999.00,99999.00,99999.00,99999.00,99999.00,99999.00,99999.00,99999.00,99999.00,99999.00,99999.00,99999.00,99999.00,99999.00,99999.00,99999.00,99999.00,99999.00
99999.00,99999.00,99999.00,99999.00,99999.00,99999.00,99999.00,99999.00,99999.00,99999.00,99999.00,99999.00,99999.00,99999.00,99999.00,99999.00,99999.00,99999.00,99999.00,99999.00,99999.00,99999.00,99999.00,99999.00,99999.00,99999.00,99999.00,99999.00,99999.00,99999.00,99999.00,99999.00,99999.00,99999.00,99999.00,99999.00,99999.00,99999.00,99999.00,99999.00,99999.00,99999.00,99999.00,99999.00,99999.00,99999.00,99999.00,99999.00,99999.00,99999.00,99999.00,99999.00,99999.00,99999.00,99999.00,99999.00,99999.00,99999.00,99999.00,99999.00,99999.00,99999.00,99999.00,99999.00,99999.00,99999.00,99999.00,99999.00,99999.00,99999.00,99999.00,99999.00,99999.00,99999.00,99999.00,99999.00,99999.00,99999.00,99999.00,99999.00,99999.00,99999.00,99999.00,99999.00,99999.00,99999.00,99999.00,99999.00,99999.00,99999.00,99999.00,99999.00,99999.00,99999.00,99999.00,99999.00
99999.00,99999.00,99999.00,99999.00,99999.00,99999.00,99999.00,99999.00,99999.00,99999.00,99999.00,99999.00,99999.00,99999.00,99999.00,99999.00,99999.00,99999.00,99999.00,99999.00,99999.00,99999.00,99999.00,99999.00,99999.00,99999.00,99999.00,99999.00,99999.00,99999.00,99999.00,99999.00,99999.00,99999.00,99999.00,99999.00,99999.00,99999.00,99999.00,99999.00,99999.00,99999.00,99999.00,99999.00,99999.00,99999.00,99999.00,99999.00,99999.00,99999.00,99999.00,99999.00,99999.00,99999.00,99999.00,99999.00,99999.00,99999.00,99999.00,99999.00,99999.00,99999.00,99999.00,99999.00,99999.00,99999.00,99999.00,99999.00,99999.00,99999.00,99999.00,99999.00,99999.00,99999.00,99999.00,99999.00,99999.00,99999.00,99999.00,99999.00,99999.00,99999.00,99999.00,99999.00,99999.00,99999.00,99999.00,99999.00,99999.00,99999.00,99999.00,99999.00,99999.00,99999.00,99999.00,99999.00
99999.00,99999.00,99999.00,99999.00,99999.00,99999.00,99999.00,99999.00,99999.00,99999.00,99999.00,99999.00,99999.00,99999.00,99999.00,99999.00,99999.00,99999.00,99999.00,99999.00,99999.00,99999.00,99999.00,99999.00,99999.00,99999.00,99999.00,99999.00,99999.00,99999.00,99999.00,99999.00,99999.00,99999.00,99999.00,99999.00,99999.00,99999.00,99999.00,99999.00,99999.00,99999.00,99999.00,99999.00,99999.00,99999.00,99999.00,99999.00,99999.00,99999.00,99999.00,99999.00,99999.00,99999.00,99999.00,99999.00,99999.00,99999.00,99999.00,99999.00,99999.00,99999.00,99999.00,99999.00,99999.00,99999.00,99999.00,99999.00,99999.00,99999.00,99999.00,99999.00,99999.00,99999.00,99999.00,99999.00,99999.00,99999.00,99999.00,99999.00,99999.00,99999.00,99999.00,99999.00,99999.00,99999.00,99999.00,99999.00,99999.00,99999.00,99999.00,99999.00,99999.00,99999.00,99999.00,99999.00
99999.00,99999.00,99999.00,99999.00,99999.00,99999.00,99999.00,99999.00,99999.00,99999.00,99999.00,99999.00,99999.00,99999.00,99999.00,99999.00,99999.00,99999.00,99999.00,99999.00,99999.00,99999.00,99999.00,99999.00,99999.00,99999.00,99999.00,99999.00,99999.00,99999.00,99999.00,99999.00,99999.00,99999.00,99999.00,99999.00,99999.00,99999.00,99999.00,99999.00,99999.00,99999.00,99999.00,99999.00,99999.00,99999.00,99999.00,99999.00,99999.00,99999.00,99999.00,99999.00,99999.00,99999.00,99999.00,99999.00,99999.00,99999.00,99999.00,99999.00,99999.00,99999.00,99999.00,99999.00,99999.00,99999.00,99999.00,99999.00,99999.00,99999.00,99999.00,99999.00,99999.00,99999.00,99999.00,99999.00,99999.00,99999.00,99999.00,99999.00,99999.00,99999.00,99999.00,99999.00,99999.00,99999.00,99999.00,99999.00,99999.00,99999.00,99999.00,99999.00,99999.00,99999.00,99999.00,99999.00
99999.00,99999.00,99999.00,99999.00,99999.00,99999.00,99999.00,99999.00,99999.00,99999.00,99999.00,99999.00,99999.00,99999.00,99999.00,99999.00,99999.00,99999.00,99999.00,99999.00,99999.00,99999.00,99999.00,99999.00,99999.00,99999.00,99999.00,99999.00,99999.00,99999.00,99999.00,99999.00,99999.00,99999.00,99999.00,99999.00,99999.00,99999.00,99999.00,99999.00,99999.00,99999.00,99999.00,99999.00,99999.00,99999.00,99999.00,99999.00,99999.00,99999.00,99999.00,99999.00,99999.00,99999.00,99999.00,99999.00,99999.00,99999.00,99999.00,99999.00,99999.00,99999.00,99999.00,99999.00,99999.00,99999.00,99999.00,99999.00,99999.00,99999.00,99999.00,99999.00,99999.00,99999.00,99999.00,99999.00,99999.00,99999.00,99999.00,99999.00,99999.00,99999.00,99999.00,99999.00,99999.00,99999.00,99999.00,99999.00,99999.00,99999.00,99999.00,99999.00,99999.00,99999.00,99999.00,99999.00
99999.00,99999.00,99999.00,99999.00,99999.00,99999.00,99999.00,99999.00,99999.00,99999.00,99999.00,99999.00,99999.00,99999.00,99999.00,99999.00,99999.00,99999.00,99999.00,99999.00,99999.00,99999.00,99999.00,99999.00,99999.00,99999.00,99999.00,99999.00,99999.00,99999.00,99999.00,99999.00,99999.00,99999.00,99999.00,99999.00,99999.00,99999.00,99999.00,99999.00,99999.00,99999.00,99999.00,99999.00,99999.00,99999.00,99999.00,99999.00,99999.00,99999.00,99999.00,99999.00,99999.00,99999.00,99999.00,99999.00,99999.00,99999.00,99999.00,99999.00,99999.00,99999.00,99999.00,99999.00,99999.00,99999.00,99999.00,99999.00,99999.00,99999.00,99999.00,99999.00,99999.00,99999.00,99999.00,99999.00,99999.00,99999.00,99999.00,99999.00,99999.00,99999.00,99999.00,99999.00,99999.00,99999.00,99999.00,99999.00,99999.00,99999.00,99999.00,99999.00,99999.00,99999.00,99999.00,99999.00
99999.00,99999.00,99999.00,99999.00,99999.00,99999.00,99999.00,99999.00,99999.00,99999.00,99999.00,99999.00,99999.00,99999.00,99999.00,99999.00,99999.00,99999.00,99999.00,99999.00,99999.00,99999.00,99999.00,99999.00,99999.00,99999.00,99999.00,99999.00,99999.00,99999.00,99999.00,99999.00,99999.00,99999.00,99999.00,99999.00,99999.00,99999.00,99999.00,99999.00,99999.00,99999.00,99999.00,99999.00,99999.00,99999.00,99999.00,99999.00,99999.00,99999.00,99999.00,99999.00,99999.00,99999.00,99999.00,99999.00,99999.00,99999.00,99999.00,99999.00,99999.00,99999.00,99999.00,99999.00,99999.00,99999.00,99999.00,99999.00,99999.00,99999.00,99999.00,99999.00,99999.00,99999.00,99999.00,99999.00,99999.00,99999.00,99999.00,99999.00,99999.00,99999.00,99999.00,99999.00,99999.00,99999.00,99999.00,99999.00,99999.00,99999.00,99999.00,99999.00,99999.00,99999.00,99999.00,99999.00
99999.00,99999.00,99999.00,99999.00,99999.00,99999.00,99999.00,99999.00,99999.00,99999.00,99999.00,99999.00,99999.00,99999.00,99999.00,99999.00,99999.00,99999.00,99999.00,99999.00,99999.00,99999.00,99999.00,99999.00,99999.00,99999.00,99999.00,99999.00,99999.00,99999.00,99999.00,99999.00,99999.00,99999.00,99999.00,99999.00,99999.00,99999.00,99999.00,99999.00,99999.00,99999.00,99999.00,99999.00,99999.00,99999.00,99999.00,99999.00,99999.00,99999.00,99999.00,99999.00,99999.00,99999.00,99999.00,99999.00,99999.00,99999.00,99999.00,99999.00,99999.00,99999.00,99999.00,99999.00,99999.00,99999.00,99999.00,99999.00,99999.00,99999.00,99999.00,99999.00,99999.00,99999.00,99999.00,99999.00,99999.00,99999.00,99999.00,99999.00,99999.00,99999.00,99999.00,99999.00,99999.00,99999.00,99999.00,99999.00,99999.00,99999.00,99999.00,99999.00,99999.00,99999.00,99999.00,99999.00
99999.00,99999.00,99999.00,99999.00,99999.00,99999.00,99999.00,99999.00,99999.00,99999.00,99999.00,99999.00,99999.00,99999.00,99999.00,99999.00,99999.00,99999.00,99999.00,99999.00,99999.00,99999.00,99999.00,99999.00,99999.00,99999.00,99999.00,99999.00,99999.00,99999.00,99999.00,99999.00,99999.00,99999.00,99999.00,99999.00,99999.00,99999.00,99999.00,99999.00,99999.00,99999.00,99999.00,99999.00,99999.00,99999.00,99999.00,99999.00,99999.00,99999.00,99999.00,99999.00,99999.00,99999.00,99999.00,99999.00,99999.00,99999.00,99999.00,99999.00,99999.00,99999.00,99999.00,99999.00,99999.00,99999.00,99999.00,99999.00,99999.00,99999.00,99999.00,99999.00,99999.00,99999.00,99999.00,99999.00,99999.00,99999.00,99999.00,99999.00,99999.00,99999.00,99999.00,99999.00,99999.00,99999.00,99999.00,99999.00,99999.00,99999.00,99999.00,99999.00,99999.00,99999.00,99999.00,99999.00
99999.00,99999.00,99999.00,99999.00,99999.00,99999.00,99999.00,99999.00,99999.00,99999.00,99999.00,99999.00,99999.00,99999.00,99999.00,99999.00,99999.00,99999.00,99999.00,99999.00,99999.00,99999.00,99999.00,99999.00,99999.00,99999.00,99999.00,99999.00,99999.00,99999.00,99999.00,99999.00,99999.00,99999.00,99999.00,99999.00,99999.00,99999.00,99999.00,99999.00,99999.00,99999.00,99999.00,99999.00,99999.00,99999.00,99999.00,99999.00,99999.00,99999.00,99999.00,99999.00,99999.00,99999.00,99999.00,99999.00,99999.00,99999.00,99999.00,99999.00,99999.00,99999.00,99999.00,99999.00,99999.00,99999.00,99999.00,99999.00,99999.00,99999.00,99999.00,99999.00,99999.00,99999.00,99999.00,99999.00,99999.00,99999.00,99999.00,99999.00,99999.00,99999.00,99999.00,99999.00,99999.00,99999.00,99999.00,99999.00,99999.00,99999.00,99999.00,99999.00,99999.00,99999.00,99999.00,99999.00
99999.00,99999.00,99999.00,99999.00,99999.00,99999.00,99999.00,99999.00,99999.00,99999.00,99999.00,99999.00,99999.00,99999.00,99999.00,99999.00,99999.00,99999.00,99999.00,99999.00,99999.00,99999.00,99999.00,99999.00,99999.00,99999.00,99999.00,99999.00,99999.00,99999.00,99999.00,99999.00,99999.00,99999.00,99999.00,99999.00,99999.00,99999.00,99999.00,99999.00,99999.00,99999.00,99999.00,99999.00,99999.00,99999.00,99999.00,99999.00,99999.00,99999.00,99999.00,99999.00,99999.00,99999.00,99999.00,99999.00,99999.00,99999.00,99999.00,99999.00,99999.00,99999.00,99999.00,99999.00,99999.00,99999.00,99999.00,99999.00,99999.00,99999.00,99999.00,99999.00,99999.00,99999.00,99999.00,99999.00,99999.00,99999.00,99999.00,99999.00,99999.00,99999.00,99999.00,99999.00,99999.00,99999.00,99999.00,99999.00,99999.00,99999.00,99999.00,99999.00,99999.00,99999.00,99999.00,99999.00
99999.00,99999.00,99999.00,99999.00,99999.00,99999.00,99999.00,99999.00,99999.00,99999.00,99999.00,99999.00,99999.00,99999.00,99999.00,99999.00,99999.00,99999.00,99999.00,99999.00,99999.00,99999.00,99999.00,99999.00,99999.00,99999.00,99999.00,99999.00,99999.00,99999.00,99999.00,99999.00,99999.00,99999.00,99999.00,99999.00,99999.00,99999.00,99999.00,99999.00,99999.00,99999.00,99999.00,99999.00,99999.00,99999.00,99999.00,99999.00,99999.00,99999.00,99999.00,99999.00,99999.00,99999.00,99999.00,99999.00,99999.00,99999.00,99999.00,99999.00,99999.00,99999.00,99999.00,99999.00,99999.00,99999.00,99999.00,99999.00,99999.00,99999.00,99999.00,99999.00,99999.00,99999.00,99999.00,99999.00,99999.00,99999.00,99999.00,99999.00,99999.00,99999.00,99999.00,99999.00,99999.00,99999.00,99999.00,99999.00,99999.00,99999.00,99999.00,99999.00,99999.00,99999.00,99999.00,99999.00
99999.00,99999.00,99999.00,99999.00,99999.00,99999.00,99999.00,99999.00,99999.00,99999.00,99999.00,99999.00,99999.00,99999.00,99999.00,99999.00,99999.00,99999.00,99999.00,99999.00,99999.00,99999.00,99999.00,99999.00,99999.00,99999.00,99999.00,99999.00,99999.00,99999.00,99999.00,99999.00,99999.00,99999.00,99999.00,99999.00,99999.00,99999.00,99999.00,99999.00,99999.00,99999.00,99999.00,99999.00,99999.00,99999.00,99999.00,99999.00,99999.00,99999.00,99999.00,99999.00,99999.00,99999.00,99999.00,99999.00,99999.00,99999.00,99999.00,99999.00,99999.00,99999.00,99999.00,99999.00,99999.00,99999.00,99999.00,99999.00,99999.00,99999.00,99999.00,99999.00,99999.00,99999.00,99999.00,99999.00,99999.00,99999.00,99999.00,99999.00,99999.00,99999.00,99999.00,99999.00,99999.00,99999.00,99999.00,99999.00,99999.00,99999.00,99999.00,99999.00,99999.00,99999.00,99999.00,99999.00
99999.00,99999.00,99999.00,99999.00,99999.00,99999.00,99999.00,99999.00,99999.00,99999.00,99999.00,99999.00,99999.00,99999.00,99999.00,99999.00,99999.00,99999.00,99999.00,99999.00,99999.00,99999.00,99999.00,99999.00,99999.00,99999.00,99999.00,99999.00,99999.00,99999.00,99999.00,99999.00,99999.00,99999.00,99999.00,99999.00,99999.00,99999.00,99999.00,99999.00,99999.00,99999.00,99999.00,99999.00,99999.00,99999.00,99999.00,99999.00,99999.00,99999.00,99999.00,99999.00,99999.00,99999.00,99999.00,99999.00,99999.00,99999.00,99999.00,99999.00,99999.00,99999.00,99999.00,99999.00,99999.00,99999.00,99999.00,99999.00,99999.00,99999.00,99999.00,99999.00,99999.00,99999.00,99999.00,99999.00,99999.00,99999.00,99999.00,99999.00,99999.00,99999.00,99999.00,99999.00,99999.00,99999.00,99999.00,99999.00,99999.00,99999.00,99999.00,99999.00,99999.00,99999.00,99999.00,99999.00
99999.00,99999.00,99999.00,99999.00,99999.00,99999.00,99999.00,99999.00,99999.00,99999.00,99999.00,99999.00,99999.00,99999.00,99999.00,99999.00,99999.00,99999.00,99999.00,99999.00,99999.00,99999.00,99999.00,99999.00,99999.00,99999.00,99999.00,99999.00,99999.00,99999.00,99999.00,99999.00,99999.00,99999.00,99999.00,99999.00,99999.00,99999.00,99999.00,99999.00,99999.00,99999.00,99999.00,99999.00,99999.00,99999.00,99999.00,99999.00,99999.00,99999.00,99999.00,99999.00,99999.00,99999.00,99999.00,99999.00,99999.00,99999.00,99999.00,99999.00,99999.00,99999.00,99999.00,99999.00,99999.00,99999.00,99999.00,99999.00,99999.00,99999.00,99999.00,99999.00,99999.00,99999.00,99999.00,99999.00,99999.00,99999.00,99999.00,99999.00,99999.00,99999.00,99999.00,99999.00,99999.00,99999.00,99999.00,99999.00,99999.00,99999.00,99999.00,99999.00,99999.00,99999.00,99999.00,99999.00
99999.00,99999.00,99999.00,99999.00,99999.00,99999.00,99999.00,99999.00,99999.00,99999.00,99999.00,99999.00,99999.00,99999.00,99999.00,99999.00,99999.00,99999.00,99999.00,99999.00,99999.00,99999.00,99999.00,99999.00,99999.00,99999.00,99999.00,99999.00,99999.00,99999.00,99999.00,99999.00,99999.00,99999.00,99999.00,99999.00,99999.00,99999.00,99999.00,99999.00,99999.00,99999.00,99999.00,99999.00,99999.00,99999.00,99999.00,99999.00,99999.00,99999.00,99999.00,99999.00,99999.00,99999.00,99999.00,99999.00,99999.00,99999.00,99999.00,99999.00,99999.00,99999.00,99999.00,99999.00,99999.00,99999.00,99999.00,99999.00,99999.00,99999.00,99999.00,99999.00,99999.00,99999.00,99999.00,99999.00,99999.00,99999.00,99999.00,99999.00,99999.00,99999.00,99999.00,99999.00,99999.00,99999.00,99999.00,99999.00,99999.00,99999.00,99999.00,99999.00,99999.00,99999.00,99999.00,99999.00
99999.00,99999.00,99999.00,99999.00,99999.00,99999.00,99999.00,99999.00,99999.00,99999.00,99999.00,99999.00,99999.00,99999.00,99999.00,99999.00,99999.00,99999.00,99999.00,99999.00,99999.00,99999.00,99999.00,99999.00,99999.00,99999.00,99999.00,99999.00,99999.00,99999.00,99999.00,99999.00,99999.00,99999.00,99999.00,99999.00,99999.00,99999.00,99999.00,99999.00,99999.00,99999.00,99999.00,99999.00,99999.00,99999.00,99999.00,99999.00,99999.00,99999.00,99999.00,99999.00,99999.00,99999.00,99999.00,99999.00,99999.00,99999.00,99999.00,99999.00,99999.00,99999.00,99999.00,99999.00,99999.00,99999.00,99999.00,99999.00,99999.00,99999.00,99999.00,99999.00,99999.00,99999.00,99999.00,99999.00,99999.00,99999.00,99999.00,99999.00,99999.00,99999.00,99999.00,99999.00,99999.00,99999.00,99999.00,99999.00,99999.00,99999.00,99999.00,99999.00,99999.00,99999.00,99999.00,99999.00
99999.00,99999.00,99999.00,99999.00,99999.00,99999.00,99999.00,99999.00,99999.00,99999.00,99999.00,99999.00,99999.00,99999.00,99999.00,99999.00,99999.00,99999.00,99999.00,99999.00,99999.00,99999.00,99999.00,99999.00,99999.00,99999.00,99999.00,99999.00,99999.00,99999.00,99999.00,99999.00,99999.00,99999.00,99999.00,99999.00,99999.00,99999.00,99999.00,99999.00,99999.00,99999.00,99999.00,99999.00,99999.00,99999.00,99999.00,99999.00,99999.00,99999.00,99999.00,99999.00,99999.00,99999.00,99999.00,99999.00,99999.00,99999.00,99999.00,99999.00,99999.00,99999.00,99999.00,99999.00,99999.00,99999.00,99999.00,99999.00,99999.00,99999.00,99999.00,99999.00,99999.00,99999.00,99999.00,99999.00,99999.00,99999.00,99999.00,99999.00,99999.00,99999.00,99999.00,99999.00,99999.00,99999.00,99999.00,99999.00,99999.00,99999.00,99999.00,99999.00,99999.00,99999.00,99999.00,99999.00
99999.00,99999.00,99999.00,99999.00,99999.00,99999.00,99999.00,99999.00,99999.00,99999.00,99999.00,99999.00,99999.00,99999.00,99999.00,99999.00,99999.00,99999.00,99999.00,99999.00,99999.00,99999.00,99999.00,99999.00,99999.00,99999.00,99999.00,99999.00,99999.00,99999.00,99999.00,99999.00,99999.00,99999.00,99999.00,99999.00,99999.00,99999.00,99999.00,99999.00,99999.00,99999.00,99999.00,99999.00,99999.00,99999.00,99999.00,99999.00,99999.00,99999.00,99999.00,99999.00,99999.00,99999.00,99999.00,99999.00,99999.00,99999.00,99999.00,99999.00,99999.00,99999.00,99999.00,99999.00,99999.00,99999.00,99999.00,99999.00,99999.00,99999.00,99999.00,99999.00,99999.00,99999.00,99999.00,99999.00,99999.00,99999.00,99999.00,99999.00,99999.00,99999.00,99999.00,99999.00,99999.00,99999.00,99999.00,99999.00,99999.00,99999.00,99999.00,99999.00,99999.00,99999.00,99999.00,99999.00
99999.00,99999.00,99999.00,99999.00,99999.00,99999.00,99999.00,99999.00,99999.00,99999.00,99999.00,99999.00,99999.00,99999.00,99999.00,99999.00,99999.00,99999.00,99999.00,99999.00,99999.00,99999.00,99999.00,99999.00,99999.00,99999.00,99999.00,99999.00,99999.00,99999.00,99999.00,99999.00,99999.00,99999.00,99999.00,99999.00,99999.00,99999.00,99999.00,99999.00,99999.00,99999.00,99999.00,99999.00,99999.00,99999.00,99999.00,99999.00,99999.00,99999.00,99999.00,99999.00,99999.00,99999.00,99999.00,99999.00,99999.00,99999.00,99999.00,99999.00,99999.00,99999.00,99999.00,99999.00,99999.00,99999.00,99999.00,99999.00,99999.00,99999.00,99999.00,99999.00,99999.00,99999.00,99999.00,99999.00,99999.00,99999.00,99999.00,99999.00,99999.00,99999.00,99999.00,99999.00,99999.00,99999.00,99999.00,99999.00,99999.00,99999.00,99999.00,99999.00,99999.00,99999.00,99999.00,99999.00
99999.00,99999.00,99999.00,99999.00,99999.00,99999.00,99999.00,99999.00,99999.00,99999.00,99999.00,99999.00,99999.00,99999.00,99999.00,99999.00,99999.00,99999.00,99999.00,99999.00,99999.00,99999.00,99999.00,99999.00,99999.00,99999.00,99999.00,99999.00,99999.00,99999.00,99999.00,99999.00,99999.00,99999.00,99999.00,99999.00,99999.00,99999.00,99999.00,99999.00,99999.00,99999.00,99999.00,99999.00,99999.00,99999.00,99999.00,99999.00,99999.00,99999.00,99999.00,99999.00,99999.00,99999.00,99999.00,99999.00,99999.00,99999.00,99999.00,99999.00,99999.00,99999.00,99999.00,99999.00,99999.00,99999.00,99999.00,99999.00,99999.00,99999.00,99999.00,99999.00,99999.00,99999.00,99999.00,99999.00,99999.00,99999.00,99999.00,99999.00,99999.00,99999.00,99999.00,99999.00,99999.00,99999.00,99999.00,99999.00,99999.00,99999.00,99999.00,99999.00,99999.00,99999.00,99999.00,99999.00
99999.00,99999.00,99999.00,99999.00,99999.00,99999.00,99999.00,99999.00,99999.00,99999.00,99999.00,99999.00,99999.00,99999.00,99999.00,99999.00,99999.00,99999.00,99999.00,99999.00,99999.00,99999.00,99999.00,99999.00,99999.00,99999.00,99999.00,99999.00,99999.00,99999.00,99999.00,99999.00,99999.00,99999.00,99999.00,99999.00,99999.00,99999.00,99999.00,99999.00,99999.00,99999.00,99999.00,99999.00,99999.00,99999.00,99999.00,99999.00,99999.00,99999.00,99999.00,99999.00,99999.00,99999.00,99999.00,99999.00,99999.00,99999.00,99999.00,99999.00,99999.00,99999.00,99999.00,99999.00,99999.00,99999.00,99999.00,99999.00,99999.00,99999.00,99999.00,99999.00,99999.00,99999.00,99999.00,99999.00,99999.00,99999.00,99999.00,99999.00,99999.00,99999.00,99999.00,99999.00,99999.00,99999.00,99999.00,99999.00,99999.00,99999.00,99999.00,99999.00,99999.00,99999.00,99999.00,99999.00
99999.00,99999.00,99999.00,99999.00,99999.00,99999.00,99999.00,99999.00,99999.00,99999.00,99999.00,99999.00,99999.00,99999.00,99999.00,2208.88,2188.34,2167.79,2147.25,2126.70,2106.16,2085.61,2065.07,2047.57,2030.46,2013.54,1998.26,1984.29,1971.45,1959.58,1948.35,1938.43,1929.88,1922.52,1916.01,1910.04,1904.42,1899.06,1893.94,1889.04,1884.40,1881.37,1880.43,1881.63,1884.61,1887.83,1891.23,1894.81,1898.56,1902.51,1906.71,1911.13,1915.84,1920.98,1926.51,1932.85,1940.28,1948.64,1957.06,1965.48,1974.19,1982.90,1992.07,2001.92,2012.44,2023.89,2035.65,2047.45,2059.28,2071.24,2083.27,2095.47,2107.91,2120.25,2132.62,2145.37,2158.17,2171.33,2184.62,2198.03,2211.24,99999.00,99999.00,99999.00,99999.00,99999.00,99999.00,99999.00,99999.00,99999.00,99999.00,99999.00,99999.00,99999.00,99999.00,99999.00
99999.00,99999.00,99999.00,99999.00,99999.00,99999.00,99999.00,99999.00,99999.00,99999.00,99999.00,99999.00,99999.00,99999.00,99999.00,2204.63,2182.88,2162.33,2141.79,2121.24,2100.70,2080.15,2059.61,2039.06,2018.52,2001.02,1984.10,1968.84,1955.04,1942.52,1931.07,1920.62,1911.80,1904.22,1897.57,1891.66,1886.23,1881.05,1876.08,1871.32,1866.79,1863.86,1863.00,1864.27,1867.31,1870.57,1874.01,1877.63,1881.41,1885.38,1889.59,1894.03,1898.77,1904.00,1909.94,1916.76,1924.78,1933.15,1941.58,1950.10,1958.81,1967.99,1977.83,1988.35,1999.80,2011.56,2023.37,2035.20,2047.15,2059.18,2071.40,2083.89,2096.28,2108.73,2121.57,2134.47,2147.74,2161.16,2174.70,2188.04,2203.90,99999.00,99999.00,99999.00,99999.00,99999.00,99999.00,99999.00,99999.00,99999.00,99999.00,99999.00,99999.00,99999.00,99999.00,99999.00
99999.00,99999.00,99999.00,99999.00,99999.00,99999.00,99999.00,99999.00,99999.00,99999.00,99999.00,99999.00,99999.00,99999.00,99999.00,2204.72,2181.73,2159.96,2139.14,2118.32,2097.50,2076.68,2055.86,2035.04,2014.22,1993.40,1972.58,1955.08,1940.08,1926.75,1914.81,1904.04,1894.92,1887.12,1880.36,1874.40,1869.03,1864.05,1859.25,1854.63,1850.23,1847.39,1846.62,1847.96,1851.05,1854.36,1857.83,1861.47,1865.27,1869.25,1873.48,1877.93,1882.87,1888.47,1894.87,1902.23,1910.56,1918.97,1927.39,1936.10,1945.28,1955.12,1965.64,1977.09,1988.85,2000.66,2012.48,2024.44,2036.47,2048.70,2061.20,2073.65,2086.17,2099.09,2112.55,2126.18,2139.93,2153.50,2166.90,2182.25,2198.95,99999.00,99999.00,99999.00,99999.00,99999.00,99999.00,99999.00,99999.00,99999.00,99999.00,99999.00,99999.00,99999.00,99999.00,99999.00
99999.00,99999.00,99999.00,99999.00,99999.00,99999.00,99999.00,99999.00,99999.00,99999.00,99999.00,99999.00,99999.00,99999.00,99999.00,99999.00,99999.00,99999.00,99999.00,99999.00,99999.00,99999.00,99999.00,99999.00,99999.00,99999.00,99999.00,99999.00,1926.11,1911.82,1899.34,1888.27,1878.83,1870.86,1864.01,1858.03,1852.69,1847.81,1843.20,1838.74,1834.46,1831.73,1831.05,1832.46,1835.60,1838.95,1842.44,1846.10,1849.90,1853.89,1858.11,1862.80,1868.07,1874.07,1880.97,1888.91,1897.25,1905.67,1914.37,1923.55,1933.39,1943.91,1955.36,1967.12,1978.93,1990.76,2002.71,2014.75,2026.97,2039.48,2051.95,2065.01,2078.63,2092.45,2106.42,2120.23,2133.88,2147.35,2162.31,2178.09,2194.94,99999.00,99999.00,99999.00,99999.00,99999.00,99999.00,99999.00,99999.00,99999.00,99999.00,99999.00,99999.00,99999.00,99999.00,99999.00
99999.00,99999.00,99999.00,99999.00,99999.00,99999.00,99999.00,99999.00,99999.00,99999.00,99999.00,99999.00,99999.00,99999.00,99999.00,99999.00,99999.00,99999.00,99999.00,99999.00,99999.00,99999.00,99999.00,99999.00,99999.00,99999.00,99999.00,99999.00,99999.00,1897.36,1884.34,1873.04,1863.34,1855.23,1848.33,1842.35,1837.05,1832.25,1827.78,1823.48,1819.34,1816.72,1816.12,1817.59,1820.78,1824.15,1827.67,1831.33,1835.13,1839.12,1843.57,1848.51,1854.13,1860.56,1867.99,1876.25,1884.64,1893.34,1902.52,1912.36,1922.88,1934.33,1946.09,1957.89,1969.72,1981.68,1993.71,2006.22,2018.70,2031.81,2045.54,2059.52,2073.69,2087.72,2101.63,2115.38,2128.95,2143.47,2158.62,2174.58,2191.59,99999.00,99999.00,99999.00,99999.00,99999.00,99999.00,99999.00,99999.00,99999.00,99999.00,99999.00,99999.00,99999.00,99999.00,99999.00
99999.00,99999.00,99999.00,99999.00,99999.00,99999.00,99999.00,99999.00,99999.00,99999.00,99999.00,99999.00,99999.00,99999.00,99999.00,99999.00,99999.00,99999.00,99999.00,99999.00,99999.00,99999.00,99999.00,99999.00,99999.00,99999.00,99999.00,99999.00,99999.00,99999.00,1869.53,1858.09,1848.22,1840.05,1833.15,1827.19,1821.96,1817.25,1812.90,1808.75,1804.75,1802.23,1801.71,1803.24,1806.46,1809.86,1813.38,1817.03,1820.82,1825.01,1829.66,1834.90,1840.89,1847.79,1855.77,1864.11,1872.77,1881.94,1891.79,1902.31,1913.76,1925.52,1937.32,1949.15,1961.19,1973.70,1986.18,1999.28,2013.03,2027.07,2041.37,2055.59,2069.73,2083.76,2097.63,2111.33,2125.60,2140.35,2155.71,2171.86,2189.04,99999.00,99999.00,99999.00,99999.00,99999.00,99999.00,99999.00,99999.00,99999.00,99999.00,99999.00,99999.00,99999.00,99999.00,99999.00
99999.00,99999.00,99999.00,99999.00,99999.00,99999.00,99999.00,99999.00,99999.00,99999.00,99999.00,99999.00,99999.00,99999.00,99999.00,99999.00,99999.00,99999.00,99999.00,99999.00,99999.00,99999.00,99999.00,99999.00,99999.00,99999.00,99999.00,99999.00,99999.00,99999.00,1854.68,1843.32,1833.44,1825.26,1818.39,1812.50,1807.34,1802.72,1798.48,1794.47,1790.60,1788.19,1787.74,1789.32,1792.57,1795.98,1799.49,1803.11,1807.04,1811.42,1816.28,1821.82,1828.19,1835.59,1843.91,1852.52,1861.64,1871.47,1881.99,1893.45,1905.21,1917.04,1929.07,1941.58,1954.06,1967.17,1980.91,1994.95,2009.26,2023.57,2037.88,2052.13,2066.30,2080.33,2094.20,2108.38,2122.92,2137.92,2153.50,2169.84,2187.19,99999.00,99999.00,99999.00,99999.00,99999.00,99999.00,99999.00,99999.00,99999.00,99999.00,99999.00,99999.00,99999.00,99999.00,99999.00
99999.00,99999.00,99999.00,99999.00,99999.00,99999.00,99999.00,99999.00,99999.00,99999.00,99999.00,99999.00,99999.00,99999.00,99999.00,99999.00,99999.00,99999.00,99999.00,99999.00,99999.00,99999.00,99999.00,99999.00,99999.00,99999.00,99999.00,99999.00,99999.00,99999.00,1839.97,1828.70,1818.94,1810.81,1804.01,1798.20,1793.12,1788.60,1784.47,1780.59,1776.85,1774.53,1774.15,1775.77,1779.04,1782.44,1785.92,1789.61,1793.69,1798.22,1803.32,1809.18,1815.96,1823.88,1832.43,1841.48,1851.24,1861.75,1873.21,1885.04,1897.07,1909.58,1922.06,1935.17,1948.91,1962.95,1977.34,1991.74,2006.13,2020.52,2034.91,2049.23,2063.43,2077.46,2091.72,2106.24,2121.08,2136.34,2152.15,2168.69,2186.22,99999.00,99999.00,99999.00,99999.00,99999.00,99999.00,99999.00,99999.00,99999.00,99999.00,99999.00,99999.00,99999.00,99999.00,99999.00
99999.00,99999.00,99999.00,99999.00,99999.00,99999.00,99999.00,99999.00,99999.00,99999.00,99999.00,99999.00,99999.00,99999.00,99999.00,99999.00,99999.00,99999.00,99999.00,99999.00,99999.00,99999.00,99999.00,99999.00,99999.00,99999.00,99999.00,99999.00,99999.00,99999.00,1825.66,1814.49,1804.84,1796.77,1790.03,1784.29,1779.30,1774.87,1770.83,1767.07,1763.45,1761.22,1760.89,1762.55,1765.82,1769.20,1772.68,1776.48,1780.68,1785.35,1790.69,1796.86,1804.07,1812.41,1821.34,1830.99,1841.41,1852.85,1864.89,1877.40,1889.88,1902.98,1916.73,1930.77,1945.39,1960.01,1974.63,1989.26,2003.88,2018.50,2033.11,2047.64,2062.00,2076.52,2091.21,2106.10,2121.26,2136.80,2152.84,2169.58,2187.28,99999.00,99999.00,99999.00,99999.00,99999.00,99999.00,99999.00,99999.00,99999.00,99999.00,99999.00,99999.00,99999.00,99999.00,99999.00
99999.00,99999.00,99999.00,99999.00,99999.00,99999.00,99999.00,99999.00,99999.00,99999.00,99999.00,99999.00,99999.00,99999.00,99999.00,99999.00,99999.00,99999.00,99999.00,99999.00,99999.00,99999.00,99999.00,99999.00,99999.00,99999.00,99999.00,99999.00,99999.00,99999.00,1811.88,1800.68,1791.13,1783.11,1776.43,1770.75,1765.84,1761.48,1757.54,1753.87,1750.35,1748.21,1747.93,1749.60,1752.86,1756.20,1759.75,1763.63,1767.92,1772.76,1778.33,1784.82,1792.46,1801.15,1810.62,1820.87,1832.19,1844.70,1857.18,1870.29,1884.03,1898.07,1913.10,1928.12,1943.15,1958.18,1973.20,1988.23,2003.25,2018.28,2033.29,2048.18,2063.18,2078.26,2093.43,2108.72,2124.22,2140.04,2156.33,2173.27,2191.13,99999.00,99999.00,99999.00,99999.00,99999.00,99999.00,99999.00,99999.00,99999.00,99999.00,99999.00,99999.00,99999.00,99999.00,99999.00
99999.00,99999.00,99999.00,99999.00,99999.00,99999.00,99999.00,99999.00,99999.00,99999.00,99999.00,99999.00,99999.00,99999.00,99999.00,99999.00,99999.00,99999.00,99999.00,99999.00,99999.00,99999.00,99999.00,99999.00,99999.00,99999.00,99999.00,99999.00,99999.00,99999.00,1798.43,1787.35,1777.76,1769.79,1763.16,1757.54,1752.69,1748.41,1744.55,1740.96,1737.54,1735.46,1735.22,1736.90,1740.13,1743.47,1747.07,1751.01,1755.38,1760.36,1766.14,1772.94,1781.00,1790.12,1800.07,1811.13,1823.58,1836.69,1850.43,1864.47,1880.13,1895.78,1911.44,1927.10,1942.76,1958.42,1974.07,1989.73,2005.39,2021.05,2036.68,2052.44,2068.20,2083.34,2098.28,2113.43,2128.88,2144.74,2161.16,2178.29,2196.32,99999.00,99999.00,99999.00,99999.00,99999.00,99999.00,99999.00,99999.00,99999.00,99999.00,99999.00,99999.00,99999.00,99999.00,99999.00
99999.00,99999.00,99999.00,99999.00,99999.00,99999.00,99999.00,99999.00,99999.00,99999.00,99999.00,99999.00,99999.00,99999.00,99999.00,99999.00,99999.00,99999.00,99999.00,99999.00,99999.00,99999.00,99999.00,99999.00,99999.00,99999.00,99999.00,99999.00,99999.00,99999.00,1785.42,1774.30,1764.83,1756.77,1750.18,1744.62,1739.83,1735.62,1731.82,1728.31,1724.97,1722.96,1722.75,1724.42,1727.62,1730.97,1734.60,1738.56,1743.01,1748.12,1754.09,1761.18,1769.65,1779.09,1789.69,1801.73,1815.42,1829.46,1846.07,1862.69,1879.30,1895.91,1912.53,1929.14,1945.75,1962.37,1978.98,1995.57,2011.22,2026.88,2043.07,2058.74,2074.01,2089.26,2104.61,2119.53,2134.53,2150.08,2166.31,2183.45,2201.63,99999.00,99999.00,99999.00,99999.00,99999.00,99999.00,99999.00,99999.00,99999.00,99999.00,99999.00,99999.00,99999.00,99999.00,99999.00
99999.00,99999.00,99999.00,99999.00,99999.00,99999.00,99999.00,99999.00,99999.00,99999.00,99999.00,99999.00,99999.00,99999.00,99999.00,99999.00,99999.00,99999.00,99999.00,99999.00,99999.00,99999.00,99999.00,99999.00,99999.00,99999.00,99999.00,99999.00,99999.00,99999.00,1772.70,1761.66,1752.15,1744.03,1737.49,1731.97,1727.23,1723.08,1719.34,1715.90,1712.64,1710.68,1710.49,1712.14,1715.32,1718.67,1722.30,1726.26,1730.76,1735.97,1742.11,1749.43,1758.19,1768.05,1779.36,1792.40,99999.00,99999.00,99999.00,99999.00,99999.00,99999.00,99999.00,99999.00,99999.00,99999.00,99999.00,99999.00,99999.00,99999.00,99999.00,99999.00,2082.93,2097.45,2111.79,2126.46,2141.61,2156.76,2172.42,2189.15,2207.25,99999.00,99999.00,99999.00,99999.00,99999.00,99999.00,99999.00,99999.00,99999.00,99999.00,99999.00,99999.00,99999.00,99999.00,99999.00
99999.00,99999.00,99999.00,99999.00,99999.00,99999.00,99999.00,99999.00,99999.00,99999.00,99999.00,99999.00,99999.00,99999.00,99999.00,99999.00,99999.00,99999.00,99999.00,99999.00,99999.00,99999.00,99999.00,99999.00,99999.00,99999.00,99999.00,99999.00,99999.00,99999.00,1760.41,1749.28,1739.85,1731.67,1725.04,1719.56,1714.87,1710.77,1707.09,1703.71,1700.51,1698.60,1698.42,1700.05,1703.20,1706.55,1710.14,1714.11,1718.64,1723.92,1730.17,1737.69,1746.63,1756.89,1768.78,99999.00,99999.00,99999.00,99999.00,99999.00,99999.00,99999.00,99999.00,99999.00,99999.00,99999.00,99999.00,99999.00,99999.00,99999.00,99999.00,99999.00,99999.00,2108.68,2122.05,2135.58,2149.46,2164.18,2179.87,2187.15,2194.40,99999.00,99999.00,99999.00,99999.00,99999.00,99999.00,99999.00,99999.00,99999.00,99999.00,99999.00,99999.00,99999.00,99999.00,99999.00
99999.00,99999.00,99999.00,99999.00,99999.00,99999.00,99999.00,99999.00,99999.00,99999.00,99999.00,99999.00,99999.00,99999.00,99999.00,99999.00,99999.00,99999.00,99999.00,99999.00,99999.00,99999.00,99999.00,99999.00,99999.00,99999.00,99999.00,99999.00,99999.00,99999.00,1748.53,1737.30,1727.78,1719.52,1712.82,1707.38,1702.73,1698.67,1695.05,1691.73,1688.58,1686.72,1686.55,1688.14,1691.27,1694.58,1698.11,1702.07,1706.60,1711.91,1718.23,1725.87,1734.95,1745.37,99999.00,99999.00,99999.00,99999.00,99999.00,99999.00,99999.00,99999.00,99999.00,99999.00,99999.00,99999.00,99999.00,99999.00,99999.00,99999.00,99999.00,99999.00,99999.00,99999.00,2134.13,2146.63,2157.83,2160.38,2164.77,2170.25,2177.45,99999.00,99999.00,99999.00,99999.00,99999.00,99999.00,99999.00,99999.00,99999.00,99999.00,99999.00,99999.00,99999.00,99999.00,99999.00
99999.00,99999.00,99999.00,99999.00,99999.00,99999.00,99999.00,99999.00,99999.00,99999.00,99999.00,99999.00,99999.00,99999.00,99999.00,99999.00,99999.00,99999.00,99999.00,99999.00,99999.00,99999.00,99999.00,99999.00,99999.00,99999.00,99999.00,99999.00,99999.00,99999.00,1736.86,1725.71,1716.09,1707.74,1700.95,1695.42,1690.80,1686.79,1683.21,1679.94,1676.85,1675.03,1674.86,1676.42,1679.51,1682.74,1686.24,1690.17,1694.69,1700.00,1706.33,1714.02,1723.02,1733.48,99999.00,99999.00,99999.00,99999.00,99999.00,99999.00,99999.00,99999.00,99999.00,99999.00,99999.00,99999.00,99999.00,99999.00,99999.00,99999.00,99999.00,99999.00,99999.00,99999.00,2149.59,2143.87,2140.76,2143.35,2147.78,2153.23,2160.41,99999.00,99999.00,99999.00,99999.00,99999.00,99999.00,99999.00,99999.00,99999.00,99999.00,99999.00,99999.00,99999.00,99999.00,99999.00
99999.00,99999.00,99999.00,99999.00,99999.00,99999.00,99999.00,99999.00,99999.00,99999.00,99999.00,99999.00,99999.00,99999.00,99999.00,99999.00,99999.00,99999.00,99999.00,99999.00,99999.00,99999.00,99999.00,99999.00,99999.00,99999.00,99999.00,99999.00,99999.00,99999.00,1726.53,1714.32,1704.77,1696.33,1689.26,1683.66,1679.07,1675.10,1671.56,1668.34,1665.30,1663.52,1663.36,1664.87,1667.91,1671.06,1674.52,1678.41,1682.89,1688.17,1694.49,1702.11,1710.99,1721.42,99999.00,99999.00,99999.00,99999.00,99999.00,99999.00,99999.00,99999.00,99999.00,99999.00,99999.00,99999.00,99999.00,99999.00,99999.00,99999.00,99999.00,99999.00,99999.00,99999.00,2132.13,2126.31,2123.56,2126.24,2130.67,2136.12,2143.29,99999.00,99999.00,99999.00,99999.00,99999.00,99999.00,99999.00,99999.00,99999.00,99999.00,99999.00,99999.00,99999.00,99999.00,99999.00
99999.00,99999.00,99999.00,99999.00,99999.00,99999.00,99999.00,99999.00,99999.00,99999.00,99999.00,99999.00,99999.00,99999.00,99999.00,99999.00,99999.00,99999.00,99999.00,99999.00,99999.00,99999.00,99999.00,99999.00,99999.00,99999.00,99999.00,99999.00,99999.00,99999.00,1716.20,1703.99,1693.64,1685.27,1677.91,1672.22,1667.54,1663.60,1660.11,1656.93,1653.94,1652.20,1652.03,1653.51,1656.46,1659.57,1662.98,1666.83,1671.28,1676.53,1682.81,1690.31,1699.14,1709.55,99999.00,99999.00,99999.00,99999.00,99999.00,99999.00,99999.00,99999.00,99999.00,99999.00,99999.00,99999.00,99999.00,99999.00,99999.00,99999.00,99999.00,99999.00,99999.00,99999.00,2114.54,2108.72,2106.35,2109.11,2113.55,2118.99,2126.16,99999.00,99999.00,99999.00,99999.00,99999.00,99999.00,99999.00,99999.00,99999.00,99999.00,99999.00,99999.00,99999.00,99999.00,99999.00
99999.00,99999.00,99999.00,99999.00,99999.00,99999.00,99999.00,99999.00,99999.00,99999.00,99999.00,99999.00,99999.00,99999.00,99999.00,99999.00,99999.00,99999.00,99999.00,99999.00,99999.00,99999.00,99999.00,99999.00,99999.00,99999.00,99999.00,99999.00,99999.00,99999.00,1705.87,1693.66,1683.31,1674.38,1666.90,1660.93,1656.19,1652.28,1648.82,1645.69,1642.75,1641.05,1640.88,1642.32,1645.19,1648.24,1651.61,1655.43,1659.85,1665.07,1671.28,1678.70,1687.51,1697.79,99999.00,99999.00,99999.00,99999.00,99999.00,99999.00,99999.00,99999.00,99999.00,99999.00,99999.00,99999.00,99999.00,99999.00,99999.00,99999.00,99999.00,99999.00,99999.00,99999.00,2096.95,2091.13,2089.14,2091.98,2096.42,2101.86,2109.04,99999.00,99999.00,99999.00,99999.00,99999.00,99999.00,99999.00,99999.00,99999.00,99999.00,99999.00,99999.00,99999.00,99999.00,99999.00
99999.00,99999.00,99999.00,99999.00,99999.00,99999.00,99999.00,99999.00,99999.00,99999.00,99999.00,99999.00,99999.00,99999.00,99999.00,99999.00,99999.00,99999.00,99999.00,99999.00,99999.00,99999.00,99999.00,99999.00,99999.00,99999.00,99999.00,99999.00,99999.00,99999.00,1695.33,1683.33,1672.98,1664.05,1656.24,1649.97,1645.13,1641.13,1637.71,1634.61,1631.72,1630.06,1629.89,1631.28,1634.07,1637.09,1640.41,1644.19,1648.58,1653.78,1659.86,1667.30,1675.98,1686.13,99999.00,99999.00,99999.00,99999.00,99999.00,99999.00,99999.00,99999.00,99999.00,99999.00,99999.00,99999.00,99999.00,99999.00,99999.00,99999.00,99999.00,99999.00,99999.00,99999.00,2079.36,2073.54,2071.93,2074.86,2079.29,2084.74,2091.91,99999.00,99999.00,99999.00,99999.00,99999.00,99999.00,99999.00,99999.00,99999.00,99999.00,99999.00,99999.00,99999.00,99999.00,99999.00
99999.00,99999.00,99999.00,99999.00,99999.00,99999.00,99999.00,99999.00,99999.00,99999.00,99999.00,99999.00,99999.00,99999.00,99999.00,99999.00,99999.00,99999.00,99999.00,99999.00,99999.00,99999.00,99999.00,99999.00,99999.00,99999.00,99999.00,99999.00,99999.00,99999.00,1684.76,1672.79,1662.65,1653.72,1645.91,1639.32,1634.21,1630.14,1626.75,1623.69,1620.84,1619.22,1619.05,1620.40,1623.11,1626.08,1629.37,1633.12,1637.48,1642.60,1648.61,1655.98,1664.53,1674.74,99999.00,99999.00,99999.00,99999.00,99999.00,99999.00,99999.00,99999.00,99999.00,99999.00,99999.00,99999.00,99999.00,99999.00,99999.00,99999.00,99999.00,99999.00,99999.00,99999.00,2061.77,2055.95,2054.71,2057.73,2062.17,2067.61,2074.78,99999.00,99999.00,99999.00,99999.00,99999.00,99999.00,99999.00,99999.00,99999.00,99999.00,99999.00,99999.00,99999.00,99999.00,99999.00
99999.00,99999.00,99999.00,99999.00,99999.00,99999.00,99999.00,99999.00,99999.00,99999.00,99999.00,99999.00,99999.00,99999.00,99999.00,99999.00,99999.00,99999.00,99999.00,99999.00,99999.00,99999.00,99999.00,99999.00,99999.00,99999.00,99999.00,99999.00,99999.00,99999.00,1674.19,1662.22,1652.11,1643.39,1635.58,1628.99,1623.58,1619.42,1615.94,1612.91,1610.10,1608.52,1608.35,1609.66,1612.29,1615.22,1618.48,1622.19,1626.53,1631.52,1637.54,1644.73,1653.34,1663.43,99999.00,99999.00,99999.00,99999.00,99999.00,99999.00,99999.00,99999.00,99999.00,99999.00,99999.00,99999.00,99999.00,99999.00,99999.00,99999.00,99999.00,99999.00,99999.00,99999.00,2044.19,2038.36,2037.50,2040.60,2045.04,2050.48,2057.66,99999.00,99999.00,99999.00,99999.00,99999.00,99999.00,99999.00,99999.00,99999.00,99999.00,99999.00,99999.00,99999.00,99999.00,99999.00
99999.00,99999.00,99999.00,99999.00,99999.00,99999.00,99999.00,99999.00,99999.00,99999.00,99999.00,99999.00,99999.00,99999.00,99999.00,99999.00,99999.00,99999.00,99999.00,99999.00,99999.00,99999.00,99999.00,99999.00,99999.00,99999.00,99999.00,99999.00,99999.00,99999.00,1663.62,1651.65,1641.54,1632.85,1625.25,1618.66,1613.25,1608.81,1605.26,1602.27,1599.49,1597.95,1597.78,1599.06,1601.60,1604.50,1607.72,1611.41,1615.67,1620.58,1626.54,1633.73,1642.22,1652.20,99999.00,99999.00,99999.00,99999.00,99999.00,99999.00,99999.00,99999.00,99999.00,99999.00,99999.00,99999.00,99999.00,99999.00,99999.00,99999.00,99999.00,99999.00,99999.00,99999.00,2026.60,2020.78,2020.29,2023.47,2027.91,2033.36,2040.53,99999.00,99999.00,99999.00,99999.00,99999.00,99999.00,99999.00,99999.00,99999.00,99999.00,99999.00,99999.00,99999.00,99999.00,99999.00
99999.00,99999.00,99999.00,99999.00,99999.00,99999.00,99999.00,99999.00,99999.00,99999.00,99999.00,99999.00,99999.00,99999.00,99999.00,99999.00,99999.00,99999.00,99999.00,99999.00,99999.00,99999.00,99999.00,99999.00,99999.00,99999.00,99999.00,99999.00,99999.00,99999.00,1653.05,1641.08,1630.97,1622.28,1614.74,1608.33,1602.92,1598.48,1594.84,1591.75,1589.01,1587.51,1587.34,1588.58,1591.04,1593.90,1597.09,1600.75,1604.89,1609.81,1615.59,1622.79,1631.17,1641.20,99999.00,99999.00,99999.00,99999.00,99999.00,99999.00,99999.00,99999.00,99999.00,99999.00,99999.00,99999.00,99999.00,99999.00,99999.00,99999.00,99999.00,99999.00,99999.00,99999.00,2008.82,2003.19,2003.08,2006.35,2010.79,2016.23,2023.40,99999.00,99999.00,99999.00,99999.00,99999.00,99999.00,99999.00,99999.00,99999.00,99999.00,99999.00,99999.00,99999.00,99999.00,99999.00
99999.00,99999.00,99999.00,99999.00,99999.00,99999.00,99999.00,99999.00,99999.00,99999.00,99999.00,99999.00,99999.00,99999.00,99999.00,99999.00,99999.00,99999.00,99999.00,99999.00,99999.00,99999.00,99999.00,99999.00,99999.00,99999.00,99999.00,99999.00,99999.00,99999.00,1642.26,1630.51,1620.40,1611.71,1604.17,1598.00,1592.59,1588.15,1584.51,1581.36,1578.65,1577.19,1577.02,1578.22,1580.59,1583.42,1586.59,1590.18,1594.23,1599.09,1604.87,1611.90,1620.33,1630.22,99999.00,99999.00,99999.00,99999.00,99999.00,99999.00,99999.00,99999.00,99999.00,99999.00,99999.00,99999.00,99999.00,99999.00,99999.00,99999.00,99999.00,99999.00,99999.00,99999.00,1990.49,1985.60,1985.86,1989.22,1993.66,1999.10,2006.28,99999.00,99999.00,99999.00,99999.00,99999.00,99999.00,99999.00,99999.00,99999.00,99999.00,99999.00,99999.00,99999.00,99999.00,99999.00
99999.00,99999.00,99999.00,99999.00,99999.00,99999.00,99999.00,99999.00,99999.00,99999.00,99999.00,99999.00,99999.00,99999.00,99999.00,99999.00,99999.00,99999.00,99999.00,99999.00,99999.00,99999.00,99999.00,99999.00,99999.00,99999.00,99999.00,99999.00,99999.00,99999.00,1631.39,1619.72,1609.83,1601.14,1593.60,1587.49,1582.26,1577.82,1574.18,1571.20,1568.40,1566.98,1566.81,1567.97,1570.26,1573.06,1576.20,1579.66,1583.73,1588.41,1594.19,1601.23,1609.51,1619.45,99999.00,99999.00,99999.00,99999.00,99999.00,99999.00,99999.00,99999.00,99999.00,99999.00,99999.00,99999.00,99999.00,99999.00,99999.00,99999.00,99999.00,99999.00,99999.00,99999.00,1972.15,1968.01,1968.65,1972.09,1976.53,1981.98,1990.98,99999.00,99999.00,99999.00,99999.00,99999.00,99999.00,99999.00,99999.00,99999.00,99999.00,99999.00,99999.00,99999.00,99999.00,99999.00
99999.00,99999.00,99999.00,99999.00,99999.00,99999.00,99999.00,99999.00,99999.00,99999.00,99999.00,99999.00,99999.00,99999.00,99999.00,99999.00,99999.00,99999.00,99999.00,99999.00,99999.00,99999.00,99999.00,99999.00,99999.00,99999.00,99999.00,99999.00,99999.00,99999.00,1620.53,1608.85,1599.04,1590.57,1583.03,1576.92,1571.93,1567.49,1563.85,1560.87,1558.26,1556.88,1556.71,1557.83,1560.04,1562.81,1565.88,1569.26,1573.26,1577.94,1583.56,1590.57,1598.90,1608.87,99999.00,99999.00,99999.00,99999.00,99999.00,99999.00,99999.00,99999.00,99999.00,99999.00,99999.00,99999.00,99999.00,99999.00,99999.00,99999.00,99999.00,99999.00,99999.00,99999.00,1953.81,1950.42,1951.44,1954.97,1959.41,1964.85,1975.76,99999.00,99999.00,99999.00,99999.00,99999.00,99999.00,99999.00,99999.00,99999.00,99999.00,99999.00,99999.00,99999.00,99999.00,99999.00
99999.00,99999.00,99999.00,99999.00,99999.00,99999.00,99999.00,99999.00,99999.00,99999.00,99999.00,99999.00,99999.00,99999.00,99999.00,99999.00,99999.00,99999.00,99999.00,99999.00,99999.00,99999.00,99999.00,99999.00,99999.00,99999.00,99999.00,99999.00,99999.00,99999.00,1609.67,1597.98,1588.17,1579.78,1572.46,1566.35,1561.42,1557.16,1553.52,1550.54,1548.12,1546.89,1546.72,1547.79,1549.92,1552.66,1555.60,1559.00,1562.82,1567.50,1573.13,1580.09,1588.46,1598.41,99999.00,99999.00,99999.00,99999.00,99999.00,99999.00,99999.00,99999.00,99999.00,99999.00,99999.00,99999.00,99999.00,99999.00,99999.00,99999.00,99999.00,99999.00,99999.00,99999.00,1935.48,1932.83,1934.23,1937.84,1942.28,1949.56,1961.17,99999.00,99999.00,99999.00,99999.00,99999.00,99999.00,99999.00,99999.00,99999.00,99999.00,99999.00,99999.00,99999.00,99999.00,99999.00
99999.00,99999.00,99999.00,99999.00,99999.00,99999.00,99999.00,99999.00,99999.00,99999.00,99999.00,99999.00,99999.00,99999.00,99999.00,99999.00,99999.00,99999.00,99999.00,99999.00,99999.00,99999.00,99999.00,99999.00,99999.00,99999.00,99999.00,99999.00,99999.00,99999.00,1598.81,1587.12,1577.30,1568.91,1561.89,1555.78,1550.85,1546.83,1543.19,1540.21,1537.98,1536.89,1536.82,1537.85,1539.90,1542.57,1545.43,1548.76,1552.58,1557.11,1562.69,1569.80,1578.13,1588.48,99999.00,99999.00,99999.00,99999.00,99999.00,99999.00,99999.00,99999.00,99999.00,99999.00,99999.00,99999.00,99999.00,99999.00,99999.00,99999.00,99999.00,99999.00,99999.00,99999.00,1917.14,1915.24,1917.01,1920.71,1925.15,1934.97,1946.83,99999.00,99999.00,99999.00,99999.00,99999.00,99999.00,99999.00,99999.00,99999.00,99999.00,99999.00,99999.00,99999.00,99999.00,99999.00
99999.00,99999.00,99999.00,99999.00,99999.00,99999.00,99999.00,99999.00,99999.00,99999.00,99999.00,99999.00,99999.00,99999.00,99999.00,99999.00,99999.00,99999.00,99999.00,99999.00,99999.00,99999.00,99999.00,99999.00,99999.00,99999.00,99999.00,99999.00,99999.00,99999.00,1587.74,1576.27,1566.44,1558.05,1551.10,1545.21,1540.28,1536.32,1532.86,1529.88,1527.84,1526.89,1526.92,1528.00,1529.97,1532.51,1535.39,1538.54,1542.36,1546.89,1552.44,1559.60,1568.21,1578.56,99999.00,99999.00,99999.00,99999.00,99999.00,99999.00,99999.00,99999.00,99999.00,99999.00,99999.00,99999.00,99999.00,99999.00,99999.00,99999.00,99999.00,99999.00,99999.00,99999.00,1898.81,1897.66,1899.80,1903.59,1909.86,1920.63,1932.54,99999.00,99999.00,99999.00,99999.00,99999.00,99999.00,99999.00,99999.00,99999.00,99999.00,99999.00,99999.00,99999.00,99999.00,99999.00
99999.00,99999.00,99999.00,99999.00,99999.00,99999.00,99999.00,99999.00,99999.00,99999.00,99999.00,99999.00,99999.00,99999.00,99999.00,99999.00,99999.00,99999.00,99999.00,99999.00,99999.00,99999.00,99999.00,99999.00,99999.00,99999.00,99999.00,99999.00,99999.00,99999.00,1576.53,1565.20,1555.59,1547.19,1540.23,1534.64,1529.71,1525.75,1522.53,1519.55,1517.70,1516.89,1517.02,1518.15,1520.13,1522.54,1525.35,1528.50,1532.17,1536.66,1542.37,1549.68,1558.28,1568.65,99999.00,99999.00,99999.00,99999.00,99999.00,99999.00,99999.00,99999.00,99999.00,99999.00,99999.00,99999.00,99999.00,99999.00,99999.00,99999.00,99999.00,99999.00,99999.00,99999.00,1880.47,1880.07,1882.59,1886.46,1895.52,1906.34,1918.32,99999.00,99999.00,99999.00,99999.00,99999.00,99999.00,99999.00,99999.00,99999.00,99999.00,99999.00,99999.00,99999.00,99999.00,99999.00
99999.00,99999.00,99999.00,99999.00,99999.00,99999.00,99999.00,99999.00,99999.00,99999.00,99999.00,99999.00,99999.00,99999.00,99999.00,99999.00,99999.00,99999.00,99999.00,99999.00,99999.00,99999.00,99999.00,99999.00,99999.00,99999.00,99999.00,99999.00,99999.00,99999.00,1565.32,1553.99,1544.52,1536.33,1529.37,1523.85,1519.14,1515.18,1512.02,1509.22,1507.56,1506.90,1507.12,1508.31,1510.29,1512.70,1515.33,1518.48,1522.16,1526.61,1532.45,1539.75,1548.38,1558.91,99999.00,99999.00,99999.00,99999.00,99999.00,99999.00,99999.00,99999.00,99999.00,99999.00,99999.00,99999.00,99999.00,99999.00,99999.00,99999.00,99999.00,99999.00,99999.00,99999.00,1862.14,1862.48,1865.38,1871.17,1881.24,1892.12,1904.33,99999.00,99999.00,99999.00,99999.00,99999.00,99999.00,99999.00,99999.00,99999.00,99999.00,99999.00,99999.00,99999.00,99999.00,99999.00
99999.00,99999.00,99999.00,99999.00,99999.00,99999.00,99999.00,99999.00,99999.00,99999.00,99999.00,99999.00,99999.00,99999.00,99999.00,99999.00,99999.00,99999.00,99999.00,99999.00,99999.00,99999.00,99999.00,99999.00,99999.00,99999.00,99999.00,99999.00,99999.00,99999.00,1554.11,1542.77,1533.31,1525.29,1518.51,1512.98,1508.57,1504.61,1501.45,1498.89,1497.42,1496.90,1497.22,1498.46,1500.45,1502.86,1505.49,1508.48,1512.12,1516.73,1522.52,1529.85,1538.64,1549.32,99999.00,99999.00,99999.00,99999.00,99999.00,99999.00,99999.00,99999.00,99999.00,99999.00,99999.00,99999.00,99999.00,99999.00,99999.00,99999.00,99999.00,99999.00,99999.00,99999.00,1843.80,1844.89,1848.16,1856.83,1867.02,1878.13,1890.41,99999.00,99999.00,99999.00,99999.00,99999.00,99999.00,99999.00,99999.00,99999.00,99999.00,99999.00,99999.00,99999.00,99999.00,99999.00
99999.00,99999.00,99999.00,99999.00,99999.00,99999.00,99999.00,99999.00,99999.00,99999.00,99999.00,99999.00,99999.00,99999.00,99999.00,99999.00,99999.00,99999.00,99999.00,99999.00,99999.00,99999.00,99999.00,99999.00,99999.00,99999.00,99999.00,99999.00,99999.00,99999.00,1542.59,1531.57,1522.10,1514.07,1507.65,1502.12,1497.78,1494.04,1490.88,1488.56,1487.28,1486.90,1487.32,1488.61,1490.61,1493.02,1495.65,1498.65,1502.25,1506.81,1512.61,1520.10,1529.05,1539.88,99999.00,99999.00,99999.00,99999.00,99999.00,99999.00,99999.00,99999.00,99999.00,99999.00,99999.00,99999.00,99999.00,99999.00,99999.00,99999.00,99999.00,99999.00,99999.00,99999.00,1825.46,1827.30,1832.87,1842.55,1853.02,1864.21,1877.75,99999.00,99999.00,99999.00,99999.00,99999.00,99999.00,99999.00,99999.00,99999.00,99999.00,99999.00,99999.00,99999.00,99999.00,99999.00
99999.00,99999.00,99999.00,99999.00,99999.00,99999.00,99999.00,99999.00,99999.00,99999.00,99999.00,99999.00,99999.00,99999.00,99999.00,99999.00,99999.00,99999.00,99999.00,99999.00,99999.00,99999.00,99999.00,99999.00,99999.00,99999.00,99999.00,99999.00,99999.00,99999.00,1530.95,1520.04,1510.89,1502.86,1496.61,1491.26,1486.91,1483.47,1480.31,1478.23,1477.14,1476.90,1477.42,1478.77,1480.77,1483.18,1485.83,1488.79,1492.37,1496.88,1502.87,1510.51,1519.61,1530.38,99999.00,99999.00,99999.00,99999.00,99999.00,99999.00,99999.00,99999.00,99999.00,99999.00,99999.00,99999.00,99999.00,99999.00,99999.00,99999.00,99999.00,99999.00,99999.00,99999.00,1807.09,1809.68,1818.54,1828.53,1839.10,1851.55,1866.07,99999.00,99999.00,99999.00,99999.00,99999.00,99999.00,99999.00,99999.00,99999.00,99999.00,99999.00,99999.00,99999.00,99999.00,99999.00
99999.00,99999.00,99999.00,99999.00,99999.00,99999.00,99999.00,99999.00,99999.00,99999.00,99999.00,99999.00,99999.00,99999.00,99999.00,99999.00,99999.00,99999.00,99999.00,99999.00,99999.00,99999.00,99999.00,99999.00,99999.00,99999.00,99999.00,99999.00,99999.00,99999.00,1519.31,1508.40,1499.37,1491.64,1485.39,1480.40,1476.04,1472.67,1469.74,1467.90,1467.00,1466.91,1467.52,1468.92,1470.93,1473.35,1476.00,1478.92,1482.44,1486.97,1493.28,1501.08,1510.11,1520.89,99999.00,99999.00,99999.00,99999.00,99999.00,99999.00,99999.00,99999.00,99999.00,99999.00,99999.00,99999.00,99999.00,99999.00,99999.00,99999.00,99999.00,99999.00,99999.00,99999.00,1788.62,1794.31,1804.19,1814.49,1826.33,1839.77,1855.37,99999.00,99999.00,99999.00,99999.00,99999.00,99999.00,99999.00,99999.00,99999.00,99999.00,99999.00,99999.00,99999.00,99999.00,99999.00
99999.00,99999.00,99999.00,99999.00,99999.00,99999.00,99999.00,99999.00,99999.00,99999.00,99999.00,99999.00,99999.00,99999.00,99999.00,99999.00,99999.00,99999.00,99999.00,99999.00,99999.00,99999.00,99999.00,99999.00,99999.00,99999.00,99999.00,99999.00,99999.00,99999.00,1507.48,1496.76,1487.72,1480.44,1474.18,1469.36,1465.18,1461.81,1459.17,1457.57,1456.86,1456.91,1457.62,1459.07,1461.09,1463.52,1466.14,1469.04,1472.52,1477.23,1483.84,1491.57,1500.61,1511.42,99999.00,99999.00,99999.00,99999.00,99999.00,99999.00,99999.00,99999.00,99999.00,99999.00,99999.00,99999.00,99999.00,99999.00,99999.00,99999.00,99999.00,99999.00,99999.00,99999.00,1770.06,1779.78,1789.99,1801.59,1814.43,1828.96,1845.25,99999.00,99999.00,99999.00,99999.00,99999.00,99999.00,99999.00,99999.00,99999.00,99999.00,99999.00,99999.00,99999.00,99999.00,99999.00
99999.00,99999.00,99999.00,99999.00,99999.00,99999.00,99999.00,99999.00,99999.00,99999.00,99999.00,99999.00,99999.00,99999.00,99999.00,99999.00,99999.00,99999.00,99999.00,99999.00,99999.00,99999.00,99999.00,99999.00,99999.00,99999.00,99999.00,99999.00,99999.00,99999.00,1495.32,1484.94,1476.08,1468.91,1462.96,1458.14,1454.33,1450.94,1448.60,1447.24,1446.72,1446.91,1447.72,1449.23,1451.25,1453.69,1456.26,1459.12,1462.61,1467.64,1474.36,1482.08,1491.12,1501.34,99999.00,99999.00,99999.00,99999.00,99999.00,99999.00,99999.00,99999.00,99999.00,99999.00,99999.00,99999.00,99999.00,99999.00,99999.00,99999.00,99999.00,99999.00,99999.00,99999.00,1754.49,1765.23,1776.97,1789.57,1803.49,1818.72,1835.27,99999.00,99999.00,99999.00,99999.00,99999.00,99999.00,99999.00,99999.00,99999.00,99999.00,99999.00,99999.00,99999.00,99999.00,99999.00
99999.00,99999.00,99999.00,99999.00,99999.00,99999.00,99999.00,99999.00,99999.00,99999.00,99999.00,99999.00,99999.00,99999.00,99999.00,99999.00,99999.00,99999.00,99999.00,99999.00,99999.00,99999.00,99999.00,99999.00,99999.00,99999.00,99999.00,99999.00,99999.00,99999.00,1483.16,1472.78,1464.41,1457.27,1451.76,1446.93,1443.29,1440.08,1438.04,1436.92,1436.59,1436.93,1437.84,1439.40,1441.43,1443.84,1446.40,1449.20,1452.89,1458.27,1464.97,1472.74,1481.35,1490.93,1501.58,99999.00,99999.00,99999.00,99999.00,99999.00,99999.00,99999.00,99999.00,99999.00,99999.00,99999.00,99999.00,99999.00,99999.00,99999.00,99999.00,99999.00,99999.00,1728.44,1740.06,1752.24,1764.92,1778.58,1793.18,1808.65,1825.25,99999.00,99999.00,99999.00,99999.00,99999.00,99999.00,99999.00,99999.00,99999.00,99999.00,99999.00,99999.00,99999.00,99999.00,99999.00
99999.00,99999.00,99999.00,99999.00,99999.00,99999.00,99999.00,99999.00,99999.00,99999.00,99999.00,99999.00,99999.00,99999.00,99999.00,99999.00,99999.00,99999.00,99999.00,99999.00,99999.00,99999.00,99999.00,99999.00,99999.00,99999.00,99999.00,99999.00,99999.00,99999.00,1470.96,1460.63,1452.25,1445.64,1440.25,1435.73,1432.08,1429.24,1427.49,1426.62,1426.48,1426.97,1427.98,1429.61,1431.66,1434.03,1436.56,1439.41,1443.44,1449.00,1455.83,1463.32,1471.53,1480.51,1490.35,1501.01,99999.00,99999.00,99999.00,99999.00,99999.00,99999.00,99999.00,99999.00,99999.00,99999.00,99999.00,99999.00,99999.00,99999.00,99999.00,99999.00,1701.94,1714.56,1727.38,1740.36,1754.01,1768.29,1783.10,1798.92,1816.54,99999.00,99999.00,99999.00,99999.00,99999.00,99999.00,99999.00,99999.00,99999.00,99999.00,99999.00,99999.00,99999.00,99999.00,99999.00
99999.00,99999.00,99999.00,99999.00,99999.00,99999.00,99999.00,99999.00,99999.00,99999.00,99999.00,99999.00,99999.00,99999.00,99999.00,99999.00,99999.00,99999.00,99999.00,99999.00,99999.00,99999.00,99999.00,99999.00,99999.00,99999.00,99999.00,99999.00,99999.00,99999.00,1458.17,1448.44,1440.11,1433.99,1428.62,1424.55,1420.90,1418.42,1416.97,1416.35,1416.41,1417.05,1418.17,1419.86,1421.94,1424.30,1426.81,1429.89,1434.25,1440.07,1446.72,1453.97,1461.84,1470.42,1479.73,1489.55,1499.73,1510.06,1520.18,1530.40,1540.93,1551.80,1563.17,1574.66,1586.38,1598.31,1610.49,1622.93,1635.66,1648.80,1662.34,1675.81,1689.17,1702.57,1715.92,1729.71,1743.87,1758.56,1774.39,1791.39,1809.97,99999.00,99999.00,99999.00,99999.00,99999.00,99999.00,99999.00,99999.00,99999.00,99999.00,99999.00,99999.00,99999.00,99999.00,99999.00
99999.00,99999.00,99999.00,99999.00,99999.00,99999.00,99999.00,99999.00,99999.00,99999.00,99999.00,99999.00,99999.00,99999.00,99999.00,99999.00,99999.00,99999.00,99999.00,99999.00,99999.00,99999.00,99999.00,99999.00,99999.00,99999.00,99999.00,99999.00,99999.00,99999.00,1445.41,1435.67,1427.99,1421.86,1417.02,1413.07,1409.73,1407.62,1406.48,1406.11,1406.37,1407.17,1408.41,1410.18,1412.29,1414.65,1417.23,1420.60,1425.19,1431.22,1437.74,1444.80,1452.49,1460.85,1469.73,1479.05,1488.74,1498.58,1508.57,1518.87,1529.50,1540.62,1551.86,1563.32,1574.99,1586.89,1599.02,1611.43,1624.21,1637.42,1650.87,1664.47,1678.18,1691.80,1705.93,1720.27,1735.35,1751.13,1767.85,1785.52,1804.33,99999.00,99999.00,99999.00,99999.00,99999.00,99999.00,99999.00,99999.00,99999.00,99999.00,99999.00,99999.00,99999.00,99999.00,99999.00
99999.00,99999.00,99999.00,99999.00,99999.00,99999.00,99999.00,99999.00,99999.00,99999.00,99999.00,99999.00,99999.00,99999.00,99999.00,99999.00,99999.00,99999.00,99999.00,99999.00,99999.00,99999.00,99999.00,99999.00,99999.00,99999.00,99999.00,99999.00,99999.00,99999.00,1432.72,1422.93,1415.83,1409.75,1405.41,1401.49,1398.60,1396.86,1396.03,1395.91,1396.38,1397.35,1398.71,1400.57,1402.73,1405.09,1407.85,1411.61,1416.55,1422.52,1428.96,1435.97,1443.61,1451.77,1460.40,1469.46,1478.82,1488.55,1498.61,1509.00,1519.88,1530.88,1542.08,1553.49,1565.12,1576.98,1589.08,1601.53,1614.38,1627.48,1640.90,1654.61,1668.81,1683.08,1697.91,1713.17,1729.03,1745.39,1762.47,1780.35,1799.13,99999.00,99999.00,99999.00,99999.00,99999.00,99999.00,99999.00,99999.00,99999.00,99999.00,99999.00,99999.00,99999.00,99999.00,99999.00
99999.00,99999.00,99999.00,99999.00,99999.00,99999.00,99999.00,99999.00,99999.00,99999.00,99999.00,99999.00,99999.00,99999.00,99999.00,99999.00,99999.00,99999.00,99999.00,99999.00,99999.00,99999.00,99999.00,99999.00,99999.00,99999.00,99999.00,99999.00,99999.00,99999.00,1419.45,1410.27,1403.10,1397.67,1393.33,1389.94,1387.50,1386.14,1385.62,1385.76,1386.45,1387.59,1389.09,1391.04,1393.24,1395.64,1398.74,1402.80,1408.07,1414.02,1420.50,1427.58,1435.15,1443.21,1451.74,1460.61,1469.94,1479.73,1489.89,1500.53,1511.27,1522.23,1533.38,1544.75,1556.33,1568.15,1580.30,1592.84,1605.67,1618.98,1632.92,1647.02,1661.66,1676.64,1692.07,1707.77,1723.87,1740.52,1757.73,1775.60,1794.38,99999.00,99999.00,99999.00,99999.00,99999.00,99999.00,99999.00,99999.00,99999.00,99999.00,99999.00,99999.00,99999.00,99999.00,99999.00
99999.00,99999.00,99999.00,99999.00,99999.00,99999.00,99999.00,99999.00,99999.00,99999.00,99999.00,99999.00,99999.00,99999.00,99999.00,99999.00,99999.00,99999.00,99999.00,99999.00,99999.00,99999.00,99999.00,99999.00,99999.00,99999.00,99999.00,99999.00,99999.00,99999.00,1405.91,1397.41,1390.41,1385.57,1381.28,1378.43,1376.44,1375.46,1375.26,1375.67,1376.58,1377.90,1379.54,1381.59,1383.81,1386.42,1389.96,1394.43,1399.80,1405.84,1412.46,1419.55,1427.11,1435.16,1443.59,1452.50,1461.93,1471.82,1482.21,1492.71,1503.41,1514.31,1525.41,1536.73,1548.44,1560.49,1572.81,1585.55,1598.90,1612.51,1626.76,1641.39,1656.45,1671.71,1687.24,1703.11,1719.41,1736.11,1753.33,1771.23,1790.07,99999.00,99999.00,99999.00,99999.00,99999.00,99999.00,99999.00,99999.00,99999.00,99999.00,99999.00,99999.00,99999.00,99999.00,99999.00
99999.00,99999.00,99999.00,99999.00,99999.00,99999.00,99999.00,99999.00,99999.00,99999.00,99999.00,99999.00,99999.00,99999.00,99999.00,99999.00,99999.00,99999.00,99999.00,99999.00,99999.00,99999.00,99999.00,99999.00,99999.00,99999.00,99999.00,99999.00,99999.00,99999.00,1392.27,1384.02,1377.80,1372.90,1369.27,1366.96,1365.43,1364.83,1364.95,1365.64,1366.78,1368.29,1370.08,1372.18,1374.49,1377.49,1381.37,1386.23,1391.81,1398.00,1404.66,1411.78,1419.39,1427.41,1435.95,1445.01,1454.56,1464.68,1474.92,1485.37,1496.06,1506.96,1518.24,1529.86,1541.74,1554.00,1566.83,1579.88,1593.53,1607.62,1622.19,1636.98,1652.02,1667.33,1682.94,1698.87,1715.15,1731.85,1749.10,1767.05,1785.97,99999.00,99999.00,99999.00,99999.00,99999.00,99999.00,99999.00,99999.00,99999.00,99999.00,99999.00,99999.00,99999.00,99999.00,99999.00
99999.00,99999.00,99999.00,99999.00,99999.00,99999.00,99999.00,99999.00,99999.00,99999.00,99999.00,99999.00,99999.00,99999.00,99999.00,99999.00,99999.00,99999.00,99999.00,99999.00,99999.00,99999.00,99999.00,99999.00,99999.00,99999.00,99999.00,99999.00,99999.00,99999.00,1377.99,1370.52,1365.00,1360.27,1357.30,1355.54,1354.46,1354.25,1354.71,1355.67,1357.05,1358.76,1360.65,1362.82,1365.42,1368.88,1373.22,1378.24,1384.06,1390.33,1397.05,1404.27,1411.91,1420.08,1428.81,1438.02,1447.81,1457.83,1468.10,1478.58,1489.43,1500.63,1512.07,1523.90,1536.29,1548.86,1561.99,1575.52,1589.48,1603.70,1618.19,1632.94,1647.96,1663.26,1678.85,1694.76,1711.05,1727.79,1745.09,1763.12,1782.13,99999.00,99999.00,99999.00,99999.00,99999.00,99999.00,99999.00,99999.00,99999.00,99999.00,99999.00,99999.00,99999.00,99999.00,99999.00
99999.00,99999.00,99999.00,99999.00,99999.00,99999.00,99999.00,99999.00,99999.00,99999.00,99999.00,99999.00,99999.00,99999.00,99999.00,99999.00,99999.00,99999.00,99999.00,99999.00,99999.00,99999.00,99999.00,99999.00,99999.00,99999.00,99999.00,99999.00,99999.00,1371.51,1363.38,1357.04,1351.73,1347.77,1345.43,1344.21,1343.59,1343.76,1344.55,1345.79,1347.41,1349.29,1351.28,1353.64,1356.64,1360.44,1365.14,1370.53,1376.46,1382.83,1389.68,1396.95,1404.77,1413.17,1422.07,1431.57,1441.39,1451.42,1461.84,1472.60,1483.60,1494.99,1506.94,1519.07,1531.75,1544.81,1558.26,1571.93,1585.84,1600.00,1614.43,1629.14,1644.12,1659.40,1675.00,1690.94,1707.28,1724.09,1741.49,1759.62,1778.74,99999.00,99999.00,99999.00,99999.00,99999.00,99999.00,99999.00,99999.00,99999.00,99999.00,99999.00,99999.00,99999.00,99999.00,99999.00
99999.00,99999.00,99999.00,99999.00,99999.00,99999.00,99999.00,99999.00,99999.00,99999.00,99999.00,99999.00,99999.00,99999.00,99999.00,99999.00,99999.00,99999.00,99999.00,99999.00,99999.00,99999.00,99999.00,99999.00,99999.00,99999.00,99999.00,99999.00,1363.49,1355.93,1349.08,1343.48,1338.72,1335.48,1333.74,1333.03,1332.84,1333.39,1334.50,1336.03,1337.87,1339.88,1342.02,1344.67,1348.08,1352.32,1357.20,1362.92,1368.96,1375.47,1382.40,1389.88,1397.94,1406.52,1415.82,1425.33,1435.29,1445.60,1456.17,1467.13,1478.63,1490.30,1502.54,1515.15,1528.16,1541.44,1554.91,1568.60,1582.53,1596.70,1611.15,1625.88,1640.89,1656.22,1671.88,1687.91,1704.35,1721.27,1738.79,1757.05,1776.31,99999.00,99999.00,99999.00,99999.00,99999.00,99999.00,99999.00,99999.00,99999.00,99999.00,99999.00,99999.00,99999.00,99999.00,99999.00
99999.00,99999.00,99999.00,99999.00,99999.00,99999.00,99999.00,99999.00,99999.00,99999.00,99999.00,99999.00,99999.00,99999.00,99999.00,1456.21,1442.40,1430.09,1418.86,1408.70,1399.72,1391.73,1384.62,1378.11,1371.95,1366.00,1360.20,1354.00,1347.44,1340.97,1335.26,1330.07,1326.05,1323.44,1322.25,1322.02,1322.25,1323.16,1324.58,1326.37,1328.37,1330.46,1332.85,1335.84,1339.58,1344.18,1349.48,1355.32,1361.52,1368.12,1375.27,1383.00,1391.26,1400.25,1409.66,1419.43,1429.52,1440.01,1451.05,1462.28,1474.08,1486.27,1498.87,1511.95,1525.21,1538.65,1552.26,1566.05,1580.06,1594.32,1608.86,1623.67,1638.79,1654.23,1670.01,1686.18,1702.76,1719.84,1737.52,1755.95,1775.37,99999.00,99999.00,99999.00,99999.00,99999.00,99999.00,99999.00,99999.00,99999.00,99999.00,99999.00,99999.00,99999.00,99999.00,99999.00
99999.00,99999.00,99999.00,99999.00,99999.00,99999.00,99999.00,99999.00,99999.00,99999.00,99999.00,99999.00,99999.00,99999.00,99999.00,1437.30,1423.70,1411.60,1400.65,1390.64,1381.75,1373.94,1366.92,1360.58,1354.76,1349.11,1343.62,1338.05,1332.40,1326.76,1321.68,1317.15,1313.75,1311.71,1311.02,1311.23,1311.82,1313.05,1314.75,1316.74,1318.83,1321.03,1323.71,1327.10,1331.28,1336.07,1341.77,1347.78,1354.07,1360.89,1368.30,1376.23,1384.89,1394.20,1403.70,1413.64,1424.16,1434.89,1446.21,1457.92,1470.07,1482.86,1495.96,1509.27,1522.77,1536.45,1550.30,1564.32,1578.55,1592.98,1607.67,1622.65,1637.93,1653.54,1669.51,1685.87,1702.65,1719.93,1737.81,1756.44,1776.06,99999.00,99999.00,99999.00,99999.00,99999.00,99999.00,99999.00,99999.00,99999.00,99999.00,99999.00,99999.00,99999.00,99999.00,99999.00
99999.00,99999.00,99999.00,99999.00,99999.00,99999.00,99999.00,99999.00,99999.00,99999.00,99999.00,99999.00,99999.00,99999.00,99999.00,1419.97,1406.53,1394.64,1383.90,1374.05,1365.36,1357.63,1350.73,1344.57,1338.92,1333.54,1328.38,1323.22,1318.16,1313.25,1308.60,1304.71,1301.86,1300.30,1300.04,1300.61,1301.53,1303.04,1304.98,1307.08,1309.24,1311.70,1314.71,1318.43,1322.97,1328.17,1334.10,1340.20,1346.70,1353.79,1361.40,1369.73,1378.71,1388.15,1398.04,1408.18,1418.95,1430.14,1441.76,1454.05,1466.81,1479.97,1493.36,1506.97,1520.78,1534.78,1548.93,1563.27,1577.80,1592.54,1607.51,1622.73,1638.25,1654.10,1670.32,1686.93,1703.97,1721.50,1739.63,1758.49,1778.34,99999.00,99999.00,99999.00,99999.00,99999.00,99999.00,99999.00,99999.00,99999.00,99999.00,99999.00,99999.00,99999.00,99999.00,99999.00
99999.00,99999.00,99999.00,99999.00,99999.00,99999.00,99999.00,99999.00,99999.00,99999.00,99999.00,99999.00,99999.00,99999.00,99999.00,1403.86,1390.53,1378.80,1368.27,1358.63,1350.06,1342.42,1335.70,1329.63,1324.13,1319.06,1314.10,1309.28,1304.69,1300.28,1296.05,1292.70,1290.35,1289.17,1289.26,1290.15,1291.37,1293.12,1295.22,1297.41,1299.69,1302.41,1305.81,1309.95,1314.66,1320.37,1326.38,1332.69,1339.45,1346.73,1354.73,1363.37,1372.74,1382.33,1392.43,1402.99,1414.02,1425.73,1437.93,1450.68,1463.91,1477.41,1491.17,1505.16,1519.36,1533.75,1548.30,1563.03,1577.94,1593.07,1608.42,1624.02,1639.88,1656.05,1672.60,1689.53,1706.89,1724.73,1743.15,1762.29,1782.40,99999.00,99999.00,99999.00,99999.00,99999.00,99999.00,99999.00,99999.00,99999.00,99999.00,99999.00,99999.00,99999.00,99999.00,99999.00
99999.00,99999.00,99999.00,99999.00,99999.00,99999.00,99999.00,99999.00,99999.00,99999.00,99999.00,99999.00,99999.00,99999.00,99999.00,1388.62,1375.47,1363.85,1353.47,1344.05,1335.57,1328.13,1321.48,1315.53,1310.22,1305.32,1300.62,1296.11,1291.79,1287.76,1283.99,1281.05,1279.11,1278.30,1278.70,1279.87,1281.33,1283.26,1285.47,1287.71,1290.24,1293.27,1296.96,1301.45,1306.57,1312.50,1318.71,1325.27,1332.22,1339.88,1348.18,1357.19,1366.74,1376.66,1386.99,1398.03,1409.58,1421.70,1434.53,1447.83,1461.45,1475.36,1489.55,1504.01,1518.69,1533.57,1548.60,1563.81,1579.20,1594.80,1610.63,1626.69,1643.03,1659.66,1676.61,1693.95,1711.70,1729.91,1748.68,1768.15,1788.56,99999.00,99999.00,99999.00,99999.00,99999.00,99999.00,99999.00,99999.00,99999.00,99999.00,99999.00,99999.00,99999.00,99999.00,99999.00
99999.00,99999.00,99999.00,99999.00,99999.00,99999.00,99999.00,99999.00,99999.00,99999.00,99999.00,99999.00,99999.00,99999.00,99999.00,1374.07,1361.08,1349.65,1339.38,1330.11,1321.80,1314.48,1307.93,1302.16,1296.93,1292.19,1287.80,1283.48,1279.42,1275.71,1272.29,1269.71,1268.13,1267.66,1268.33,1269.75,1271.37,1273.45,1275.72,1278.08,1280.83,1284.22,1288.31,1292.95,1298.55,1304.67,1311.12,1317.85,1325.17,1333.11,1341.76,1351.10,1360.83,1371.15,1381.95,1393.35,1405.47,1418.21,1431.58,1445.29,1459.35,1473.75,1488.47,1503.48,1518.74,1534.21,1549.84,1565.64,1581.62,1597.79,1614.19,1630.84,1647.74,1664.94,1682.22,1699.58,1717.36,1735.67,1754.58,1774.29,1795.04,99999.00,99999.00,99999.00,99999.00,99999.00,99999.00,99999.00,99999.00,99999.00,99999.00,99999.00,99999.00,99999.00,99999.00,99999.00
99999.00,99999.00,99999.00,99999.00,99999.00,99999.00,99999.00,99999.00,99999.00,99999.00,99999.00,99999.00,99999.00,99999.00,99999.00,1360.15,1347.26,1335.98,1325.89,1316.73,1308.57,1301.34,1294.99,1289.30,1284.19,1279.63,1275.42,1271.35,1267.55,1264.02,1260.90,1258.64,1257.36,1257.20,1258.16,1259.73,1261.49,1263.68,1265.99,1268.54,1271.57,1275.22,1279.63,1284.64,1290.56,1296.90,1303.51,1310.59,1318.18,1326.46,1335.42,1345.10,1355.26,1365.83,1377.14,1389.10,1401.69,1415.09,1428.88,1443.05,1457.63,1472.59,1487.93,1503.61,1519.58,1535.78,1552.13,1568.64,1585.34,1602.22,1619.33,1636.57,1653.56,1670.86,1688.49,1706.37,1724.31,1742.47,1761.31,1781.00,1801.84,99999.00,99999.00,99999.00,99999.00,99999.00,99999.00,99999.00,99999.00,99999.00,99999.00,99999.00,99999.00,99999.00,99999.00,99999.00
99999.00,99999.00,99999.00,99999.00,99999.00,99999.00,99999.00,99999.00,99999.00,99999.00,99999.00,99999.00,99999.00,99999.00,99999.00,1346.73,1333.95,1322.76,1312.84,1303.86,1295.77,1288.72,1282.48,1276.88,1271.95,1267.48,1263.42,1259.67,1256.02,1252.64,1249.79,1247.80,1246.79,1246.91,1248.07,1249.81,1251.69,1253.93,1256.31,1259.05,1262.39,1266.41,1270.94,1276.40,1282.62,1289.10,1296.04,1303.37,1311.28,1319.84,1329.34,1339.24,1349.79,1360.87,1372.59,1385.13,1398.24,1412.06,1426.31,1441.01,1456.16,1471.78,1487.85,1504.33,1521.16,1538.25,1555.50,1572.90,1590.47,1608.23,1625.53,1642.94,1660.63,1678.53,1696.23,1714.13,1732.28,1750.72,1769.49,1788.88,1809.51,99999.00,99999.00,99999.00,99999.00,99999.00,99999.00,99999.00,99999.00,99999.00,99999.00,99999.00,99999.00,99999.00,99999.00,99999.00
99999.00,99999.00,99999.00,99999.00,99999.00,99999.00,99999.00,99999.00,99999.00,99999.00,99999.00,99999.00,99999.00,99999.00,99999.00,1333.81,1321.06,1309.99,1300.16,1291.34,1283.37,1276.46,1270.31,1264.91,1260.06,1255.71,1251.83,1248.25,1244.77,1241.52,1238.91,1237.16,1236.40,1236.72,1238.05,1239.94,1241.95,1244.20,1246.73,1249.70,1253.26,1257.55,1262.42,1268.30,1274.63,1281.42,1288.59,1296.22,1304.39,1313.47,1323.32,1333.68,1344.51,1356.12,1368.28,1381.32,1395.14,1409.42,1424.18,1439.45,1455.26,1471.62,1488.54,1505.99,1523.88,1542.09,1560.45,1578.97,1597.27,1615.08,1633.12,1651.40,1669.27,1687.33,1705.71,1724.07,1742.06,1760.26,1778.91,1798.33,1818.72,99999.00,99999.00,99999.00,99999.00,99999.00,99999.00,99999.00,99999.00,99999.00,99999.00,99999.00,99999.00,99999.00,99999.00,99999.00
99999.00,99999.00,99999.00,99999.00,99999.00,99999.00,99999.00,99999.00,99999.00,99999.00,99999.00,99999.00,99999.00,99999.00,99999.00,1321.58,1308.61,1297.57,1287.85,1279.12,1271.34,1264.50,1258.52,1253.24,1248.49,1244.32,1240.52,1237.04,1233.77,1230.63,1228.24,1226.71,1226.15,1226.61,1228.08,1230.10,1232.22,1234.52,1237.18,1240.42,1244.30,1248.67,1253.96,1260.13,1266.75,1273.75,1281.19,1289.06,1297.72,1307.35,1317.44,1328.23,1339.41,1351.46,1364.33,1378.02,1392.28,1407.05,1422.36,1438.24,1454.76,1471.96,1489.87,1508.49,1527.72,1547.37,1567.19,1586.73,1605.45,1624.37,1643.12,1661.43,1680.04,1698.96,1717.48,1735.74,1754.02,1772.27,1790.40,1809.19,1829.23,99999.00,99999.00,99999.00,99999.00,99999.00,99999.00,99999.00,99999.00,99999.00,99999.00,99999.00,99999.00,99999.00,99999.00,99999.00
99999.00,99999.00,99999.00,99999.00,99999.00,99999.00,99999.00,99999.00,99999.00,99999.00,99999.00,99999.00,99999.00,99999.00,99999.00,1309.72,1296.79,1285.53,1275.84,1267.23,1259.55,1252.83,1247.00,1241.81,1237.25,1233.16,1229.45,1226.05,1222.94,1219.94,1217.74,1216.41,1215.99,1216.57,1218.14,1220.27,1222.48,1224.91,1227.76,1231.17,1235.28,1239.95,1245.60,1252.05,1258.86,1266.10,1273.76,1282.10,1291.28,1301.30,1311.68,1322.77,1334.61,1347.23,1360.64,1374.84,1389.58,1404.87,1420.75,1437.28,1454.55,1472.66,1491.71,1511.74,99999.00,99999.00,99999.00,99999.00,99999.00,99999.00,99999.00,99999.00,99999.00,99999.00,99999.00,99999.00,1768.20,1785.99,1804.00,1822.28,1841.73,99999.00,99999.00,99999.00,99999.00,99999.00,99999.00,99999.00,99999.00,99999.00,99999.00,99999.00,99999.00,99999.00,99999.00,99999.00
99999.00,99999.00,99999.00,99999.00,99999.00,99999.00,99999.00,99999.00,99999.00,99999.00,99999.00,99999.00,99999.00,99999.00,99999.00,1298.46,1285.30,1274.08,1264.17,1255.59,1247.99,1241.45,1235.70,1230.68,1226.24,1222.22,1218.58,1215.26,1212.23,1209.42,1207.40,1206.22,1205.91,1206.58,1208.23,1210.44,1212.72,1215.32,1218.39,1222.08,1226.22,1231.26,1237.34,1243.94,1250.96,1258.40,1266.50,1275.33,1284.92,1295.19,1306.13,1317.70,1330.01,1343.15,1357.08,1371.75,1386.98,1402.81,1419.27,1436.46,1454.51,1473.57,1493.85,99999.00,99999.00,99999.00,99999.00,99999.00,99999.00,99999.00,99999.00,99999.00,99999.00,99999.00,99999.00,99999.00,99999.00,1801.79,1818.92,1836.83,1855.58,99999.00,99999.00,99999.00,99999.00,99999.00,99999.00,99999.00,99999.00,99999.00,99999.00,99999.00,99999.00,99999.00,99999.00,99999.00
99999.00,99999.00,99999.00,99999.00,99999.00,99999.00,99999.00,99999.00,99999.00,99999.00,99999.00,99999.00,99999.00,99999.00,99999.00,1287.59,1274.37,1262.92,1253.05,1244.25,1236.68,1230.25,1224.61,1219.74,1215.39,1211.46,1207.89,1204.64,1201.68,1199.04,1197.19,1196.12,1195.88,1196.62,1198.34,1200.60,1202.98,1205.74,1209.04,1212.90,1217.30,1222.66,1229.03,1235.82,1243.00,1250.85,1259.42,1268.63,1278.73,1289.41,1300.68,1312.71,1325.48,1339.34,1353.93,1369.09,1384.85,1401.23,1418.28,1436.12,1454.91,1474.88,99999.00,99999.00,99999.00,99999.00,99999.00,99999.00,99999.00,99999.00,99999.00,99999.00,99999.00,99999.00,99999.00,99999.00,99999.00,99999.00,1835.84,1852.62,1870.85,99999.00,99999.00,99999.00,99999.00,99999.00,99999.00,99999.00,99999.00,99999.00,99999.00,99999.00,99999.00,99999.00,99999.00,99999.00
99999.00,99999.00,99999.00,99999.00,99999.00,99999.00,99999.00,99999.00,99999.00,99999.00,99999.00,99999.00,99999.00,99999.00,99999.00,1277.02,1263.80,1252.30,1242.20,1233.44,1225.57,1219.22,1213.77,1208.97,1204.70,1200.86,1197.35,1194.17,1191.27,1188.79,1187.08,1186.08,1185.90,1186.68,1188.44,1190.74,1193.24,1196.17,1199.69,1203.65,1208.39,1214.16,1220.69,1227.60,1235.16,1243.45,1252.36,1262.20,1272.57,1283.59,1295.23,1307.92,1321.34,1335.86,1350.95,1366.63,1382.94,1399.88,1417.53,1435.98,1455.44,1476.18,99999.00,99999.00,99999.00,99999.00,99999.00,99999.00,99999.00,99999.00,99999.00,99999.00,99999.00,99999.00,99999.00,99999.00,99999.00,99999.00,1857.05,1870.27,1887.29,99999.00,99999.00,99999.00,99999.00,99999.00,99999.00,99999.00,99999.00,99999.00,99999.00,99999.00,99999.00,99999.00,99999.00,99999.00
99999.00,99999.00,99999.00,99999.00,99999.00,99999.00,99999.00,99999.00,99999.00,99999.00,99999.00,99999.00,99999.00,99999.00,99999.00,1266.82,1253.51,1242.01,1231.85,1222.86,1215.03,1208.39,1203.04,1198.33,1194.14,1190.38,1186.95,1183.82,1180.98,1178.65,1177.04,1176.08,1175.94,1176.76,1178.54,1180.89,1183.49,1186.59,1190.23,1194.39,1199.48,1205.59,1212.20,1219.49,1227.45,1236.05,1245.56,1255.67,1266.34,1277.87,1290.10,1303.42,1317.87,1332.91,1348.55,1364.80,1381.70,1399.25,1417.49,1436.54,1456.58,1477.92,99999.00,99999.00,99999.00,99999.00,99999.00,99999.00,99999.00,99999.00,99999.00,99999.00,99999.00,99999.00,99999.00,99999.00,99999.00,99999.00,1882.21,1891.23,1905.53,99999.00,99999.00,99999.00,99999.00,99999.00,99999.00,99999.00,99999.00,99999.00,99999.00,99999.00,99999.00,99999.00,99999.00,99999.00
99999.00,99999.00,99999.00,99999.00,99999.00,99999.00,99999.00,99999.00,99999.00,99999.00,99999.00,99999.00,99999.00,99999.00,99999.00,1256.96,1243.57,1231.97,1221.81,1212.77,1204.71,1197.71,1192.44,1187.82,1183.69,1180.01,1176.66,1173.59,1170.80,1168.61,1167.05,1166.13,1166.02,1166.84,1168.62,1171.02,1173.73,1177.00,1180.68,1185.11,1190.55,1196.72,1203.72,1211.40,1219.69,1228.87,1238.62,1249.18,1260.26,1272.37,1285.63,1299.63,1314.63,1330.25,1346.52,1363.44,1381.02,1399.27,1418.21,1437.94,1458.66,1480.64,99999.00,99999.00,99999.00,99999.00,99999.00,99999.00,99999.00,99999.00,99999.00,99999.00,99999.00,99999.00,99999.00,99999.00,99999.00,99999.00,1907.84,1913.51,1927.14,99999.00,99999.00,99999.00,99999.00,99999.00,99999.00,99999.00,99999.00,99999.00,99999.00,99999.00,99999.00,99999.00,99999.00,99999.00
99999.00,99999.00,99999.00,99999.00,99999.00,99999.00,99999.00,99999.00,99999.00,99999.00,99999.00,99999.00,99999.00,99999.00,99999.00,1247.26,1233.94,1222.25,1212.01,1202.97,1194.85,1187.58,1181.97,1177.41,1173.36,1169.74,1166.47,1163.46,1160.71,1158.63,1157.11,1156.21,1156.10,1156.92,1158.68,1161.13,1163.95,1167.29,1171.10,1175.82,1181.53,1187.89,1195.24,1203.19,1212.02,1221.42,1231.74,1242.71,1254.74,1267.44,1281.47,1296.45,1312.07,1328.36,1345.36,1363.06,1381.47,1400.56,1420.32,1440.87,1462.39,1485.15,99999.00,99999.00,99999.00,99999.00,99999.00,99999.00,99999.00,99999.00,99999.00,99999.00,99999.00,99999.00,99999.00,99999.00,99999.00,99999.00,1934.11,1939.41,1949.55,99999.00,99999.00,99999.00,99999.00,99999.00,99999.00,99999.00,99999.00,99999.00,99999.00,99999.00,99999.00,99999.00,99999.00,99999.00
99999.00,99999.00,99999.00,99999.00,99999.00,99999.00,99999.00,99999.00,99999.00,99999.00,99999.00,99999.00,99999.00,99999.00,99999.00,1237.92,1224.46,1212.84,1202.51,1193.38,1185.26,1177.91,1171.58,1167.09,1163.12,1159.56,1156.35,1153.42,1150.71,1148.71,1147.21,1146.32,1146.20,1146.99,1148.70,1151.21,1154.15,1157.46,1161.49,1166.49,1172.19,1179.03,1186.61,1195.04,1204.04,1213.96,1225.07,1236.58,1249.33,1263.02,1277.82,1293.44,1309.84,1326.98,1344.88,1363.56,1383.01,1403.16,1423.98,1445.56,1468.09,1491.83,99999.00,99999.00,99999.00,99999.00,99999.00,99999.00,99999.00,99999.00,99999.00,99999.00,99999.00,99999.00,99999.00,99999.00,99999.00,99999.00,1961.17,1966.09,1973.58,99999.00,99999.00,99999.00,99999.00,99999.00,99999.00,99999.00,99999.00,99999.00,99999.00,99999.00,99999.00,99999.00,99999.00,99999.00
99999.00,99999.00,99999.00,99999.00,99999.00,99999.00,99999.00,99999.00,99999.00,99999.00,99999.00,99999.00,99999.00,99999.00,99999.00,1228.99,1215.32,1203.57,1193.30,1184.08,1175.87,1168.48,1161.70,1156.86,1152.95,1149.46,1146.31,1143.44,1140.78,1138.83,1137.34,1136.44,1136.30,1137.05,1138.70,1141.26,1144.21,1147.59,1151.83,1157.03,1162.84,1170.00,1177.99,1186.54,1196.00,1206.66,1218.37,1230.78,1244.20,1258.34,1273.99,1290.47,1307.73,1325.84,1344.83,1364.71,1385.45,1406.95,1429.11,1452.00,1475.81,1500.80,99999.00,99999.00,99999.00,99999.00,99999.00,99999.00,99999.00,99999.00,99999.00,99999.00,99999.00,99999.00,99999.00,99999.00,99999.00,99999.00,1989.21,1993.75,2001.41,99999.00,99999.00,99999.00,99999.00,99999.00,99999.00,99999.00,99999.00,99999.00,99999.00,99999.00,99999.00,99999.00,99999.00,99999.00
99999.00,99999.00,99999.00,99999.00,99999.00,99999.00,99999.00,99999.00,99999.00,99999.00,99999.00,99999.00,99999.00,99999.00,99999.00,1220.38,1206.58,1194.61,1184.22,1175.06,1166.77,1159.24,1152.41,1146.71,1142.86,1139.44,1136.34,1133.52,1130.93,1129.00,1127.51,1126.59,1126.40,1127.09,1128.66,1131.28,1134.14,1137.66,1142.11,1147.22,1153.44,1160.95,1168.99,1177.93,1188.06,1199.53,1211.84,1224.61,1238.76,1253.97,1270.51,1287.86,1306.09,1325.28,1345.52,1366.84,1389.19,1412.40,1436.25,1460.80,1485.95,1511.41,99999.00,99999.00,99999.00,99999.00,99999.00,99999.00,99999.00,99999.00,99999.00,99999.00,99999.00,99999.00,99999.00,99999.00,99999.00,99999.00,2018.52,2022.69,2030.52,99999.00,99999.00,99999.00,99999.00,99999.00,99999.00,99999.00,99999.00,99999.00,99999.00,99999.00,99999.00,99999.00,99999.00,99999.00
99999.00,99999.00,99999.00,99999.00,99999.00,99999.00,99999.00,99999.00,99999.00,99999.00,99999.00,99999.00,99999.00,99999.00,99999.00,1212.06,1198.14,1186.05,1175.43,1166.15,1157.89,1150.27,1143.31,1137.06,1132.85,1129.48,1126.44,1123.67,1121.12,1119.21,1117.70,1116.75,1116.51,1117.11,1118.58,1121.15,1124.01,1127.68,1132.26,1137.39,1143.99,1151.47,1159.82,1169.36,1180.16,1191.90,1204.86,1218.60,1233.58,1249.80,1267.21,1285.50,1304.79,1325.21,1346.89,1369.95,99999.00,99999.00,99999.00,99999.00,99999.00,99999.00,99999.00,99999.00,99999.00,99999.00,99999.00,99999.00,99999.00,99999.00,99999.00,99999.00,99999.00,99999.00,99999.00,99999.00,99999.00,99999.00,99999.00,99999.00,99999.00,99999.00,99999.00,99999.00,99999.00,99999.00,99999.00,99999.00,99999.00,99999.00,99999.00,99999.00,99999.00,99999.00,99999.00,99999.00
99999.00,99999.00,99999.00,99999.00,99999.00,99999.00,99999.00,99999.00,99999.00,99999.00,99999.00,99999.00,99999.00,99999.00,99999.00,1204.05,1189.99,1177.78,1167.04,1157.53,1149.11,1141.52,1134.46,1127.97,1122.90,1119.58,1116.60,1113.87,1111.37,1109.46,1107.93,1106.93,1106.61,1107.13,1108.47,1110.90,1113.84,1117.64,1122.03,1127.47,1134.16,1141.81,1150.64,1160.67,1171.64,1184.25,1197.96,1212.62,1228.60,1245.75,1264.12,1283.45,1303.89,1325.65,1348.98,99999.00,99999.00,99999.00,99999.00,99999.00,99999.00,99999.00,99999.00,99999.00,99999.00,99999.00,99999.00,99999.00,99999.00,99999.00,99999.00,99999.00,99999.00,99999.00,99999.00,99999.00,99999.00,99999.00,99999.00,99999.00,99999.00,99999.00,99999.00,99999.00,99999.00,99999.00,99999.00,99999.00,99999.00,99999.00,99999.00,99999.00,99999.00,99999.00,99999.00,99999.00
99999.00,99999.00,99999.00,99999.00,99999.00,99999.00,99999.00,99999.00,99999.00,99999.00,99999.00,99999.00,99999.00,99999.00,99999.00,1196.32,1182.14,1169.78,1158.92,1149.29,1140.62,1132.87,1125.83,1119.24,1113.43,1109.75,1106.81,1104.13,1101.66,1099.75,1098.19,1097.13,1096.73,1097.13,1098.34,1100.59,1103.61,1107.46,1111.78,1117.50,1124.01,1132.05,1141.21,1151.28,1162.99,1176.40,1191.03,1206.53,1223.75,1242.11,1261.58,1282.07,1303.78,1326.97,99999.00,99999.00,99999.00,99999.00,99999.00,99999.00,99999.00,99999.00,99999.00,99999.00,99999.00,99999.00,99999.00,99999.00,99999.00,99999.00,99999.00,99999.00,99999.00,99999.00,99999.00,99999.00,99999.00,99999.00,99999.00,99999.00,99999.00,99999.00,99999.00,99999.00,99999.00,99999.00,99999.00,99999.00,99999.00,99999.00,99999.00,99999.00,99999.00,99999.00,99999.00,99999.00
99999.00,99999.00,99999.00,99999.00,99999.00,99999.00,99999.00,99999.00,99999.00,99999.00,99999.00,99999.00,99999.00,99999.00,99999.00,1188.80,1174.54,1162.07,1151.07,1141.32,1132.50,1124.49,1117.30,1110.73,1104.52,1099.97,1097.08,1094.46,1092.01,1090.08,1088.49,1087.36,1086.86,1087.14,1088.19,1090.25,1093.33,1096.91,1101.44,1107.13,1113.74,1121.97,1131.02,1141.66,1153.99,1168.07,1183.89,1200.54,1219.64,1239.51,1260.29,1282.11,1305.22,1329.92,99999.00,99999.00,99999.00,99999.00,99999.00,99999.00,99999.00,99999.00,99999.00,99999.00,99999.00,99999.00,99999.00,99999.00,99999.00,99999.00,99999.00,99999.00,99999.00,99999.00,99999.00,99999.00,99999.00,99999.00,99999.00,99999.00,99999.00,99999.00,99999.00,99999.00,99999.00,99999.00,99999.00,99999.00,99999.00,99999.00,99999.00,99999.00,99999.00,99999.00,99999.00,99999.00
99999.00,99999.00,99999.00,99999.00,99999.00,99999.00,99999.00,99999.00,99999.00,99999.00,99999.00,99999.00,99999.00,99999.00,99999.00,1181.38,1167.17,1154.62,1143.50,1133.58,1124.65,1116.49,1109.03,1102.30,1096.12,1090.67,1087.41,1084.82,1082.42,1080.47,1078.83,1077.62,1077.02,1077.15,1078.03,1079.89,1082.94,1086.37,1091.08,1096.42,1103.15,1111.12,1120.56,1131.59,1144.33,1159.29,99999.00,99999.00,99999.00,99999.00,99999.00,99999.00,99999.00,99999.00,99999.00,99999.00,99999.00,99999.00,99999.00,99999.00,99999.00,99999.00,99999.00,99999.00,99999.00,99999.00,99999.00,99999.00,99999.00,99999.00,99999.00,99999.00,99999.00,99999.00,99999.00,99999.00,99999.00,99999.00,99999.00,99999.00,99999.00,99999.00,99999.00,99999.00,99999.00,99999.00,99999.00,99999.00,99999.00,99999.00,99999.00,99999.00,99999.00,99999.00,99999.00,99999.00
99999.00,99999.00,99999.00,99999.00,99999.00,99999.00,99999.00,99999.00,99999.00,99999.00,99999.00,99999.00,99999.00,99999.00,99999.00,1174.14,1160.01,1147.38,1136.18,1126.13,1117.02,1108.75,1101.14,1094.15,1087.79,1081.93,1077.79,1075.23,1072.88,1070.91,1069.21,1067.93,1067.21,1067.19,1067.88,1069.51,1072.24,1075.75,1080.24,1085.51,1092.26,1100.03,1109.63,1120.75,1133.96,99999.00,99999.00,99999.00,99999.00,99999.00,99999.00,99999.00,99999.00,99999.00,99999.00,99999.00,99999.00,99999.00,99999.00,99999.00,99999.00,99999.00,99999.00,99999.00,99999.00,99999.00,99999.00,99999.00,99999.00,99999.00,99999.00,99999.00,99999.00,99999.00,99999.00,99999.00,99999.00,99999.00,99999.00,99999.00,99999.00,99999.00,99999.00,99999.00,99999.00,99999.00,99999.00,99999.00,99999.00,99999.00,99999.00,99999.00,99999.00,99999.00,99999.00,99999.00
99999.00,99999.00,99999.00,99999.00,99999.00,99999.00,99999.00,99999.00,99999.00,99999.00,99999.00,99999.00,99999.00,99999.00,99999.00,1167.22,1153.09,1140.34,1129.06,1118.92,1109.68,1101.23,1093.51,1086.36,1079.74,1073.71,1068.65,1065.72,1063.41,1061.41,1059.66,1058.28,1057.42,1057.23,1057.70,1059.07,1061.46,1065.04,1069.10,1074.35,1080.62,1088.54,1097.97,1109.15,99999.00,99999.00,99999.00,99999.00,99999.00,99999.00,99999.00,99999.00,99999.00,99999.00,99999.00,99999.00,99999.00,99999.00,99999.00,99999.00,99999.00,99999.00,99999.00,99999.00,99999.00,99999.00,99999.00,99999.00,99999.00,99999.00,99999.00,99999.00,99999.00,99999.00,99999.00,99999.00,99999.00,99999.00,99999.00,99999.00,99999.00,99999.00,99999.00,99999.00,99999.00,99999.00,99999.00,99999.00,99999.00,99999.00,99999.00,99999.00,99999.00,99999.00,99999.00,99999.00
99999.00,99999.00,99999.00,99999.00,99999.00,99999.00,99999.00,99999.00,99999.00,99999.00,99999.00,99999.00,99999.00,99999.00,99999.00,1160.51,1146.26,1133.51,1122.08,1111.85,1102.52,1093.94,1086.04,1078.77,1072.00,1065.70,1060.06,1056.25,1053.96,1051.92,1050.09,1048.60,1047.60,1047.23,1047.48,1048.57,1050.63,1053.94,1057.84,1063.00,1068.90,1076.51,1085.68,1096.80,99999.00,99999.00,99999.00,99999.00,99999.00,99999.00,99999.00,99999.00,99999.00,99999.00,99999.00,99999.00,99999.00,99999.00,99999.00,99999.00,99999.00,99999.00,99999.00,99999.00,99999.00,99999.00,99999.00,99999.00,99999.00,99999.00,99999.00,99999.00,99999.00,99999.00,99999.00,99999.00,99999.00,99999.00,99999.00,99999.00,99999.00,99999.00,99999.00,99999.00,99999.00,99999.00,99999.00,99999.00,99999.00,99999.00,99999.00,99999.00,99999.00,99999.00,99999.00,99999.00
99999.00,99999.00,99999.00,99999.00,99999.00,99999.00,99999.00,99999.00,99999.00,99999.00,99999.00,99999.00,99999.00,99999.00,99999.00,1154.05,1139.59,1126.80,1115.25,1104.87,1095.45,1086.78,1078.74,1071.30,1064.41,1057.96,1051.91,1047.17,1044.49,1042.42,1040.51,1038.92,1037.77,1037.21,1037.23,1038.06,1039.78,1042.62,1046.44,1051.03,1056.94,1063.92,1072.95,1083.41,99999.00,99999.00,99999.00,99999.00,99999.00,99999.00,99999.00,99999.00,99999.00,99999.00,99999.00,99999.00,99999.00,99999.00,99999.00,99999.00,99999.00,99999.00,99999.00,99999.00,99999.00,99999.00,99999.00,99999.00,99999.00,99999.00,99999.00,99999.00,99999.00,99999.00,99999.00,99999.00,99999.00,99999.00,99999.00,99999.00,99999.00,99999.00,99999.00,99999.00,99999.00,99999.00,99999.00,99999.00,99999.00,99999.00,99999.00,99999.00,99999.00,99999.00,99999.00,99999.00
99999.00,99999.00,99999.00,99999.00,99999.00,99999.00,99999.00,99999.00,99999.00,99999.00,99999.00,99999.00,99999.00,99999.00,99999.00,1147.66,1133.12,1120.25,1108.48,1097.98,1088.41,1079.64,1071.52,1063.94,1056.88,1050.30,1044.10,1038.58,1035.01,1032.87,1030.89,1029.19,1027.90,1027.15,1026.95,1027.50,1028.90,1031.29,1034.99,1039.16,1044.69,1051.33,1059.55,1070.02,99999.00,99999.00,99999.00,99999.00,99999.00,99999.00,99999.00,99999.00,99999.00,99999.00,99999.00,99999.00,99999.00,99999.00,99999.00,99999.00,99999.00,99999.00,99999.00,99999.00,99999.00,99999.00,99999.00,99999.00,99999.00,99999.00,99999.00,99999.00,99999.00,99999.00,99999.00,99999.00,99999.00,99999.00,99999.00,99999.00,99999.00,99999.00,99999.00,99999.00,99999.00,99999.00,99999.00,99999.00,99999.00,99999.00,99999.00,99999.00,99999.00,99999.00,99999.00,99999.00
99999.00,99999.00,99999.00,99999.00,99999.00,99999.00,99999.00,99999.00,99999.00,99999.00,99999.00,99999.00,99999.00,99999.00,99999.00,1141.50,1126.87,1113.66,1101.82,1091.09,1081.39,1072.48,1064.26,1056.59,1049.40,1042.65,1036.33,1030.33,1025.83,1023.24,1021.19,1019.37,1017.93,1017.00,1016.57,1016.85,1017.93,1019.89,1023.05,1027.23,1032.12,1038.56,1046.21,1055.96,99999.00,99999.00,99999.00,99999.00,99999.00,99999.00,99999.00,99999.00,99999.00,99999.00,99999.00,99999.00,99999.00,99999.00,99999.00,99999.00,99999.00,99999.00,99999.00,99999.00,99999.00,99999.00,99999.00,99999.00,99999.00,99999.00,99999.00,99999.00,99999.00,99999.00,99999.00,99999.00,99999.00,99999.00,99999.00,99999.00,99999.00,99999.00,99999.00,99999.00,99999.00,99999.00,99999.00,99999.00,99999.00,99999.00,99999.00,99999.00,99999.00,99999.00,99999.00,99999.00
99999.00,99999.00,99999.00,99999.00,99999.00,99999.00,99999.00,99999.00,99999.00,99999.00,99999.00,99999.00,99999.00,99999.00,99999.00,1135.58,1120.59,1107.30,1095.36,1084.30,1074.37,1065.33,1056.97,1049.21,1041.92,1035.04,1028.54,1022.42,1017.04,1013.56,1011.39,1009.46,1007.88,1006.76,1006.10,1006.11,1006.87,1008.42,1011.05,1014.89,1019.49,1025.18,1032.58,1041.65,99999.00,99999.00,99999.00,99999.00,99999.00,99999.00,99999.00,99999.00,99999.00,99999.00,99999.00,99999.00,99999.00,99999.00,99999.00,99999.00,99999.00,99999.00,99999.00,99999.00,99999.00,99999.00,99999.00,99999.00,99999.00,99999.00,99999.00,99999.00,99999.00,99999.00,99999.00,99999.00,99999.00,99999.00,99999.00,99999.00,99999.00,99999.00,99999.00,99999.00,99999.00,99999.00,99999.00,99999.00,99999.00,99999.00,99999.00,99999.00,99999.00,99999.00,99999.00,99999.00
99999.00,99999.00,99999.00,99999.00,99999.00,99999.00,99999.00,99999.00,99999.00,99999.00,99999.00,99999.00,99999.00,99999.00,99999.00,1129.77,1114.69,1101.16,1088.87,1077.71,1067.44,1058.17,1049.69,1041.77,1034.39,1027.42,1020.79,1014.50,1008.59,1004.18,1001.49, 999.46, 997.73, 996.43, 995.54, 995.27, 995.71, 996.89, 998.98,1002.20,1006.61,1011.74,1018.23,1026.82,99999.00,99999.00,99999.00,99999.00,99999.00,99999.00,99999.00,99999.00,99999.00,99999.00,99999.00,99999.00,99999.00,99999.00,99999.00,99999.00,99999.00,99999.00,99999.00,99999.00,99999.00,99999.00,99999.00,99999.00,99999.00,99999.00,99999.00,99999.00,99999.00,99999.00,99999.00,99999.00,99999.00,99999.00,99999.00,99999.00,99999.00,99999.00,99999.00,99999.00,99999.00,99999.00,99999.00,99999.00,99999.00,99999.00,99999.00,99999.00,99999.00,99999.00,99999.00,99999.00
99999.00,99999.00,99999.00,99999.00,99999.00,99999.00,99999.00,99999.00,99999.00,99999.00,99999.00,99999.00,99999.00,99999.00,99999.00,1124.30,1108.86,1095.12,1082.73,1071.34,1060.71,1051.10,1042.38,1034.35,1026.81,1019.75,1013.02,1006.60,1000.46, 995.17, 991.59, 989.35, 987.47, 985.98, 984.87, 984.33, 984.45, 985.25, 986.84, 989.44, 993.10, 997.99,1003.83,1011.30,99999.00,99999.00,99999.00,99999.00,99999.00,99999.00,99999.00,99999.00,99999.00,99999.00,99999.00,99999.00,99999.00,99999.00,99999.00,99999.00,99999.00,99999.00,99999.00,99999.00,99999.00,99999.00,99999.00,99999.00,99999.00,99999.00,99999.00,99999.00,99999.00,99999.00,99999.00,99999.00,99999.00,99999.00,99999.00,99999.00,99999.00,99999.00,99999.00,99999.00,99999.00,99999.00,99999.00,99999.00,99999.00,99999.00,99999.00,99999.00,99999.00,99999.00,99999.00,99999.00
99999.00,99999.00,99999.00,99999.00,99999.00,99999.00,99999.00,99999.00,99999.00,99999.00,99999.00,99999.00,99999.00,99999.00,99999.00,1119.05,1103.48,1089.40,1076.66,1065.06,1054.33,1044.21,1035.14,1026.88,1019.23,1012.01,1005.20, 998.68, 992.41, 986.48, 981.98, 979.13, 977.10, 975.43, 974.09, 973.29, 973.08, 973.50, 974.63, 976.61, 979.54, 983.54, 988.91, 995.73,99999.00,99999.00,99999.00,99999.00,99999.00,99999.00,99999.00,99999.00,99999.00,99999.00,99999.00,99999.00,99999.00,99999.00,99999.00,99999.00,99999.00,99999.00,99999.00,99999.00,99999.00,99999.00,99999.00,99999.00,99999.00,99999.00,99999.00,99999.00,99999.00,99999.00,99999.00,99999.00,99999.00,99999.00,99999.00,99999.00,99999.00,99999.00,99999.00,99999.00,99999.00,99999.00,99999.00,99999.00,99999.00,99999.00,99999.00,99999.00,99999.00,99999.00,99999.00,99999.00
99999.00,99999.00,99999.00,99999.00,99999.00,99999.00,99999.00,99999.00,99999.00,99999.00,99999.00,99999.00,99999.00,99999.00,99999.00,1113.94,1098.10,1083.89,1071.02,1059.08,1048.00,1037.67,1028.10,1019.49,1011.60,1004.26, 997.30, 990.69, 984.33, 978.11, 972.72, 968.98, 966.62, 964.77, 963.20, 962.12, 961.60, 961.64, 962.32, 963.70, 965.90, 969.02, 973.29, 978.96,99999.00,99999.00,99999.00,99999.00,99999.00,99999.00,99999.00,99999.00,99999.00,99999.00,99999.00,99999.00,99999.00,99999.00,99999.00,99999.00,99999.00,99999.00,99999.00,99999.00,99999.00,99999.00,99999.00,99999.00,99999.00,99999.00,99999.00,99999.00,99999.00,99999.00,99999.00,99999.00,99999.00,99999.00,99999.00,99999.00,99999.00,99999.00,99999.00,99999.00,99999.00,99999.00,99999.00,99999.00,99999.00,99999.00,99999.00,99999.00,99999.00,99999.00,99999.00,99999.00
99999.00,99999.00,99999.00,99999.00,99999.00,99999.00,99999.00,99999.00,99999.00,99999.00,99999.00,99999.00,99999.00,99999.00,99999.00,1109.07,1093.09,1078.55,1065.36,1053.30,1042.08,1031.41,1021.38,1012.26,1004.03, 996.46, 989.38, 982.61, 976.16, 969.85, 963.78, 959.11, 956.01, 953.97, 952.18, 950.83, 949.99, 949.66, 949.89, 950.72, 952.20, 954.43, 957.61, 961.86,99999.00,99999.00,99999.00,99999.00,99999.00,99999.00,99999.00,99999.00,99999.00,99999.00,99999.00,99999.00,99999.00,99999.00,99999.00,99999.00,99999.00,99999.00,99999.00,99999.00,99999.00,99999.00,99999.00,99999.00,99999.00,99999.00,99999.00,99999.00,99999.00,99999.00,99999.00,99999.00,99999.00,99999.00,99999.00,99999.00,99999.00,99999.00,99999.00,99999.00,99999.00,99999.00,99999.00,99999.00,99999.00,99999.00,99999.00,99999.00,99999.00,99999.00,99999.00,99999.00
99999.00,99999.00,99999.00,99999.00,99999.00,99999.00,99999.00,99999.00,99999.00,99999.00,99999.00,99999.00,99999.00,99999.00,99999.00,1104.54,1088.41,1073.60,1060.06,1047.65,1036.12,1025.33,1015.16,1005.35, 996.62, 988.70, 981.39, 974.50, 967.90, 961.50, 955.13, 949.58, 945.59, 943.05, 941.03, 939.42, 938.26, 937.55, 937.35, 937.64, 938.43, 939.79, 941.89, 944.75,99999.00,99999.00,99999.00,99999.00,99999.00,99999.00,99999.00,99999.00,99999.00,99999.00,99999.00,99999.00,99999.00,99999.00,99999.00,99999.00,99999.00,99999.00,99999.00,99999.00,99999.00,99999.00,99999.00,99999.00,99999.00,99999.00,99999.00,99999.00,99999.00,99999.00,99999.00,99999.00,99999.00,99999.00,99999.00,99999.00,99999.00,99999.00,99999.00,99999.00,99999.00,99999.00,99999.00,99999.00,99999.00,99999.00,99999.00,99999.00,99999.00,99999.00,99999.00,99999.00
99999.00,99999.00,99999.00,99999.00,99999.00,99999.00,99999.00,99999.00,99999.00,99999.00,99999.00,99999.00,99999.00,99999.00,99999.00,1100.12,1083.85,1068.78,1055.06,1042.38,1030.51,1019.38,1008.89, 998.97, 989.52, 981.10, 973.43, 966.32, 959.60, 953.05, 946.59, 940.34, 935.43, 932.01, 929.76, 927.88, 926.41, 925.35, 924.71, 924.50, 924.66, 925.18, 926.24, 927.81, 934.93,99999.00,99999.00,99999.00,99999.00,99999.00,99999.00,99999.00,99999.00,99999.00,99999.00,99999.00,99999.00,99999.00,99999.00,99999.00,99999.00,99999.00,99999.00,99999.00,99999.00,99999.00,99999.00,99999.00,99999.00,99999.00,99999.00,99999.00,99999.00,99999.00,99999.00,99999.00,99999.00,99999.00,99999.00,99999.00,99999.00,99999.00,99999.00,99999.00,99999.00,99999.00,99999.00,99999.00,99999.00,99999.00,99999.00,99999.00,99999.00,99999.00,99999.00,99999.00
99999.00,99999.00,99999.00,99999.00,99999.00,99999.00,99999.00,99999.00,99999.00,99999.00,99999.00,99999.00,99999.00,99999.00,99999.00,1095.96,1079.51,1064.28,1050.16,1037.22,1025.18,1013.78,1002.95, 992.69, 982.93, 973.79, 965.63, 958.17, 951.22, 944.55, 937.95, 931.40, 925.60, 921.30, 918.38, 916.24, 914.48, 913.07, 912.01, 911.29, 910.85, 910.62, 910.76, 911.22, 917.00, 923.15,99999.00,99999.00,99999.00,99999.00,99999.00,99999.00,99999.00,99999.00,99999.00,99999.00,99999.00,99999.00,99999.00,99999.00,99999.00,99999.00,99999.00,99999.00,99999.00,99999.00,99999.00,99999.00,99999.00,99999.00,99999.00,99999.00,99999.00,99999.00,99999.00,99999.00,99999.00,99999.00,99999.00,99999.00,99999.00,99999.00,99999.00,99999.00,99999.00,99999.00,99999.00,99999.00,99999.00,99999.00,99999.00,99999.00,99999.00,99999.00,99999.00,99999.00
99999.00,99999.00,99999.00,99999.00,99999.00,99999.00,99999.00,99999.00,99999.00,99999.00,99999.00,99999.00,99999.00,99999.00,99999.00,1092.03,1075.41,1060.00,1045.54,1032.35,1019.93,1008.27, 997.28, 986.75, 976.64, 966.99, 958.11, 950.16, 942.86, 935.97, 929.26, 922.56, 916.08, 910.85, 907.03, 904.51, 902.45, 900.67, 899.21, 898.02, 897.04, 896.18, 895.53, 895.07, 899.81, 904.84, 909.80, 914.43, 919.99, 926.95, 934.39, 942.58, 951.74, 962.23,99999.00,99999.00,99999.00,99999.00,99999.00,99999.00,99999.00,99999.00,99999.00,99999.00,99999.00,99999.00,99999.00,99999.00,99999.00,99999.00,99999.00,99999.00,99999.00,99999.00,99999.00,99999.00,99999.00,99999.00,99999.00,99999.00,99999.00,99999.00,99999.00,99999.00,99999.00,99999.00,99999.00,99999.00,99999.00,99999.00,99999.00,99999.00,99999.00,99999.00,99999.00,99999.00
99999.00,99999.00,99999.00,99999.00,99999.00,99999.00,99999.00,99999.00,99999.00,99999.00,99999.00,99999.00,99999.00,99999.00,99999.00,1088.56,1071.75,1056.14,1041.48,1027.76,1014.94,1003.03, 991.65, 980.87, 970.60, 960.68, 951.09, 942.42, 934.64, 927.41, 920.47, 913.67, 906.84, 900.75, 896.07, 892.68, 890.27, 888.16, 886.32, 884.70, 883.24, 881.84, 880.57, 879.37, 883.30, 887.51, 891.71, 895.75, 900.84, 907.21, 914.15, 921.69, 930.04, 939.45,99999.00,99999.00,99999.00,99999.00,99999.00,99999.00,99999.00,99999.00,99999.00,99999.00,99999.00,99999.00,99999.00,99999.00,99999.00,99999.00,99999.00,99999.00,99999.00,99999.00,99999.00,99999.00,99999.00,99999.00,99999.00,99999.00,99999.00,99999.00,99999.00,99999.00,99999.00,99999.00,99999.00,99999.00,99999.00,99999.00,99999.00,99999.00,99999.00,99999.00,99999.00,99999.00
99999.00,99999.00,99999.00,99999.00,99999.00,99999.00,99999.00,99999.00,99999.00,99999.00,99999.00,99999.00,99999.00,99999.00,99999.00,1085.54,1068.51,1052.69,1037.82,1023.74,1010.47, 998.03, 986.26, 975.23, 964.59, 954.41, 944.66, 935.16, 926.67, 918.96, 911.70, 904.69, 897.76, 890.94, 885.36, 881.07, 877.95, 875.53, 873.35, 871.36, 869.48, 867.62, 865.85, 864.08, 867.39, 870.98, 874.61, 878.18, 882.83, 888.75, 895.10, 902.00, 909.57, 917.85, 927.07,99999.00,99999.00,99999.00,99999.00,99999.00,99999.00,99999.00,99999.00,99999.00,99999.00,99999.00,99999.00,99999.00,99999.00,99999.00,99999.00,99999.00,99999.00,99999.00,99999.00,99999.00,99999.00,99999.00,99999.00,99999.00,99999.00,99999.00,99999.00,99999.00,99999.00,99999.00,99999.00,99999.00,99999.00,99999.00,99999.00,99999.00,99999.00,99999.00,99999.00,99999.00
99999.00,99999.00,99999.00,99999.00,99999.00,99999.00,99999.00,99999.00,99999.00,99999.00,99999.00,99999.00,99999.00,99999.00,99999.00,1082.84,1065.57,1049.51,1034.41,1020.09,1006.39, 993.57, 981.36, 969.80, 958.77, 948.35, 938.23, 928.49, 919.16, 910.76, 903.02, 895.69, 888.56, 881.43, 874.91, 869.71, 865.76, 862.79, 860.31, 857.99, 855.75, 853.51, 851.32, 849.12, 851.97, 855.08, 858.27, 861.46, 865.72, 871.21, 877.03, 883.28, 890.04, 897.38, 905.29, 914.89,99999.00,99999.00,99999.00,99999.00,99999.00,99999.00,99999.00,99999.00,99999.00,99999.00,99999.00,99999.00,99999.00,99999.00,99999.00,99999.00,99999.00,99999.00,99999.00,99999.00,99999.00,99999.00,99999.00,99999.00,99999.00,99999.00,99999.00,99999.00,99999.00,99999.00,99999.00,99999.00,99999.00,99999.00,99999.00,99999.00,99999.00,99999.00,99999.00,99999.00
99999.00,99999.00,99999.00,99999.00,99999.00,99999.00,99999.00,99999.00,99999.00,99999.00,99999.00,99999.00,99999.00,99999.00,99999.00,1080.68,1063.15,1046.83,1031.47,1016.89,1002.94, 989.47, 976.80, 964.86, 953.40, 942.46, 931.96, 921.98, 912.21, 903.00, 894.59, 886.77, 879.26, 871.91, 864.67, 858.60, 853.78, 850.08, 847.19, 844.58, 842.05, 839.48, 836.97, 834.43, 836.93, 839.69, 842.53, 845.41, 849.32, 854.35, 859.70, 865.42, 871.48, 878.00, 885.25, 894.91, 905.48, 915.63, 924.81, 933.49, 942.10, 950.86, 959.71, 969.27, 979.05, 990.21,1001.53,1012.98,1024.68,1036.63,1048.96,1061.64,1074.94,1088.68,1103.06,1118.09,1133.85,1150.63,1168.49,1187.51,1208.26,99999.00,99999.00,99999.00,99999.00,99999.00,99999.00,99999.00,99999.00,99999.00,99999.00,99999.00,99999.00,99999.00,99999.00,99999.00
99999.00,99999.00,99999.00,99999.00,99999.00,99999.00,99999.00,99999.00,99999.00,99999.00,99999.00,99999.00,99999.00,99999.00,99999.00,1079.17,1061.35,1044.73,1029.08,1014.20, 999.99, 986.25, 972.92, 960.25, 948.32, 937.02, 926.08, 915.59, 905.45, 895.78, 886.52, 877.98, 869.99, 862.28, 854.70, 847.72, 842.03, 837.56, 834.04, 831.13, 828.34, 825.53, 822.74, 819.94, 822.19, 824.70, 827.29, 829.92, 833.53, 838.15, 843.04, 848.24, 853.80, 859.69, 867.13, 876.83, 886.73, 896.25, 905.25, 914.00, 922.73, 931.58, 940.96, 950.62, 961.83, 973.18, 984.62, 996.27,1008.13,1020.33,1032.81,1045.85,1059.27,1073.24,1087.78,1102.94,1118.98,1135.93,1153.77,1173.01,1194.01,99999.00,99999.00,99999.00,99999.00,99999.00,99999.00,99999.00,99999.00,99999.00,99999.00,99999.00,99999.00,99999.00,99999.00,99999.00
99999.00,99999.00,99999.00,99999.00,99999.00,99999.00,99999.00,99999.00,99999.00,99999.00,99999.00,99999.00,99999.00,99999.00,99999.00,1078.56,1060.41,1043.46,1027.48,1012.28, 997.73, 983.70, 970.06, 956.77, 943.86, 931.82, 920.43, 909.59, 899.03, 888.85, 878.91, 869.54, 860.83, 852.66, 844.72, 837.01, 830.49, 825.21, 821.03, 817.62, 814.62, 811.60, 808.62, 805.61, 807.67, 809.99, 812.42, 814.90, 818.24, 822.51, 827.01, 831.79, 836.90, 842.66, 850.85, 860.24, 869.64, 878.84, 887.71, 896.57, 905.51, 914.50, 924.19, 935.43, 946.79, 958.23, 969.85, 981.63, 993.71,1006.03,1018.86,1032.01,1045.65,1059.77,1074.43,1089.86,1106.06,1122.98,1141.04,1160.75,1181.90,99999.00,99999.00,99999.00,99999.00,99999.00,99999.00,99999.00,99999.00,99999.00,99999.00,99999.00,99999.00,99999.00,99999.00,99999.00
99999.00,99999.00,99999.00,99999.00,99999.00,99999.00,99999.00,99999.00,99999.00,99999.00,99999.00,99999.00,99999.00,99999.00,99999.00,1078.60,1060.07,1042.75,1026.39,1010.81, 995.89, 981.51, 967.54, 953.91, 940.57, 927.70, 915.33, 903.76, 892.76, 882.19, 871.76, 861.49, 851.97, 843.09, 834.70, 826.52, 819.13, 813.03, 808.14, 804.21, 800.87, 797.68, 794.55, 791.40, 793.31, 795.52, 797.83, 800.21, 803.39, 807.36, 811.54, 815.97, 820.76, 827.10, 835.79, 844.82, 853.90, 862.90, 871.77, 880.68, 889.69, 899.40, 910.63, 921.98, 933.40, 944.97, 956.69, 968.67, 980.85, 993.50,1006.42,1019.78,1033.55,1047.79,1062.71,1078.29,1094.45,1112.29,1131.00,1150.81,1172.05,99999.00,99999.00,99999.00,99999.00,99999.00,99999.00,99999.00,99999.00,99999.00,99999.00,99999.00,99999.00,99999.00,99999.00,99999.00
99999.00,99999.00,99999.00,99999.00,99999.00,99999.00,99999.00,99999.00,99999.00,99999.00,99999.00,99999.00,99999.00,99999.00,99999.00,1079.66,1060.70,1042.95,1026.15,1010.14, 994.78, 979.99, 965.62, 951.59, 937.86, 924.38, 911.30, 898.90, 886.91, 875.53, 864.65, 854.05, 843.45, 833.76, 824.67, 816.05, 807.87, 800.99, 795.37, 790.86, 787.13, 783.81, 780.50, 777.26, 779.09, 781.21, 783.45, 785.78, 788.84, 792.60, 796.55, 800.69, 805.61, 812.96, 821.63, 830.43, 839.28, 848.14, 857.08, 866.14, 875.91, 887.16, 898.47, 909.85, 921.37, 933.02, 944.91, 956.97, 969.47, 982.19, 995.30,1008.78,1022.65,1037.13,1052.19,1068.82,1086.04,1103.97,1122.76,1142.62,1163.87,99999.00,99999.00,99999.00,99999.00,99999.00,99999.00,99999.00,99999.00,99999.00,99999.00,99999.00,99999.00,99999.00,99999.00,99999.00
99999.00,99999.00,99999.00,99999.00,99999.00,99999.00,99999.00,99999.00,99999.00,99999.00,99999.00,99999.00,99999.00,99999.00,99999.00,1082.32,1062.85,1044.59,1027.28,1010.76, 994.90, 979.59, 964.75, 950.26, 936.07, 922.13, 908.37, 894.73, 881.92, 869.71, 857.85, 846.49, 835.46, 824.70, 814.81, 805.51, 796.72, 789.04, 782.68, 777.56, 773.41, 769.86, 766.46, 763.15, 764.94, 767.03, 769.25, 771.55, 774.54, 778.13, 781.91, 785.95, 791.63, 799.73, 808.26, 816.90, 825.65, 834.57, 843.65, 853.45, 864.74, 876.09, 887.40, 898.85, 910.42, 922.22, 934.17, 946.52, 959.07, 971.97, 985.18, 998.75,1013.10,1028.89,1045.11,1061.81,1079.08,1097.04,1115.84,1135.67,1156.70,99999.00,99999.00,99999.00,99999.00,99999.00,99999.00,99999.00,99999.00,99999.00,99999.00,99999.00,99999.00,99999.00,99999.00,99999.00
99999.00,99999.00,99999.00,99999.00,99999.00,99999.00,99999.00,99999.00,99999.00,99999.00,99999.00,99999.00,99999.00,99999.00,99999.00,1087.30,1067.23,1048.36,1030.45,1013.32, 996.85, 980.94, 965.52, 950.46, 935.70, 921.19, 906.83, 892.59, 878.43, 864.41, 851.74, 839.61, 827.61, 816.06, 805.11, 795.02, 785.58, 777.07, 770.03, 764.28, 759.67, 755.85, 752.43, 749.03, 750.83, 752.93, 755.16, 757.49, 760.43, 763.90, 767.55, 771.99, 778.83, 787.15, 795.58, 804.16, 813.00, 822.06, 831.86, 843.18, 854.54, 865.87, 877.27, 888.74, 900.44, 912.28, 924.50, 936.89, 949.59, 962.58, 976.42, 991.61,1007.10,1022.94,1039.20,1055.92,1073.19,1091.11,1109.82,1129.39,1150.07,99999.00,99999.00,99999.00,99999.00,99999.00,99999.00,99999.00,99999.00,99999.00,99999.00,99999.00,99999.00,99999.00,99999.00,99999.00
99999.00,99999.00,99999.00,99999.00,99999.00,99999.00,99999.00,99999.00,99999.00,99999.00,99999.00,99999.00,99999.00,99999.00,99999.00,1094.91,1074.10,1054.49,1035.84,1017.97,1000.76, 984.11, 967.94, 952.19, 936.74, 921.49, 906.40, 891.42, 876.53, 861.71, 846.92, 832.98, 820.24, 807.92, 795.69, 784.56, 774.37, 765.07, 757.34, 750.97, 745.88, 741.75, 738.24, 734.87, 736.72, 738.87, 741.15, 743.54, 746.47, 749.86, 753.54, 758.90, 766.72, 775.01, 783.48, 792.23, 801.22, 811.01, 822.33, 833.70, 845.04, 856.44, 867.87, 879.46, 891.17, 903.26, 915.50, 928.16, 941.62, 956.35, 971.31, 986.53,1002.05,1017.91,1034.14,1050.81,1067.99,1085.72,1104.15,1123.45,1143.88,99999.00,99999.00,99999.00,99999.00,99999.00,99999.00,99999.00,99999.00,99999.00,99999.00,99999.00,99999.00,99999.00,99999.00,99999.00
99999.00,99999.00,99999.00,99999.00,99999.00,99999.00,99999.00,99999.00,99999.00,99999.00,99999.00,99999.00,99999.00,99999.00,99999.00,1103.14,1081.78,1061.77,1042.81,1024.69,1007.27, 990.43, 973.71, 957.03, 940.67, 924.50, 908.48, 892.58, 876.77, 861.01, 845.30, 829.61, 813.85, 799.74, 786.77, 774.18, 763.01, 752.91, 744.48, 737.58, 732.00, 727.56, 723.90, 720.63, 722.58, 724.82, 727.18, 729.66, 732.60, 735.94, 740.15, 746.76, 754.95, 763.32, 771.99, 780.92, 790.69, 802.02, 813.41, 824.77, 836.18, 847.60, 859.16, 870.75, 882.75, 895.15, 908.30, 922.69, 937.25, 952.00, 966.97, 982.19, 997.68,1013.46,1029.58,1046.11,1063.12,1080.71,1099.00,1118.18,1138.50,99999.00,99999.00,99999.00,99999.00,99999.00,99999.00,99999.00,99999.00,99999.00,99999.00,99999.00,99999.00,99999.00,99999.00,99999.00
99999.00,99999.00,99999.00,99999.00,99999.00,99999.00,99999.00,99999.00,99999.00,99999.00,99999.00,99999.00,99999.00,99999.00,99999.00,1113.17,1091.50,1071.24,1052.07,1033.77,1015.80, 998.03, 980.72, 963.84, 947.37, 931.13, 914.50, 897.38, 880.34, 863.37, 846.44, 829.52, 812.59, 795.56, 778.41, 764.03, 751.50, 740.56, 731.40, 724.00, 717.99, 713.24, 709.42, 706.30, 708.38, 710.73, 713.22, 715.80, 718.79, 722.29, 727.50, 735.23, 743.53, 752.13, 761.00, 770.73, 782.04, 793.46, 804.84, 816.26, 827.69, 839.25, 851.04, 863.20, 876.11, 890.21, 904.44, 918.83, 933.38, 948.11, 963.04, 978.18, 993.59,1009.29,1025.35,1041.81,1058.75,1076.28,1094.52,1113.65,1133.92,99999.00,99999.00,99999.00,99999.00,99999.00,99999.00,99999.00,99999.00,99999.00,99999.00,99999.00,99999.00,99999.00,99999.00,99999.00
99999.00,99999.00,99999.00,99999.00,99999.00,99999.00,99999.00,99999.00,99999.00,99999.00,99999.00,99999.00,99999.00,99999.00,99999.00,99999.00,99999.00,99999.00,99999.00,99999.00,99999.00,99999.00,99999.00,99999.00,99999.00,99999.00,99999.00,99999.00,99999.00,99999.00,99999.00,99999.00,99999.00,99999.00,99999.00,99999.00, 739.87, 727.82, 717.95, 710.12, 703.81, 698.76, 694.78, 691.86, 694.10, 696.59, 699.21, 701.93, 704.98, 709.14, 715.67, 723.94, 732.51, 741.34, 751.03, 762.32, 773.73, 785.12, 796.55, 808.11, 819.89, 832.03, 844.73, 858.58, 872.54, 886.62, 900.83, 915.19, 929.70, 944.40, 959.29, 974.42, 989.81,1005.51,1021.55,1038.01,1054.96,1072.50,1090.75,1109.90,1130.24,99999.00,99999.00,99999.00,99999.00,99999.00,99999.00,99999.00,99999.00,99999.00,99999.00,99999.00,99999.00,99999.00,99999.00,99999.00
99999.00,99999.00,99999.00,99999.00,99999.00,99999.00,99999.00,99999.00,99999.00,99999.00,99999.00,99999.00,99999.00,99999.00,99999.00,99999.00,99999.00,99999.00,99999.00,99999.00,99999.00,99999.00,99999.00,99999.00,99999.00,99999.00,99999.00,99999.00,99999.00,99999.00,99999.00,99999.00,99999.00,99999.00,99999.00,99999.00,99999.00, 714.67, 704.08, 695.88, 689.36, 684.11, 679.98, 677.28, 679.71, 682.37, 685.14, 688.00, 691.40, 696.61, 704.40, 712.97, 721.79, 731.46, 742.73, 754.12, 765.58, 777.15, 788.94, 801.07, 813.75, 827.55, 841.41, 855.30, 869.27, 883.37, 897.60, 911.98, 926.53, 941.27, 956.21, 971.39, 986.84,1002.60,1018.71,1035.25,1052.27,1069.89,1088.23,1107.50,1127.98,99999.00,99999.00,99999.00,99999.00,99999.00,99999.00,99999.00,99999.00,99999.00,99999.00,99999.00,99999.00,99999.00,99999.00,99999.00
99999.00,99999.00,99999.00,99999.00,99999.00,99999.00,99999.00,99999.00,99999.00,99999.00,99999.00,99999.00,99999.00,99999.00,99999.00,99999.00,99999.00,99999.00,99999.00,99999.00,99999.00,99999.00,99999.00,99999.00,99999.00,99999.00,99999.00,99999.00,99999.00,99999.00,99999.00,99999.00,99999.00,99999.00,99999.00,99999.00,99999.00,99999.00, 689.58, 681.18, 674.58, 669.27, 665.02, 662.58, 665.21, 668.04, 670.96, 674.01, 678.19, 684.76, 693.36, 702.20, 711.88, 723.14, 734.59, 746.17, 757.98, 770.12, 782.80, 796.59, 810.51, 824.45, 838.40, 852.38, 866.44, 880.64, 894.98, 909.48, 924.15, 939.00, 954.08, 969.39, 984.98,1000.88,1017.15,1033.83,1051.02,1068.80,1087.33,1106.83,1127.53,99999.00,99999.00,99999.00,99999.00,99999.00,99999.00,99999.00,99999.00,99999.00,99999.00,99999.00,99999.00,99999.00,99999.00,99999.00
99999.00,99999.00,99999.00,99999.00,99999.00,99999.00,99999.00,99999.00,99999.00,99999.00,99999.00,99999.00,99999.00,99999.00,99999.00,99999.00,99999.00,99999.00,99999.00,99999.00,99999.00,99999.00,99999.00,99999.00,99999.00,99999.00,99999.00,99999.00,99999.00,99999.00,99999.00,99999.00,99999.00,99999.00,99999.00,99999.00,99999.00,99999.00, 674.54, 666.06, 659.50, 654.23, 649.92, 647.74, 650.58, 653.57, 656.63, 660.21, 665.47, 673.52, 682.41, 692.12, 703.41, 715.01, 726.82, 738.97, 751.67, 765.47, 779.57, 793.66, 807.77, 821.89, 836.03, 850.20, 864.46, 878.86, 893.41, 908.11, 922.99, 938.07, 953.37, 968.92, 984.74,1000.88,1017.39,1034.32,1051.76,1069.82,1088.67,1108.48,1129.50,99999.00,99999.00,99999.00,99999.00,99999.00,99999.00,99999.00,99999.00,99999.00,99999.00,99999.00,99999.00,99999.00,99999.00,99999.00
99999.00,99999.00,99999.00,99999.00,99999.00,99999.00,99999.00,99999.00,99999.00,99999.00,99999.00,99999.00,99999.00,99999.00,99999.00,99999.00,99999.00,99999.00,99999.00,99999.00,99999.00,99999.00,99999.00,99999.00,99999.00,99999.00,99999.00,99999.00,99999.00,99999.00,99999.00,99999.00,99999.00,99999.00,99999.00,99999.00,99999.00,99999.00, 658.93, 650.52, 644.12, 638.97, 634.73, 632.80, 635.81, 638.94, 642.30, 646.66, 653.28, 662.26, 672.04, 683.38, 695.22, 707.40, 720.10, 733.92, 748.33, 762.73, 777.13, 791.53, 805.94, 820.36, 834.81, 849.29, 863.87, 878.59, 893.46, 908.49, 923.71, 939.13, 954.77, 970.66, 986.83,1003.33,1020.20,1037.49,1055.33,1073.83,1093.10,1113.34,1134.78,99999.00,99999.00,99999.00,99999.00,99999.00,99999.00,99999.00,99999.00,99999.00,99999.00,99999.00,99999.00,99999.00,99999.00,99999.00
99999.00,99999.00,99999.00,99999.00,99999.00,99999.00,99999.00,99999.00,99999.00,99999.00,99999.00,99999.00,99999.00,99999.00,99999.00,99999.00,99999.00,99999.00,99999.00,99999.00,99999.00,99999.00,99999.00,99999.00,99999.00,99999.00,99999.00,99999.00,99999.00,99999.00,99999.00,99999.00,99999.00,99999.00,99999.00,99999.00,99999.00,99999.00, 643.23, 634.88, 628.64, 623.63, 619.46, 617.74, 620.90, 624.18, 628.03, 633.43, 641.55, 651.42, 662.84, 675.08, 687.83, 701.67, 716.56, 731.44, 746.31, 761.16, 776.02, 790.87, 805.73, 820.62, 835.53, 850.48, 865.53, 880.72, 896.07, 911.59, 927.29, 943.20, 959.33, 975.72, 992.06,1008.68,1025.69,1043.25,1061.37,1080.14,1099.72,1120.36,1142.34,99999.00,99999.00,99999.00,99999.00,99999.00,99999.00,99999.00,99999.00,99999.00,99999.00,99999.00,99999.00,99999.00,99999.00,99999.00
99999.00,99999.00,99999.00,99999.00,99999.00,99999.00,99999.00,99999.00,99999.00,99999.00,99999.00,99999.00,99999.00,99999.00,99999.00,99999.00,99999.00,99999.00,99999.00,99999.00,99999.00,99999.00,99999.00,99999.00,99999.00,99999.00,99999.00,99999.00,99999.00,99999.00,99999.00,99999.00,99999.00,99999.00,99999.00,99999.00,99999.00,99999.00, 627.63, 619.24, 613.07, 608.20, 604.11, 602.56, 605.80, 609.31, 613.84, 620.53, 630.04, 641.54, 654.40, 668.32, 683.95, 699.54, 715.10, 730.65, 746.18, 761.71, 777.23, 792.75, 808.28, 823.84, 839.43, 855.06, 870.70, 885.98, 901.39, 916.97, 932.74, 948.72, 964.94, 981.43, 998.21,1015.36,1032.65,1050.35,1068.61,1087.64,1107.52,1128.42,1150.71,99999.00,99999.00,99999.00,99999.00,99999.00,99999.00,99999.00,99999.00,99999.00,99999.00,99999.00,99999.00,99999.00,99999.00,99999.00
99999.00,99999.00,99999.00,99999.00,99999.00,99999.00,99999.00,99999.00,99999.00,99999.00,99999.00,99999.00,99999.00,99999.00,99999.00,99999.00,99999.00,99999.00,99999.00,99999.00,99999.00,99999.00,99999.00,99999.00,99999.00,99999.00,99999.00,99999.00,99999.00,99999.00,99999.00,99999.00,99999.00,99999.00,99999.00,99999.00,99999.00,99999.00, 612.14, 603.60, 597.45, 592.68, 588.67, 587.23, 590.48, 594.32, 599.72, 607.79, 619.19, 633.25, 650.00, 666.68, 683.30, 699.88, 716.43, 732.96, 749.47, 765.98, 782.48, 798.61, 814.17, 829.74, 845.35, 861.01, 876.82, 892.79, 908.80, 924.48, 940.31, 956.36, 972.66, 989.23,1006.17,1023.50,1041.24,1059.47,1078.01,1097.18,1117.19,1138.37,1160.94,99999.00,99999.00,99999.00,99999.00,99999.00,99999.00,99999.00,99999.00,99999.00,99999.00,99999.00,99999.00,99999.00,99999.00,99999.00
99999.00,99999.00,99999.00,99999.00,99999.00,99999.00,99999.00,99999.00,99999.00,99999.00,99999.00,99999.00,99999.00,99999.00,99999.00,99999.00,99999.00,99999.00,99999.00,99999.00,99999.00,99999.00,99999.00,99999.00,99999.00,99999.00,99999.00,99999.00,99999.00,99999.00,99999.00,99999.00,99999.00,99999.00,99999.00,99999.00,99999.00,99999.00, 596.71, 588.07, 581.83, 577.08, 573.13, 571.74, 574.90, 579.18, 585.63, 595.69,99999.00,99999.00,99999.00,99999.00,99999.00,99999.00,99999.00,99999.00,99999.00,99999.00,99999.00,99999.00,99999.00,99999.00,99999.00,99999.00,99999.00,99999.00,99999.00,99999.00,99999.00,99999.00,99999.00,99999.00,99999.00,99999.00,99999.00,99999.00,99999.00,99999.00,99999.00,99999.00,99999.00,99999.00,99999.00,99999.00,99999.00,99999.00,99999.00,99999.00,99999.00,99999.00,99999.00,99999.00,99999.00,99999.00,99999.00,99999.00
99999.00,99999.00,99999.00,99999.00,99999.00,99999.00,99999.00,99999.00,99999.00,99999.00,99999.00,99999.00,99999.00,99999.00,99999.00,99999.00,99999.00,99999.00,99999.00,99999.00,99999.00,99999.00,99999.00,99999.00,99999.00,99999.00,99999.00,99999.00,99999.00,99999.00,99999.00,99999.00,99999.00,99999.00,99999.00,99999.00,99999.00,99999.00, 581.16, 572.56, 566.23, 561.44, 557.51, 556.09, 559.06, 563.87, 571.30,99999.00,99999.00,99999.00,99999.00,99999.00,99999.00,99999.00,99999.00,99999.00,99999.00,99999.00,99999.00,99999.00,99999.00,99999.00,99999.00,99999.00,99999.00,99999.00,99999.00,99999.00,99999.00,99999.00,99999.00,99999.00,99999.00,99999.00,99999.00,99999.00,99999.00,99999.00,99999.00,99999.00,99999.00,99999.00,99999.00,99999.00,99999.00,99999.00,99999.00,99999.00,99999.00,99999.00,99999.00,99999.00,99999.00,99999.00,99999.00,99999.00
99999.00,99999.00,99999.00,99999.00,99999.00,99999.00,99999.00,99999.00,99999.00,99999.00,99999.00,99999.00,99999.00,99999.00,99999.00,99999.00,99999.00,99999.00,99999.00,99999.00,99999.00,99999.00,99999.00,99999.00,99999.00,99999.00,99999.00,99999.00,99999.00,99999.00,99999.00,99999.00,99999.00,99999.00,99999.00,99999.00,99999.00,99999.00, 565.58, 557.08, 550.63, 545.82, 541.84, 540.32, 542.99, 548.36,99999.00,99999.00,99999.00,99999.00,99999.00,99999.00,99999.00,99999.00,99999.00,99999.00,99999.00,99999.00,99999.00,99999.00,99999.00,99999.00,99999.00,99999.00,99999.00,99999.00,99999.00,99999.00,99999.00,99999.00,99999.00,99999.00,99999.00,99999.00,99999.00,99999.00,99999.00,99999.00,99999.00,99999.00,99999.00,99999.00,99999.00,99999.00,99999.00,99999.00,99999.00,99999.00,99999.00,99999.00,99999.00,99999.00,99999.00,99999.00,99999.00,99999.00
99999.00,99999.00,99999.00,99999.00,99999.00,99999.00,99999.00,99999.00,99999.00,99999.00,99999.00,99999.00,99999.00,99999.00,99999.00,99999.00,99999.00,99999.00,99999.00,99999.00,99999.00,99999.00,99999.00,99999.00,99999.00,99999.00,99999.00,99999.00,99999.00,99999.00,99999.00,99999.00,99999.00,99999.00,99999.00,99999.00,99999.00,99999.00, 549.96, 541.41, 535.08, 530.13, 526.15, 524.49, 526.76, 532.45,99999.00,99999.00,99999.00,99999.00,99999.00,99999.00,99999.00,99999.00,99999.00,99999.00,99999.00,99999.00,99999.00,99999.00,99999.00,99999.00,99999.00,99999.00,99999.00,99999.00,99999.00,99999.00,99999.00,99999.00,99999.00,99999.00,99999.00,99999.00,99999.00,99999.00,99999.00,99999.00,99999.00,99999.00,99999.00,99999.00,99999.00,99999.00,99999.00,99999.00,99999.00,99999.00,99999.00,99999.00,99999.00,99999.00,99999.00,99999.00,99999.00,99999.00
99999.00,99999.00,99999.00,99999.00,99999.00,99999.00,99999.00,99999.00,99999.00,99999.00,99999.00,99999.00,99999.00,99999.00,99999.00,99999.00,99999.00,99999.00,99999.00,99999.00,99999.00,99999.00,99999.00,99999.00,99999.00,99999.00,99999.00,99999.00,99999.00,99999.00,99999.00,99999.00,99999.00,99999.00,99999.00,99999.00,99999.00,99999.00, 534.17, 525.70, 519.47, 514.49, 510.47, 508.68, 510.51, 516.06,99999.00,99999.00,99999.00,99999.00,99999.00,99999.00,99999.00,99999.00,99999.00,99999.00,99999.00,99999.00,99999.00,99999.00,99999.00,99999.00,99999.00,99999.00,99999.00,99999.00,99999.00,99999.00,99999.00,99999.00,99999.00,99999.00,99999.00,99999.00,99999.00,99999.00,99999.00,99999.00,99999.00,99999.00,99999.00,99999.00,99999.00,99999.00,99999.00,99999.00,99999.00,99999.00,99999.00,99999.00,99999.00,99999.00,99999.00,99999.00,99999.00,99999.00
99999.00,99999.00,99999.00,99999.00,99999.00,99999.00,99999.00,99999.00,99999.00,99999.00,99999.00,99999.00,99999.00,99999.00,99999.00,99999.00,99999.00,99999.00,99999.00,99999.00,99999.00,99999.00,99999.00,99999.00,99999.00,99999.00,99999.00,99999.00,99999.00,99999.00,99999.00,99999.00,99999.00,99999.00,99999.00,99999.00,99999.00,99999.00, 518.04, 509.84, 503.60, 498.78, 494.72, 492.86, 494.32, 499.67,99999.00,99999.00,99999.00,99999.00,99999.00,99999.00,99999.00,99999.00,99999.00,99999.00,99999.00,99999.00,99999.00,99999.00,99999.00,99999.00,99999.00,99999.00,99999.00,99999.00,99999.00,99999.00,99999.00,99999.00,99999.00,99999.00,99999.00,99999.00,99999.00,99999.00,99999.00,99999.00,99999.00,99999.00,99999.00,99999.00,99999.00,99999.00,99999.00,99999.00,99999.00,99999.00,99999.00,99999.00,99999.00,99999.00,99999.00,99999.00,99999.00,99999.00
99999.00,99999.00,99999.00,99999.00,99999.00,99999.00,99999.00,99999.00,99999.00,99999.00,99999.00,99999.00,99999.00,99999.00,99999.00,99999.00,99999.00,99999.00,99999.00,99999.00,99999.00,99999.00,99999.00,99999.00,99999.00,99999.00,99999.00,99999.00,99999.00,99999.00,99999.00,99999.00,99999.00,99999.00,99999.00,99999.00,99999.00,99999.00, 501.63, 493.86, 487.71, 483.00, 478.92, 476.98, 478.10, 483.34,99999.00,99999.00,99999.00,99999.00,99999.00,99999.00,99999.00,99999.00,99999.00,99999.00,99999.00,99999.00,99999.00,99999.00,99999.00,99999.00,99999.00,99999.00,99999.00,99999.00,99999.00,99999.00,99999.00,99999.00,99999.00,99999.00,99999.00,99999.00,99999.00,99999.00,99999.00,99999.00,99999.00,99999.00,99999.00,99999.00,99999.00,99999.00,99999.00,99999.00,99999.00,99999.00,99999.00,99999.00,99999.00,99999.00,99999.00,99999.00,99999.00,99999.00
99999.00,99999.00,99999.00,99999.00,99999.00,99999.00,99999.00,99999.00,99999.00,99999.00,99999.00,99999.00,99999.00,99999.00,99999.00,99999.00,99999.00,99999.00,99999.00,99999.00,99999.00,99999.00,99999.00,99999.00,99999.00,99999.00,99999.00,99999.00,99999.00,99999.00,99999.00,99999.00,99999.00,99999.00,99999.00,99999.00,99999.00,99999.00, 484.70, 477.55, 471.68, 466.97, 463.05, 461.05, 461.82, 466.36,99999.00,99999.00,99999.00,99999.00,99999.00,99999.00,99999.00,99999.00,99999.00,99999.00,99999.00,99999.00,99999.00,99999.00,99999.00,99999.00,99999.00,99999.00,99999.00,99999.00,99999.00,99999.00,99999.00,99999.00,99999.00,99999.00,99999.00,99999.00,99999.00,99999.00,99999.00,99999.00,99999.00,99999.00,99999.00,99999.00,99999.00,99999.00,99999.00,99999.00,99999.00,99999.00,99999.00,99999.00,99999.00,99999.00,99999.00,99999.00,99999.00,99999.00
99999.00,99999.00,99999.00,99999.00,99999.00,99999.00,99999.00,99999.00,99999.00,99999.00,99999.00,99999.00,99999.00,99999.00,99999.00,99999.00,99999.00,99999.00,99999.00,99999.00,99999.00,99999.00,99999.00,99999.00,99999.00,99999.00,99999.00,99999.00,99999.00,99999.00,99999.00,99999.00,99999.00,99999.00,99999.00,99999.00,99999.00, 477.05, 467.89, 461.03, 455.58, 450.95, 447.19, 445.11, 445.53, 449.37,99999.00,99999.00,99999.00,99999.00,99999.00,99999.00,99999.00,99999.00,99999.00,99999.00,99999.00,99999.00,99999.00,99999.00,99999.00,99999.00,99999.00,99999.00,99999.00,99999.00,99999.00,99999.00,99999.00,99999.00,99999.00,99999.00,99999.00,99999.00,99999.00,99999.00,99999.00,99999.00,99999.00,99999.00,99999.00,99999.00,99999.00,99999.00,99999.00,99999.00,99999.00,99999.00,99999.00,99999.00,99999.00,99999.00,99999.00,99999.00,99999.00,99999.00
99999.00,99999.00,99999.00,99999.00,99999.00,99999.00,99999.00,99999.00,99999.00,99999.00,99999.00,99999.00,99999.00,99999.00,99999.00,99999.00,99999.00,99999.00,99999.00,99999.00,99999.00,99999.00,99999.00,99999.00,99999.00,99999.00,99999.00,99999.00,99999.00,99999.00,99999.00,99999.00,99999.00,99999.00,99999.00,99999.00, 470.04, 459.98, 451.37, 444.58, 439.50, 435.03, 431.39, 429.20, 429.26, 432.38,99999.00,99999.00,99999.00,99999.00,99999.00,99999.00,99999.00,99999.00,99999.00,99999.00,99999.00,99999.00,99999.00,99999.00,99999.00,99999.00,99999.00,99999.00,99999.00,99999.00,99999.00,99999.00,99999.00,99999.00,99999.00,99999.00,99999.00,99999.00,99999.00,99999.00,99999.00,99999.00,99999.00,99999.00,99999.00,99999.00,99999.00,99999.00,99999.00,99999.00,99999.00,99999.00,99999.00,99999.00,99999.00,99999.00,99999.00,99999.00,99999.00,99999.00
99999.00,99999.00,99999.00,99999.00,99999.00,99999.00,99999.00,99999.00,99999.00,99999.00,99999.00,99999.00,99999.00,99999.00,99999.00, 754.43, 731.82, 710.97, 691.22, 672.66, 654.93, 637.83, 621.41, 606.27, 592.30, 577.50, 562.40, 548.18, 534.83, 522.20, 511.46, 501.66, 492.04, 482.57, 473.06, 463.17, 453.34, 443.77, 435.59, 428.70, 423.54, 419.26, 415.69, 413.37, 413.04, 415.43,99999.00,99999.00,99999.00,99999.00,99999.00,99999.00,99999.00,99999.00,99999.00,99999.00,99999.00,99999.00,99999.00,99999.00,99999.00,99999.00,99999.00,99999.00,99999.00,99999.00,99999.00,99999.00,99999.00,99999.00,99999.00,99999.00,99999.00,99999.00,99999.00,99999.00,99999.00,99999.00,99999.00,99999.00,99999.00,99999.00,99999.00,99999.00,99999.00,99999.00,99999.00,99999.00,99999.00,99999.00,99999.00,99999.00,99999.00,99999.00,99999.00,99999.00
99999.00,99999.00,99999.00,99999.00,99999.00,99999.00,99999.00,99999.00,99999.00,99999.00,99999.00,99999.00,99999.00,99999.00,99999.00, 740.94, 718.46, 697.55, 678.05, 659.41, 641.78, 624.78, 608.24, 592.30, 577.59, 564.00, 549.56, 534.79, 520.87, 507.80, 495.42, 484.91, 475.29, 465.86, 456.52, 447.10, 437.67, 428.54, 420.31, 413.33, 407.83, 403.69, 400.13, 397.63, 396.89, 398.53,99999.00,99999.00,99999.00,99999.00,99999.00,99999.00,99999.00,99999.00,99999.00,99999.00,99999.00,99999.00,99999.00,99999.00,99999.00,99999.00,99999.00,99999.00,99999.00,99999.00,99999.00,99999.00,99999.00,99999.00,99999.00,99999.00,99999.00,99999.00,99999.00,99999.00,99999.00,99999.00,99999.00,99999.00,99999.00,99999.00,99999.00,99999.00,99999.00,99999.00,99999.00,99999.00,99999.00,99999.00,99999.00,99999.00,99999.00,99999.00,99999.00,99999.00
99999.00,99999.00,99999.00,99999.00,99999.00,99999.00,99999.00,99999.00,99999.00,99999.00,99999.00,99999.00,99999.00,99999.00,99999.00, 730.70, 707.58, 686.15, 666.38, 647.61, 629.87, 612.96, 596.53, 580.47, 564.95, 550.64, 537.42, 523.33, 508.89, 495.27, 482.48, 470.35, 460.04, 450.60, 441.32, 432.10, 423.00, 414.11, 405.77, 398.73, 392.79, 388.32, 384.73, 382.03, 380.84, 381.71,99999.00,99999.00,99999.00,99999.00,99999.00,99999.00,99999.00,99999.00,99999.00,99999.00,99999.00,99999.00,99999.00,99999.00,99999.00,99999.00,99999.00,99999.00,99999.00,99999.00,99999.00,99999.00,99999.00,99999.00,99999.00,99999.00,99999.00,99999.00,99999.00,99999.00,99999.00,99999.00,99999.00,99999.00,99999.00,99999.00,99999.00,99999.00,99999.00,99999.00,99999.00,99999.00,99999.00,99999.00,99999.00,99999.00,99999.00,99999.00,99999.00,99999.00
99999.00,99999.00,99999.00,99999.00,99999.00,99999.00,99999.00,99999.00,99999.00,99999.00,99999.00,99999.00,99999.00,99999.00,99999.00, 722.89, 699.23, 677.18, 656.76, 637.48, 619.45, 602.15, 585.56, 569.55, 553.92, 538.82, 524.90, 512.07, 498.34, 484.23, 470.93, 458.42, 446.55, 436.45, 427.17, 418.03, 409.05, 400.28, 391.97, 384.55, 378.25, 373.25, 369.51, 366.56, 364.91, 364.97,99999.00,99999.00,99999.00,99999.00,99999.00,99999.00,99999.00,99999.00,99999.00,99999.00,99999.00,99999.00,99999.00,99999.00,99999.00,99999.00,99999.00,99999.00,99999.00,99999.00,99999.00,99999.00,99999.00,99999.00,99999.00,99999.00,99999.00,99999.00,99999.00,99999.00,99999.00,99999.00,99999.00,99999.00,99999.00,99999.00,99999.00,99999.00,99999.00,99999.00,99999.00,99999.00,99999.00,99999.00,99999.00,99999.00,99999.00,99999.00,99999.00,99999.00
99999.00,99999.00,99999.00,99999.00,99999.00,99999.00,99999.00,99999.00,99999.00,99999.00,99999.00,99999.00,99999.00,99999.00,99999.00, 716.39, 692.82, 670.45, 649.04, 629.13, 610.46, 592.64, 575.77, 559.36, 543.53, 528.22, 513.54, 500.03, 487.59, 474.24, 460.49, 447.51, 435.30, 423.68, 413.79, 404.71, 395.80, 387.08, 378.78, 371.01, 364.45, 358.83, 354.47, 351.24, 349.09, 348.34,99999.00,99999.00,99999.00,99999.00,99999.00,99999.00,99999.00,99999.00,99999.00,99999.00,99999.00,99999.00,99999.00,99999.00,99999.00,99999.00,99999.00,99999.00,99999.00,99999.00,99999.00,99999.00,99999.00,99999.00,99999.00,99999.00,99999.00,99999.00,99999.00,99999.00,99999.00,99999.00,99999.00,99999.00,99999.00,99999.00,99999.00,99999.00,99999.00,99999.00,99999.00,99999.00,99999.00,99999.00,99999.00,99999.00,99999.00,99999.00,99999.00,99999.00
99999.00,99999.00,99999.00,99999.00,99999.00,99999.00,99999.00,99999.00,99999.00,99999.00,99999.00,99999.00,99999.00,99999.00,99999.00, 711.07, 687.39, 664.93, 643.42, 622.69, 602.91, 584.47, 566.96, 550.03, 533.92, 518.24, 503.14, 488.91, 475.85, 463.83, 450.87, 437.49, 424.85, 412.92, 401.55, 391.87, 383.02, 374.38, 365.98, 358.09, 351.00, 344.89, 339.88, 336.07, 333.38, 331.77,99999.00,99999.00,99999.00,99999.00,99999.00,99999.00,99999.00,99999.00,99999.00,99999.00,99999.00,99999.00,99999.00,99999.00,99999.00,99999.00,99999.00,99999.00,99999.00,99999.00,99999.00,99999.00,99999.00,99999.00,99999.00,99999.00,99999.00,99999.00,99999.00,99999.00,99999.00,99999.00,99999.00,99999.00,99999.00,99999.00,99999.00,99999.00,99999.00,99999.00,99999.00,99999.00,99999.00,99999.00,99999.00,99999.00,99999.00,99999.00,99999.00,99999.00
99999.00,99999.00,99999.00,99999.00,99999.00,99999.00,99999.00,99999.00,99999.00,99999.00,99999.00,99999.00,99999.00,99999.00,99999.00, 707.47, 683.52, 660.78, 638.99, 617.99, 597.64, 577.82, 559.19, 541.64, 524.89, 508.73, 493.42, 478.55, 464.83, 452.24, 440.68, 428.14, 415.13, 402.81, 391.17, 380.04, 370.60, 361.99, 353.63, 345.67, 338.12, 331.66, 325.94, 321.23, 317.73, 315.22,99999.00,99999.00,99999.00,99999.00,99999.00,99999.00,99999.00,99999.00,99999.00,99999.00,99999.00,99999.00,99999.00,99999.00,99999.00,99999.00,99999.00,99999.00,99999.00,99999.00,99999.00,99999.00,99999.00,99999.00,99999.00,99999.00,99999.00,99999.00,99999.00,99999.00,99999.00,99999.00,99999.00,99999.00,99999.00,99999.00,99999.00,99999.00,99999.00,99999.00,99999.00,99999.00,99999.00,99999.00,99999.00,99999.00,99999.00,99999.00,99999.00,99999.00
99999.00,99999.00,99999.00,99999.00,99999.00,99999.00,99999.00,99999.00,99999.00,99999.00,99999.00,99999.00,99999.00,99999.00,99999.00, 705.74, 681.31, 658.09, 635.83, 614.36, 593.54, 573.24, 553.33, 534.37, 516.52, 499.78, 483.92, 468.69, 454.40, 441.24, 429.17, 418.08, 405.97, 393.33, 381.33, 369.96, 359.08, 349.89, 341.50, 333.42, 325.77, 318.74, 312.47, 307.00, 302.36, 298.75,99999.00,99999.00,99999.00,99999.00,99999.00,99999.00,99999.00,99999.00,99999.00,99999.00,99999.00,99999.00,99999.00,99999.00,99999.00,99999.00,99999.00,99999.00,99999.00,99999.00,99999.00,99999.00,99999.00,99999.00,99999.00,99999.00,99999.00,99999.00,99999.00,99999.00,99999.00,99999.00,99999.00,99999.00,99999.00,99999.00,99999.00,99999.00,99999.00,99999.00,99999.00,99999.00,99999.00,99999.00,99999.00,99999.00,99999.00,99999.00,99999.00,99999.00
99999.00,99999.00,99999.00,99999.00,99999.00,99999.00,99999.00,99999.00,99999.00,99999.00,99999.00,99999.00,99999.00,99999.00,99999.00, 706.49, 681.34, 657.40, 634.42, 612.22, 590.68, 569.66, 549.04, 528.89, 509.61, 491.55, 474.73, 459.09, 444.35, 430.72, 418.16, 406.64, 396.03, 384.34, 372.06, 360.36, 349.26, 338.64, 329.66, 321.50, 313.73, 306.21, 299.52, 293.29, 287.71, 282.89, 278.73,99999.00,99999.00,99999.00,99999.00,99999.00,99999.00,99999.00,99999.00,99999.00,99999.00,99999.00,99999.00,99999.00,99999.00,99999.00,99999.00,99999.00,99999.00,99999.00,99999.00,99999.00,99999.00,99999.00,99999.00,99999.00,99999.00,99999.00,99999.00,99999.00,99999.00,99999.00,99999.00,99999.00,99999.00,99999.00,99999.00,99999.00,99999.00,99999.00,99999.00,99999.00,99999.00,99999.00,99999.00,99999.00,99999.00,99999.00,99999.00,99999.00
99999.00,99999.00,99999.00,99999.00,99999.00,99999.00,99999.00,99999.00,99999.00,99999.00,99999.00,99999.00,99999.00,99999.00,99999.00, 710.49, 684.28, 659.27, 635.23, 611.96, 589.36, 567.28, 545.61, 524.31, 503.74, 484.63, 466.61, 449.91, 434.46, 420.49, 407.56, 395.62, 384.64, 374.51, 363.23, 351.29, 339.90, 329.06, 318.66, 309.78, 301.79, 294.08, 286.83, 280.11, 273.90, 268.03, 262.64, 257.54,99999.00,99999.00,99999.00,99999.00,99999.00,99999.00,99999.00,99999.00,99999.00,99999.00,99999.00,99999.00,99999.00,99999.00,99999.00,99999.00,99999.00,99999.00,99999.00,99999.00,99999.00,99999.00,99999.00,99999.00,99999.00,99999.00,99999.00,99999.00,99999.00,99999.00,99999.00,99999.00,99999.00,99999.00,99999.00,99999.00,99999.00,99999.00,99999.00,99999.00,99999.00,99999.00,99999.00,99999.00,99999.00,99999.00,99999.00,99999.00
99999.00,99999.00,99999.00,99999.00,99999.00,99999.00,99999.00,99999.00,99999.00,99999.00,99999.00,99999.00,99999.00,99999.00,99999.00,99999.00,99999.00,99999.00,99999.00,99999.00,99999.00,99999.00,99999.00,99999.00, 498.63, 477.98, 459.06, 441.73, 425.45, 410.37, 397.21, 384.98, 373.66, 363.22, 353.54, 342.63, 331.03, 319.91, 309.24, 298.96, 290.14, 282.33, 274.61, 267.55, 260.69, 254.19, 247.96, 241.89, 236.72, 232.90, 229.13, 225.65, 222.86, 220.93, 219.43, 218.30, 217.37, 218.91, 220.65, 222.60, 224.80, 227.20, 229.76, 232.48, 235.40, 238.52, 241.88, 245.51, 249.45, 253.74, 258.44, 263.61, 269.36, 275.44, 281.88, 288.79, 296.23, 304.72, 314.15, 325.13, 338.07,99999.00,99999.00,99999.00,99999.00,99999.00,99999.00,99999.00,99999.00,99999.00,99999.00,99999.00,99999.00,99999.00,99999.00,99999.00
99999.00,99999.00,99999.00,99999.00,99999.00,99999.00,99999.00,99999.00,99999.00,99999.00,99999.00,99999.00,99999.00,99999.00,99999.00,99999.00,99999.00,99999.00,99999.00,99999.00,99999.00,99999.00,99999.00,99999.00,99999.00, 471.72, 451.74, 433.54, 416.87, 401.52, 386.95, 374.58, 363.04, 352.31, 342.36, 333.11, 322.54, 311.17, 300.24, 289.72, 279.52, 270.73, 262.87, 255.33, 248.14, 241.23, 234.44, 227.81, 221.29, 217.25, 213.52, 210.11, 207.32, 205.38, 203.85, 202.70, 201.75, 203.26, 204.95, 206.86, 208.98, 211.24, 213.65, 216.21, 218.96, 221.90, 225.06, 228.48, 232.18, 236.22, 240.64, 245.51, 250.92, 256.63, 262.64, 269.20, 276.40, 284.46, 293.78, 304.28, 316.82,99999.00,99999.00,99999.00,99999.00,99999.00,99999.00,99999.00,99999.00,99999.00,99999.00,99999.00,99999.00,99999.00,99999.00,99999.00
99999.00,99999.00,99999.00,99999.00,99999.00,99999.00,99999.00,99999.00,99999.00,99999.00,99999.00,99999.00,99999.00,99999.00,99999.00,99999.00,99999.00,99999.00,99999.00,99999.00,99999.00,99999.00,99999.00,99999.00,99999.00,99999.00, 444.38, 425.54, 408.47, 392.66, 377.97, 364.28, 352.67, 341.77, 331.57, 322.06, 313.12, 302.81, 291.66, 280.90, 270.49, 260.35, 251.57, 243.66, 236.27, 228.96, 221.87, 214.96, 208.15, 202.78, 199.09, 195.73, 192.96, 190.98, 189.43, 188.25, 187.28, 188.75, 190.40, 192.25, 194.25, 196.37, 198.63, 201.03, 203.61, 206.36, 209.33, 212.53, 216.00, 219.79, 223.94, 228.50, 233.57, 238.90, 244.68, 250.87, 257.89, 265.57, 274.41, 284.81, 296.80,99999.00,99999.00,99999.00,99999.00,99999.00,99999.00,99999.00,99999.00,99999.00,99999.00,99999.00,99999.00,99999.00,99999.00,99999.00
99999.00,99999.00,99999.00,99999.00,99999.00,99999.00,99999.00,99999.00,99999.00,99999.00,99999.00,99999.00,99999.00,99999.00,99999.00,99999.00,99999.00,99999.00,99999.00,99999.00,99999.00,99999.00,99999.00,99999.00,99999.00,99999.00, 436.82, 417.57, 400.18, 384.14, 369.29, 355.30, 342.41, 331.48, 321.13, 311.35, 302.18, 293.53, 283.46, 272.50, 261.88, 251.57, 241.48, 232.71, 224.77, 217.32, 210.09, 202.95, 196.05, 189.19, 185.53, 182.23, 179.45, 177.45, 175.86, 174.65, 173.64, 175.07, 176.68, 178.44, 180.31, 182.29, 184.39, 186.64, 189.04, 191.61, 194.38, 197.37, 200.61, 204.14, 208.01, 212.27, 217.00, 222.05, 227.53, 233.48, 240.07, 247.64, 256.00, 265.84, 277.68,99999.00,99999.00,99999.00,99999.00,99999.00,99999.00,99999.00,99999.00,99999.00,99999.00,99999.00,99999.00,99999.00,99999.00,99999.00
99999.00,99999.00,99999.00,99999.00,99999.00,99999.00,99999.00,99999.00,99999.00,99999.00,99999.00,99999.00,99999.00,99999.00,99999.00,99999.00,99999.00,99999.00,99999.00,99999.00,99999.00,99999.00,99999.00,99999.00,99999.00,99999.00, 429.24, 409.76, 392.10, 375.91, 360.89, 346.76, 333.50, 321.31, 310.90, 300.99, 291.57, 282.72, 274.33, 264.48, 253.70, 243.21, 233.00, 222.97, 214.23, 206.30, 198.87, 191.67, 184.72, 177.86, 172.65, 169.39, 166.61, 164.56, 162.93, 161.68, 160.64, 162.02, 163.57, 165.20, 166.94, 168.78, 170.73, 172.82, 175.04, 177.43, 180.00, 182.78, 185.79, 189.07, 192.66, 196.62, 201.01, 205.84, 210.95, 216.72, 222.93, 230.02, 238.27, 247.57, 258.75,99999.00,99999.00,99999.00,99999.00,99999.00,99999.00,99999.00,99999.00,99999.00,99999.00,99999.00,99999.00,99999.00,99999.00,99999.00
99999.00,99999.00,99999.00,99999.00,99999.00,99999.00,99999.00,99999.00,99999.00,99999.00,99999.00,99999.00,99999.00,99999.00,99999.00,99999.00,99999.00,99999.00,99999.00,99999.00,99999.00,99999.00,99999.00,99999.00,99999.00,99999.00, 421.96, 402.29, 384.51, 368.14, 352.88, 338.63, 325.22, 312.46, 300.81, 290.85, 281.33, 272.24, 263.67, 255.53, 245.89, 235.27, 224.92, 214.81, 204.87, 196.20, 188.35, 181.01, 173.95, 167.11, 160.30, 157.06, 154.27, 152.16, 150.49, 149.20, 148.11, 149.45, 150.88, 152.40, 154.00, 155.69, 157.50, 159.42, 161.48, 163.68, 166.06, 168.62, 171.40, 174.43, 177.74, 181.40, 185.45, 189.98, 194.84, 200.18, 206.29, 212.89, 220.59, 229.73, 240.35,99999.00,99999.00,99999.00,99999.00,99999.00,99999.00,99999.00,99999.00,99999.00,99999.00,99999.00,99999.00,99999.00,99999.00,99999.00
99999.00,99999.00,99999.00,99999.00,99999.00,99999.00,99999.00,99999.00,99999.00,99999.00,99999.00,99999.00,99999.00,99999.00,99999.00,99999.00,99999.00,99999.00,99999.00,99999.00,99999.00,99999.00,99999.00,99999.00,99999.00,99999.00, 415.21, 395.25, 377.25, 360.70, 345.34, 330.94, 317.32, 304.37, 292.00, 280.83, 271.28, 262.11, 253.34, 245.03, 237.12, 227.67, 217.22, 207.01, 197.03, 187.21, 178.67, 170.96, 163.79, 156.84, 150.06, 145.14, 142.32, 140.16, 138.43, 137.09, 135.96, 137.20, 138.52, 139.90, 141.37, 142.92, 144.58, 146.34, 148.23, 150.25, 152.42, 154.77, 157.32, 160.10, 163.14, 166.49, 170.20, 174.35, 179.04, 184.00, 189.62, 196.12, 203.28, 211.76, 222.09,99999.00,99999.00,99999.00,99999.00,99999.00,99999.00,99999.00,99999.00,99999.00,99999.00,99999.00,99999.00,99999.00,99999.00,99999.00
99999.00,99999.00,99999.00,99999.00,99999.00,99999.00,99999.00,99999.00,99999.00,99999.00,99999.00,99999.00,99999.00,99999.00,99999.00,99999.00,99999.00,99999.00,99999.00,99999.00,99999.00,99999.00,99999.00,99999.00,99999.00,99999.00, 408.75, 388.69, 370.46, 353.63, 338.07, 323.51, 309.79, 296.65, 284.10, 272.06, 261.32, 252.15, 243.32, 234.83, 226.78, 219.09, 209.84, 199.57, 189.52, 179.69, 170.03, 161.65, 154.14, 147.09, 140.20, 133.52, 130.68, 128.45, 126.65, 125.25, 124.04, 125.17, 126.37, 127.63, 128.96, 130.37, 131.88, 133.48, 135.20, 137.03, 139.01, 141.15, 143.46, 145.98, 148.75, 151.79, 155.17, 158.95, 163.20, 168.05, 173.19, 179.14, 186.14, 194.05, 203.60,99999.00,99999.00,99999.00,99999.00,99999.00,99999.00,99999.00,99999.00,99999.00,99999.00,99999.00,99999.00,99999.00,99999.00,99999.00
99999.00,99999.00,99999.00,99999.00,99999.00,99999.00,99999.00,99999.00,99999.00,99999.00,99999.00,99999.00,99999.00,99999.00,99999.00,99999.00,99999.00,99999.00,99999.00,99999.00,99999.00,99999.00,99999.00,99999.00,99999.00,99999.00, 402.54, 382.39, 363.97, 346.97, 331.21, 316.39, 302.41, 289.14, 276.52, 264.33, 252.60, 242.26, 233.45, 224.93, 216.72, 208.92, 201.45, 192.40, 182.31, 172.44, 162.79, 153.31, 145.15, 137.76, 130.76, 123.95, 119.26, 116.95, 115.08, 113.59, 112.26, 113.28, 114.36, 115.49, 116.69, 117.96, 119.32, 120.76, 122.30, 123.96, 125.74, 127.66, 129.74, 132.01, 134.50, 137.24, 140.28, 143.68, 147.51, 151.88, 156.92, 162.32, 168.66, 176.28, 185.28,99999.00,99999.00,99999.00,99999.00,99999.00,99999.00,99999.00,99999.00,99999.00,99999.00,99999.00,99999.00,99999.00,99999.00,99999.00
99999.00,99999.00,99999.00,99999.00,99999.00,99999.00,99999.00,99999.00,99999.00,99999.00,99999.00,99999.00,99999.00,99999.00,99999.00,99999.00,99999.00,99999.00,99999.00,99999.00,99999.00,99999.00,99999.00,99999.00,99999.00,99999.00, 396.47, 376.20, 357.60, 340.51, 324.58, 309.57, 295.38, 281.89, 269.05, 256.77, 245.01, 233.58, 223.63, 215.15, 206.94, 199.00, 191.44, 184.19, 175.34, 165.44, 155.76, 146.31, 137.04, 129.00, 121.65, 114.72, 107.98, 105.59, 103.60, 101.99, 100.55, 101.46, 102.41, 103.42, 104.49, 105.62, 106.82, 108.11, 109.48, 110.95, 112.53, 114.24, 116.09, 118.11, 120.32, 122.76, 125.46, 128.48, 131.88, 135.77, 140.24, 145.49, 151.27, 158.11, 166.55,99999.00,99999.00,99999.00,99999.00,99999.00,99999.00,99999.00,99999.00,99999.00,99999.00,99999.00,99999.00,99999.00,99999.00,99999.00
99999.00,99999.00,99999.00,99999.00,99999.00,99999.00,99999.00,99999.00,99999.00,99999.00,99999.00,99999.00,99999.00,99999.00,99999.00,99999.00,99999.00,99999.00,99999.00,99999.00,99999.00,99999.00,99999.00,99999.00,99999.00,99999.00, 390.64, 370.25, 351.39, 334.06, 317.99, 302.85, 288.52, 274.88, 261.87, 249.42, 237.49, 226.02, 215.00, 205.40, 197.25, 189.33, 181.65, 174.33, 167.29, 158.65, 148.95, 139.46, 130.21, 121.05, 113.03, 105.72,  98.84,  94.26,  92.13,  90.39,  88.85,  89.64,  90.47,  91.36,  92.29,  93.28,  94.33,  95.45,  96.65,  97.94,  99.32, 100.82, 102.44, 104.21, 106.14, 108.27, 110.64, 113.28, 116.26, 119.66, 123.57, 128.17, 133.65, 139.94, 147.43,99999.00,99999.00,99999.00,99999.00,99999.00,99999.00,99999.00,99999.00,99999.00,99999.00,99999.00,99999.00,99999.00,99999.00,99999.00
99999.00,99999.00,99999.00,99999.00,99999.00,99999.00,99999.00,99999.00,99999.00,99999.00,99999.00,99999.00,99999.00,99999.00,99999.00,99999.00,99999.00,99999.00,99999.00,99999.00,99999.00,99999.00,99999.00,99999.00,99999.00,99999.00, 385.08, 364.77, 345.77, 327.82, 311.46, 296.08, 281.64, 267.92, 254.83, 242.28, 230.23, 218.64, 207.47, 196.83, 187.58, 179.74, 172.09, 164.66, 157.56, 150.74, 142.29, 132.77, 123.48, 114.32, 105.16,  97.15,  89.85,  82.87,  80.60,  78.72,  77.07,  77.75,  78.46,  79.22,  80.02,  80.87,  81.77,  82.73,  83.76,  84.86,  86.05,  87.33,  88.72,  90.23,  91.89,  93.72,  95.75,  98.01, 100.57, 103.48, 106.84, 110.77, 115.47, 121.22, 128.25,99999.00,99999.00,99999.00,99999.00,99999.00,99999.00,99999.00,99999.00,99999.00,99999.00,99999.00,99999.00,99999.00,99999.00,99999.00
99999.00,99999.00,99999.00,99999.00,99999.00,99999.00,99999.00,99999.00,99999.00,99999.00,99999.00,99999.00,99999.00,99999.00,99999.00,99999.00,99999.00,99999.00,99999.00,99999.00,99999.00,99999.00,99999.00,99999.00,99999.00, 401.65, 380.22, 360.14, 341.21, 323.22, 306.04, 289.60, 274.88, 260.95, 247.79, 235.20, 223.11, 211.47, 200.23, 189.36, 179.08, 170.15, 162.60, 155.20, 148.00, 141.11, 135.00, 126.34, 116.86, 107.63,  98.46,  89.21,  81.12,  73.69,  68.93,  66.92,  65.15,  65.72,  66.31,  66.94,  67.61,  68.32,  69.07,  69.87,  70.73,  71.65,  72.64,  73.70,  74.86,  76.12,  77.51,  79.03,  80.72,  82.60,  84.73,  87.16,  89.96,  93.24,  97.15, 101.94, 107.98,99999.00,99999.00,99999.00,99999.00,99999.00,99999.00,99999.00,99999.00,99999.00,99999.00,99999.00,99999.00,99999.00,99999.00,99999.00
99999.00,99999.00,99999.00,99999.00,99999.00,99999.00,99999.00,99999.00,99999.00,99999.00,99999.00,99999.00,99999.00,99999.00,99999.00,99999.00,99999.00,99999.00,99999.00,99999.00,99999.00,99999.00,99999.00,99999.00, 418.94, 396.84, 375.93, 356.09, 337.22, 319.19, 301.94, 285.42, 269.55, 254.29, 240.89, 228.12, 216.02, 204.37, 193.14, 182.25, 171.68, 161.74, 153.11, 145.81, 138.64, 131.64, 125.03, 120.94, 111.01, 101.24,  91.77,  82.33,  72.96,  64.69,  57.06,  54.90,  53.01,  53.47,  53.94,  54.45,  54.98,  55.55,  56.15,  56.79,  57.48,  58.21,  59.00,  59.86,  60.78,  61.79,  62.90,  64.12,  65.47,  66.98,  68.68,  70.62,  72.86,  75.48,  78.62,  82.45,  87.28,99999.00,99999.00,99999.00,99999.00,99999.00,99999.00,99999.00,99999.00,99999.00,99999.00,99999.00,99999.00,99999.00,99999.00,99999.00
99999.00,99999.00,99999.00,99999.00,99999.00,99999.00,99999.00,99999.00,99999.00,99999.00,99999.00,99999.00,99999.00,99999.00,99999.00, 637.72, 609.60, 582.70, 556.75, 531.58, 507.07, 483.12, 459.65, 436.65, 414.33, 392.84, 372.26, 352.58, 333.70, 315.60, 298.25, 281.63, 265.68, 250.36, 235.61, 221.38, 209.08, 197.31, 186.09, 175.24, 164.70, 154.44, 144.80, 136.42, 129.35, 122.36, 115.52, 109.66, 107.27,  97.31,  85.69,  75.63,  65.88,  56.16,  47.64,  42.56,  40.57,  40.90,  41.26,  41.64,  42.04,  42.47,  42.92,  43.40,  43.91,  44.46,  45.06,  45.70,  46.39,  47.15,  47.98,  48.89,  49.90,  51.04,  52.31,  53.77,  55.45,  57.42,  59.77,  62.64,  66.26,99999.00,99999.00,99999.00,99999.00,99999.00,99999.00,99999.00,99999.00,99999.00,99999.00,99999.00,99999.00,99999.00,99999.00,99999.00
99999.00,99999.00,99999.00,99999.00,99999.00,99999.00,99999.00,99999.00,99999.00,99999.00,99999.00,99999.00,99999.00,99999.00,99999.00, 629.37, 601.83, 575.50, 550.13, 525.54, 501.61, 478.24, 455.35, 432.91, 411.03, 389.82, 369.33, 349.59, 330.59, 312.33, 294.83, 278.08, 262.04, 246.66, 231.88, 217.65, 203.90, 190.59, 179.22, 168.27, 157.78, 147.57, 137.59, 128.20, 120.04, 113.10, 106.21,  99.71,  95.83,  94.06,  83.67,  71.63,  59.33,  48.86,  38.57,  29.81,  27.69,  27.91,  28.15,  28.41,  28.67,  28.96,  29.26,  29.58,  29.92,  30.29,  30.68,  31.11,  31.57,  32.08,  32.63,  33.24,  33.91,  34.67,  35.52,  36.49,  37.61,  38.92,  40.49,  42.40,  44.82,99999.00,99999.00,99999.00,99999.00,99999.00,99999.00,99999.00,99999.00,99999.00,99999.00,99999.00,99999.00,99999.00,99999.00,99999.00
99999.00,99999.00,99999.00,99999.00,99999.00,99999.00,99999.00,99999.00,99999.00,99999.00,99999.00,99999.00,99999.00,99999.00,99999.00, 628.93, 601.39, 575.06, 549.69, 525.10, 501.17, 477.80, 454.91, 432.46, 410.52, 389.14, 368.36, 348.22, 328.79, 310.15, 292.33, 275.33, 259.09, 243.57, 228.69, 214.39, 200.59, 187.25, 174.29, 161.68, 151.06, 140.76, 130.80, 121.02, 111.80, 103.76,  96.88,  90.07,  84.24,  82.26,  81.41,  70.50,  57.79,  44.65,  31.08,  19.95,  14.24,  14.35,  14.47,  14.59,  14.73,  14.87,  15.02,  15.18,  15.35,  15.53,  15.73,  15.95,  16.18,  16.43,  16.71,  17.01,  17.35,  17.73,  18.15,  18.64,  19.20,  19.85,  20.64,  21.59,  22.80,99999.00,99999.00,99999.00,99999.00,99999.00,99999.00,99999.00,99999.00,99999.00,99999.00,99999.00,99999.00,99999.00,99999.00,99999.00
99999.00,99999.00,99999.00,99999.00,99999.00,99999.00,99999.00,99999.00,99999.00,99999.00,99999.00,99999.00,99999.00,99999.00,99999.00, 636.94, 608.82, 581.92, 555.97, 530.80, 506.29, 482.34, 458.87, 435.84, 413.28, 391.22, 369.68, 348.70, 328.46, 309.16, 290.84, 273.45, 256.92, 241.17, 226.12, 211.68, 197.78, 184.34, 171.31, 158.64, 146.26, 134.13, 124.07, 114.24, 104.62,  95.50,  87.50,  80.61,  74.08,  70.25,  69.08,  70.35,  58.20,  44.44,  30.07,  15.19,   0.00,   0.00,   0.00,   0.00,   0.00,   0.00,   0.00,   0.00,   0.00,   0.00,   0.00,   0.00,   0.00,   0.00,   0.00,   0.00,   0.00,   0.00,   0.00,   0.00,   0.00,   0.00,   0.00,   0.00,   0.00,99999.00,99999.00,99999.00,99999.00,99999.00,99999.00,99999.00,99999.00,99999.00,99999.00,99999.00,99999.00,99999.00,99999.00,99999.00
99999.00,99999.00,99999.00,99999.00,99999.00,99999.00,99999.00,99999.00,99999.00,99999.00,99999.00,99999.00,99999.00,99999.00,99999.00,99999.00,99999.00,99999.00,99999.00,99999.00,99999.00,99999.00,99999.00,99999.00,99999.00,99999.00,99999.00,99999.00, 328.64, 308.42, 289.45, 271.63, 254.81, 238.86, 223.66, 209.11, 195.12, 181.62, 168.54, 155.82, 143.40, 131.24, 119.28, 107.49,  97.80,  88.29,  79.22,  71.16,  64.22,  58.02,  56.44,  57.19,  61.78,  49.59,99999.00,99999.00,99999.00,99999.00,99999.00,99999.00,99999.00,99999.00,99999.00,99999.00,99999.00,99999.00,99999.00,99999.00,99999.00,99999.00,99999.00,99999.00,99999.00,99999.00,99999.00,99999.00,99999.00,99999.00,99999.00,99999.00,99999.00,99999.00,99999.00,99999.00,99999.00,99999.00,99999.00,99999.00,99999.00,99999.00,99999.00,99999.00,99999.00,99999.00,99999.00,99999.00
99999.00,99999.00,99999.00,99999.00,99999.00,99999.00,99999.00,99999.00,99999.00,99999.00,99999.00,99999.00,99999.00,99999.00,99999.00,99999.00,99999.00,99999.00,99999.00,99999.00,99999.00,99999.00,99999.00,99999.00,99999.00,99999.00,99999.00,99999.00,99999.00, 307.70, 287.99, 269.71, 252.63, 236.50, 221.19, 206.57, 192.53, 179.00, 165.89, 153.14, 140.70, 128.52, 116.55, 104.74,  93.03,  81.38,  71.90,  62.77,  54.57,  47.54,  43.48,  43.53,  48.97,99999.00,99999.00,99999.00,99999.00,99999.00,99999.00,99999.00,99999.00,99999.00,99999.00,99999.00,99999.00,99999.00,99999.00,99999.00,99999.00,99999.00,99999.00,99999.00,99999.00,99999.00,99999.00,99999.00,99999.00,99999.00,99999.00,99999.00,99999.00,99999.00,99999.00,99999.00,99999.00,99999.00,99999.00,99999.00,99999.00,99999.00,99999.00,99999.00,99999.00,99999.00,99999.00,99999.00
99999.00,99999.00,99999.00,99999.00,99999.00,99999.00,99999.00,99999.00,99999.00,99999.00,99999.00,99999.00,99999.00,99999.00,99999.00,99999.00,99999.00,99999.00,99999.00,99999.00,99999.00,99999.00,99999.00,99999.00,99999.00,99999.00,99999.00,99999.00,99999.00,99999.00, 286.22, 267.55, 250.22, 233.99, 218.63, 203.97, 189.92, 176.38, 163.27, 150.53, 138.10, 125.92, 113.95, 102.13,  90.42,  78.76,  67.09,  55.34,  46.03,  37.41,  30.23,  29.38,99999.00,99999.00,99999.00,99999.00,99999.00,99999.00,99999.00,99999.00,99999.00,99999.00,99999.00,99999.00,99999.00,99999.00,99999.00,99999.00,99999.00,99999.00,99999.00,99999.00,99999.00,99999.00,99999.00,99999.00,99999.00,99999.00,99999.00,99999.00,99999.00,99999.00,99999.00,99999.00,99999.00,99999.00,99999.00,99999.00,99999.00,99999.00,99999.00,99999.00,99999.00,99999.00,99999.00,99999.00
99999.00,99999.00,99999.00,99999.00,99999.00,99999.00,99999.00,99999.00,99999.00,99999.00,99999.00,99999.00,99999.00,99999.00,99999.00,99999.00,99999.00,99999.00,99999.00,99999.00,99999.00,99999.00,99999.00,99999.00,99999.00,99999.00,99999.00,99999.00,99999.00,99999.00, 283.89, 265.01, 247.58, 231.27, 215.90, 201.27, 187.25, 173.74, 160.66, 147.94, 135.54, 123.39, 111.44,  99.65,  87.96,  76.31,  64.65,  52.91,  40.99,  28.72,  19.34,  14.82,99999.00,99999.00,99999.00,99999.00,99999.00,99999.00,99999.00,99999.00,99999.00,99999.00,99999.00,99999.00,99999.00,99999.00,99999.00,99999.00,99999.00,99999.00,99999.00,99999.00,99999.00,99999.00,99999.00,99999.00,99999.00,99999.00,99999.00,99999.00,99999.00,99999.00,99999.00,99999.00,99999.00,99999.00,99999.00,99999.00,99999.00,99999.00,99999.00,99999.00,99999.00,99999.00,99999.00,99999.00
99999.00,99999.00,99999.00,99999.00,99999.00,99999.00,99999.00,99999.00,99999.00,99999.00,99999.00,99999.00,99999.00,99999.00,99999.00,99999.00,99999.00,99999.00,99999.00,99999.00,99999.00,99999.00,99999.00,99999.00,99999.00,99999.00,99999.00,99999.00,99999.00,99999.00, 280.87, 262.04, 244.64, 228.37, 213.01, 198.40, 184.43, 170.98, 157.96, 145.29, 132.94, 120.83, 108.93,  97.18,  85.53,  73.92,  62.31,  50.60,  38.73,  26.50,  13.68,   0.00,99999.00,99999.00,99999.00,99999.00,99999.00,99999.00,99999.00,99999.00,99999.00,99999.00,99999.00,99999.00,99999.00,99999.00,99999.00,99999.00,99999.00,99999.00,99999.00,99999.00,99999.00,99999.00,99999.00,99999.00,99999.00,99999.00,99999.00,99999.00,99999.00,99999.00,99999.00,99999.00,99999.00,99999.00,99999.00,99999.00,99999.00,99999.00,99999.00,99999.00,99999.00,99999.00,99999.00,99999.00
99999.00,99999.00,99999.00,99999.00,99999.00,99999.00,99999.00,99999.00,99999.00,99999.00,99999.00,99999.00,99999.00,99999.00,99999.00,99999.00,99999.00,99999.00,99999.00,99999.00,99999.00,99999.00,99999.00,99999.00,99999.00,99999.00,99999.00,99999.00,99999.00,99999.00, 280.20, 261.43, 244.08, 227.84, 212.50, 197.90, 183.92, 170.48, 157.48, 144.86, 132.55, 120.48, 108.61,  96.90,  85.29,  73.73,  62.15,  50.49,  38.66,  26.47,  13.66,   0.00,99999.00,99999.00,99999.00,99999.00,99999.00,99999.00,99999.00,99999.00,99999.00,99999.00,99999.00,99999.00,99999.00,99999.00,99999.00,99999.00,99999.00,99999.00,99999.00,99999.00,99999.00,99999.00,99999.00,99999.00,99999.00,99999.00,99999.00,99999.00,99999.00,99999.00,99999.00,99999.00,99999.00,99999.00,99999.00,99999.00,99999.00,99999.00,99999.00,99999.00,99999.00,99999.00,99999.00,99999.00
99999.00,99999.00,99999.00,99999.00,99999.00,99999.00,99999.00,99999.00,99999.00,99999.00,99999.00,99999.00,99999.00,99999.00,99999.00,99999.00,99999.00,99999.00,99999.00,99999.00,99999.00,99999.00,99999.00,99999.00,99999.00,99999.00,99999.00,99999.00,99999.00,99999.00, 279.95, 261.23, 243.91, 227.68, 212.34, 197.74, 183.74, 170.27, 157.24, 144.60, 132.28, 120.24, 108.40,  96.71,  85.13,  73.59,  62.05,  50.42,  38.62,  26.46,  13.65,   0.00,99999.00,99999.00,99999.00,99999.00,99999.00,99999.00,99999.00,99999.00,99999.00,99999.00,99999.00,99999.00,99999.00,99999.00,99999.00,99999.00,99999.00,99999.00,99999.00,99999.00,99999.00,99999.00,99999.00,99999.00,99999.00,99999.00,99999.00,99999.00,99999.00,99999.00,99999.00,99999.00,99999.00,99999.00,99999.00,99999.00,99999.00,99999.00,99999.00,99999.00,99999.00,99999.00,99999.00,99999.00
99999.00,99999.00,99999.00,99999.00,99999.00,99999.00,99999.00,99999.00,99999.00,99999.00,99999.00,99999.00,99999.00,99999.00,99999.00,99999.00,99999.00,99999.00,99999.00,99999.00,99999.00,99999.00,99999.00,99999.00,99999.00,99999.00,99999.00,99999.00,99999.00,99999.00, 280.21, 261.51, 244.20, 227.98, 212.63, 198.00, 183.98, 170.46, 157.39, 144.69, 132.32, 120.21, 108.34,  96.63,  85.05,  73.53,  62.01,  50.41,  38.64,  26.46,  13.65,   0.00,99999.00,99999.00,99999.00,99999.00,99999.00,99999.00,99999.00,99999.00,99999.00,99999.00,99999.00,99999.00,99999.00,99999.00,99999.00,99999.00,99999.00,99999.00,99999.00,99999.00,99999.00,99999.00,99999.00,99999.00,99999.00,99999.00,99999.00,99999.00,99999.00,99999.00,99999.00,99999.00,99999.00,99999.00,99999.00,99999.00,99999.00,99999.00,99999.00,99999.00,99999.00,99999.00,99999.00,99999.00
99999.00,99999.00,99999.00,99999.00,99999.00,99999.00,99999.00,99999.00,99999.00,99999.00,99999.00,99999.00,99999.00,99999.00,99999.00,99999.00,99999.00,99999.00,99999.00,99999.00,99999.00,99999.00,99999.00,99999.00,99999.00,99999.00,99999.00,99999.00,99999.00,99999.00, 281.25, 262.55, 245.24, 229.00, 213.62, 198.96, 184.89, 171.33, 158.19, 145.43, 132.99, 120.82, 108.87,  97.09,  85.44,  73.85,  62.28,  50.63,  38.80,  26.57,  13.70,   0.00,99999.00,99999.00,99999.00,99999.00,99999.00,99999.00,99999.00,99999.00,99999.00,99999.00,99999.00,99999.00,99999.00,99999.00,99999.00,99999.00,99999.00,99999.00,99999.00,99999.00,99999.00,99999.00,99999.00,99999.00,99999.00,99999.00,99999.00,99999.00,99999.00,99999.00,99999.00,99999.00,99999.00,99999.00,99999.00,99999.00,99999.00,99999.00,99999.00,99999.00,99999.00,99999.00,99999.00,99999.00
99999.00,99999.00,99999.00,99999.00,99999.00,99999.00,99999.00,99999.00,99999.00,99999.00,99999.00,99999.00,99999.00,99999.00,99999.00,99999.00,99999.00,99999.00,99999.00,99999.00,99999.00,99999.00,99999.00,99999.00,99999.00,99999.00,99999.00,99999.00,99999.00,99999.00, 282.74, 264.02, 246.68, 230.41, 214.99, 200.28, 186.15, 172.52, 159.31, 146.47, 133.95, 121.70, 109.67,  97.81,  86.08,  74.42,  62.77,  51.04,  39.10,  26.76,  13.79,   0.00,99999.00,99999.00,99999.00,99999.00,99999.00,99999.00,99999.00,99999.00,99999.00,99999.00,99999.00,99999.00,99999.00,99999.00,99999.00,99999.00,99999.00,99999.00,99999.00,99999.00,99999.00,99999.00,99999.00,99999.00,99999.00,99999.00,99999.00,99999.00,99999.00,99999.00,99999.00,99999.00,99999.00,99999.00,99999.00,99999.00,99999.00,99999.00,99999.00,99999.00,99999.00,99999.00,99999.00,99999.00
99999.00,99999.00,99999.00,99999.00,99999.00,99999.00,99999.00,99999.00,99999.00,99999.00,99999.00,99999.00,99999.00,99999.00,99999.00,99999.00,99999.00,99999.00,99999.00,99999.00,99999.00,99999.00,99999.00,99999.00,99999.00,99999.00,99999.00,99999.00,99999.00,99999.00, 284.60, 265.81, 248.40, 232.05, 216.57, 201.79, 187.58, 173.87, 160.57, 147.64, 135.03, 122.68, 110.56,  98.61,  86.79,  75.05,  63.32,  51.47,  39.41,  26.96,  13.89,   0.00,99999.00,99999.00,99999.00,99999.00,99999.00,99999.00,99999.00,99999.00,99999.00,99999.00,99999.00,99999.00,99999.00,99999.00,99999.00,99999.00,99999.00,99999.00,99999.00,99999.00,99999.00,99999.00,99999.00,99999.00,99999.00,99999.00,99999.00,99999.00,99999.00,99999.00,99999.00,99999.00,99999.00,99999.00,99999.00,99999.00,99999.00,99999.00,99999.00,99999.00,99999.00,99999.00,99999.00,99999.00
99999.00,99999.00,99999.00,99999.00,99999.00,99999.00,99999.00,99999.00,99999.00,99999.00,99999.00,99999.00,99999.00,99999.00,99999.00,99999.00,99999.00,99999.00,99999.00,99999.00,99999.00,99999.00,99999.00,99999.00,99999.00,99999.00,99999.00,99999.00,99999.00,99999.00, 287.18, 268.24, 250.67, 234.17, 218.52, 203.58, 189.24, 175.40, 162.00, 148.96, 136.24, 123.78, 111.55,  99.50,  87.59,  75.75,  63.89,  51.91,  39.73,  27.16,  13.99,   0.00,99999.00,99999.00,99999.00,99999.00,99999.00,99999.00,99999.00,99999.00,99999.00,99999.00,99999.00,99999.00,99999.00,99999.00,99999.00,99999.00,99999.00,99999.00,99999.00,99999.00,99999.00,99999.00,99999.00,99999.00,99999.00,99999.00,99999.00,99999.00,99999.00,99999.00,99999.00,99999.00,99999.00,99999.00,99999.00,99999.00,99999.00,99999.00,99999.00,99999.00,99999.00,99999.00,99999.00,99999.00
99999.00,99999.00,99999.00,99999.00,99999.00,99999.00,99999.00,99999.00,99999.00,99999.00,99999.00,99999.00,99999.00,99999.00,99999.00,99999.00,99999.00,99999.00,99999.00,99999.00,99999.00,99999.00,99999.00,99999.00,99999.00,99999.00,99999.00,99999.00,99999.00,99999.00, 290.41, 271.29, 253.53, 236.84, 221.00, 205.86, 191.31, 177.26, 163.66, 150.45, 137.58, 125.00, 112.65, 100.49,  88.46,  76.49,  64.48,  52.36,  40.06,  27.37,  14.09,   0.00,99999.00,99999.00,99999.00,99999.00,99999.00,99999.00,99999.00,99999.00,99999.00,99999.00,99999.00,99999.00,99999.00,99999.00,99999.00,99999.00,99999.00,99999.00,99999.00,99999.00,99999.00,99999.00,99999.00,99999.00,99999.00,99999.00,99999.00,99999.00,99999.00,99999.00,99999.00,99999.00,99999.00,99999.00,99999.00,99999.00,99999.00,99999.00,99999.00,99999.00,99999.00,99999.00,99999.00,99999.00
99999.00,99999.00,99999.00,99999.00,99999.00,99999.00,99999.00,99999.00,99999.00,99999.00,99999.00,99999.00,99999.00,99999.00,99999.00,99999.00,99999.00,99999.00,99999.00,99999.00,99999.00,99999.00,99999.00,99999.00,99999.00,99999.00,99999.00,99999.00,99999.00,99999.00, 294.26, 274.92, 256.95, 240.03, 223.96, 208.59, 193.81, 179.53, 165.69, 152.25, 139.16, 126.38, 113.87, 101.58,  89.40,  77.26,  65.09,  52.83,  40.39,  27.59,  14.19,   0.00,99999.00,99999.00,99999.00,99999.00,99999.00,99999.00,99999.00,99999.00,99999.00,99999.00,99999.00,99999.00,99999.00,99999.00,99999.00,99999.00,99999.00,99999.00,99999.00,99999.00,99999.00,99999.00,99999.00,99999.00,99999.00,99999.00,99999.00,99999.00,99999.00,99999.00,99999.00,99999.00,99999.00,99999.00,99999.00,99999.00,99999.00,99999.00,99999.00,99999.00,99999.00,99999.00,99999.00,99999.00
99999.00,99999.00,99999.00,99999.00,99999.00,99999.00,99999.00,99999.00,99999.00,99999.00,99999.00,99999.00,99999.00,99999.00,99999.00,99999.00,99999.00,99999.00,99999.00,99999.00,99999.00,99999.00,99999.00,99999.00,99999.00,99999.00,99999.00,99999.00,99999.00,99999.00, 298.75, 279.16, 260.93, 243.76, 227.43, 211.79, 196.75, 182.20, 168.09, 154.39, 141.04, 128.02, 115.28, 102.75,  90.37,  78.05,  65.72,  53.32,  40.74,  27.81,  14.30,   0.00,99999.00,99999.00,99999.00,99999.00,99999.00,99999.00,99999.00,99999.00,99999.00,99999.00,99999.00,99999.00,99999.00,99999.00,99999.00,99999.00,99999.00,99999.00,99999.00,99999.00,99999.00,99999.00,99999.00,99999.00,99999.00,99999.00,99999.00,99999.00,99999.00,99999.00,99999.00,99999.00,99999.00,99999.00,99999.00,99999.00,99999.00,99999.00,99999.00,99999.00,99999.00,99999.00,99999.00,99999.00
99999.00,99999.00,99999.00,99999.00,99999.00,99999.00,99999.00,99999.00,99999.00,99999.00,99999.00,99999.00,99999.00,99999.00,99999.00,99999.00,99999.00,99999.00,99999.00,99999.00,99999.00,99999.00,99999.00,99999.00,99999.00,99999.00,99999.00,99999.00,99999.00,99999.00, 303.93, 284.05, 265.52, 248.04, 231.41, 215.48, 200.12, 185.27, 170.86, 156.86, 143.23, 129.94, 116.90, 104.08,  91.42,  78.87,  66.37,  53.81,  41.09,  28.03,  14.40,   0.00,99999.00,99999.00,99999.00,99999.00,99999.00,99999.00,99999.00,99999.00,99999.00,99999.00,99999.00,99999.00,99999.00,99999.00,99999.00,99999.00,99999.00,99999.00,99999.00,99999.00,99999.00,99999.00,99999.00,99999.00,99999.00,99999.00,99999.00,99999.00,99999.00,99999.00,99999.00,99999.00,99999.00,99999.00,99999.00,99999.00,99999.00,99999.00,99999.00,99999.00,99999.00,99999.00,99999.00,99999.00
99999.00,99999.00,99999.00,99999.00,99999.00,99999.00,99999.00,99999.00,99999.00,99999.00,99999.00,99999.00,99999.00,99999.00,99999.00,99999.00,99999.00,99999.00,99999.00,99999.00,99999.00,99999.00,99999.00,99999.00,99999.00,99999.00,99999.00,99999.00,99999.00,99999.00, 309.74, 289.55, 270.70, 252.89, 235.92, 219.64, 203.95, 188.75, 174.00, 159.67, 145.71, 132.06, 118.69, 105.54,  92.59,  79.78,  67.04,  54.31,  41.45,  28.26,  14.51,   0.00,99999.00,99999.00,99999.00,99999.00,99999.00,99999.00,99999.00,99999.00,99999.00,99999.00,99999.00,99999.00,99999.00,99999.00,99999.00,99999.00,99999.00,99999.00,99999.00,99999.00,99999.00,99999.00,99999.00,99999.00,99999.00,99999.00,99999.00,99999.00,99999.00,99999.00,99999.00,99999.00,99999.00,99999.00,99999.00,99999.00,99999.00,99999.00,99999.00,99999.00,99999.00,99999.00,99999.00,99999.00
99999.00,99999.00,99999.00,99999.00,99999.00,99999.00,99999.00,99999.00,99999.00,99999.00,99999.00,99999.00,99999.00,99999.00,99999.00,99999.00,99999.00,99999.00,99999.00,99999.00,99999.00,99999.00,99999.00,99999.00,99999.00,99999.00,99999.00,99999.00,99999.00,99999.00, 315.51, 295.22, 276.15, 258.06, 240.77, 224.15, 208.09, 192.53, 177.41, 162.69, 148.33, 134.30, 120.57, 107.10,  93.85,  80.76,  67.77,  54.81,  41.79,  28.47,  14.61,   0.00,99999.00,99999.00,99999.00,99999.00,99999.00,99999.00,99999.00,99999.00,99999.00,99999.00,99999.00,99999.00,99999.00,99999.00,99999.00,99999.00,99999.00,99999.00,99999.00,99999.00,99999.00,99999.00,99999.00,99999.00,99999.00,99999.00,99999.00,99999.00,99999.00,99999.00,99999.00,99999.00,99999.00,99999.00,99999.00,99999.00,99999.00,99999.00,99999.00,99999.00,99999.00,99999.00,99999.00,99999.00
99999.00,99999.00,99999.00,99999.00,99999.00,99999.00,99999.00,99999.00,99999.00,99999.00,99999.00,99999.00,99999.00,99999.00,99999.00,99999.00,99999.00,99999.00,99999.00,99999.00,99999.00,99999.00,99999.00,99999.00,99999.00,99999.00,99999.00,99999.00,99999.00, 342.79, 321.25, 300.99, 281.77, 263.50, 245.99, 229.02, 212.58, 196.60, 181.03, 165.85, 151.06, 136.62, 122.52, 108.71,  95.15,  81.79,  68.55,  55.37,  42.14,  28.68,  14.71,   0.00,99999.00,99999.00,99999.00,99999.00,99999.00,99999.00,99999.00,99999.00,99999.00,99999.00,99999.00,99999.00,99999.00,99999.00,99999.00,99999.00,99999.00,99999.00,99999.00,99999.00,99999.00,99999.00,99999.00,99999.00,99999.00,99999.00,99999.00,99999.00,99999.00,99999.00,99999.00,99999.00,99999.00,99999.00,99999.00,99999.00,99999.00,99999.00,99999.00,99999.00,99999.00,99999.00,99999.00,99999.00
99999.00,99999.00,99999.00,99999.00,99999.00,99999.00,99999.00,99999.00,99999.00,99999.00,99999.00,99999.00,99999.00,99999.00,99999.00,99999.00,99999.00,99999.00,99999.00,99999.00,99999.00,99999.00,99999.00,99999.00,99999.00,99999.00,99999.00,99999.00, 370.44, 348.20, 327.00, 306.79, 287.58, 269.13, 251.45, 234.34, 217.42, 200.92, 184.83, 169.15, 153.89, 139.02, 124.52, 110.36,  96.49,  82.85,  69.36,  55.96,  42.53,  28.89,  14.80,   0.00,99999.00,99999.00,99999.00,99999.00,99999.00,99999.00,99999.00,99999.00,99999.00,99999.00,99999.00,99999.00,99999.00,99999.00,99999.00,99999.00,99999.00,99999.00,99999.00,99999.00,99999.00,99999.00,99999.00,99999.00,99999.00,99999.00,99999.00,99999.00,99999.00,99999.00,99999.00,99999.00,99999.00,99999.00,99999.00,99999.00,99999.00,99999.00,99999.00,99999.00,99999.00,99999.00,99999.00,99999.00
99999.00,99999.00,99999.00,99999.00,99999.00,99999.00,99999.00,99999.00,99999.00,99999.00,99999.00,99999.00,99999.00,99999.00,99999.00, 702.10, 672.86, 644.80, 617.67, 591.31, 565.60, 540.45, 515.78, 491.54, 467.68, 444.16, 420.96, 398.05, 375.60, 353.83, 332.94, 312.92, 293.85, 275.50, 257.49, 240.03, 222.62, 205.52, 188.84, 172.60, 156.81, 141.47, 126.56, 112.04,  97.84,  83.92,  70.19,  56.57,  42.95,  29.14,  14.90,   0.00,99999.00,99999.00,99999.00,99999.00,99999.00,99999.00,99999.00,99999.00,99999.00,99999.00,99999.00,99999.00,99999.00,99999.00,99999.00,99999.00,99999.00,99999.00,99999.00,99999.00,99999.00,99999.00,99999.00,99999.00,99999.00,99999.00,99999.00,99999.00,99999.00,99999.00,99999.00,99999.00,99999.00,99999.00,99999.00,99999.00,99999.00,99999.00,99999.00,99999.00,99999.00,99999.00,99999.00,99999.00
99999.00,99999.00,99999.00,99999.00,99999.00,99999.00,99999.00,99999.00,99999.00,99999.00,99999.00,99999.00,99999.00,99999.00,99999.00, 702.47, 673.66, 646.02, 619.31, 593.36, 568.06, 543.33, 519.07, 495.24, 471.80, 448.69, 425.90, 403.38, 381.45, 360.22, 339.88, 320.29, 301.11, 282.56, 264.17, 246.19, 228.27, 210.45, 193.06, 176.17, 159.79, 143.95, 128.59, 113.69,  99.17,  84.97,  71.00,  57.18,  43.38,  29.41,  15.02,   0.00,99999.00,99999.00,99999.00,99999.00,99999.00,99999.00,99999.00,99999.00,99999.00,99999.00,99999.00,99999.00,99999.00,99999.00,99999.00,99999.00,99999.00,99999.00,99999.00,99999.00,99999.00,99999.00,99999.00,99999.00,99999.00,99999.00,99999.00,99999.00,99999.00,99999.00,99999.00,99999.00,99999.00,99999.00,99999.00,99999.00,99999.00,99999.00,99999.00,99999.00,99999.00,99999.00,99999.00,99999.00
99999.00,99999.00,99999.00,99999.00,99999.00,99999.00,99999.00,99999.00,99999.00,99999.00,99999.00,99999.00,99999.00,99999.00,99999.00, 709.72, 680.78, 653.01, 626.17, 600.09, 574.65, 549.78, 525.38, 501.44, 477.89, 454.69, 432.20, 410.32, 389.17, 368.63, 348.43, 328.86, 309.47, 290.54, 271.73, 253.10, 234.46, 215.73, 197.48, 179.81, 162.77, 146.37, 130.55, 115.26, 100.42,  85.95,  71.76,  57.73,  43.77,  29.65,  15.13,   0.00,99999.00,99999.00,99999.00,99999.00,99999.00,99999.00,99999.00,99999.00,99999.00,99999.00,99999.00,99999.00,99999.00,99999.00,99999.00,99999.00,99999.00,99999.00,99999.00,99999.00,99999.00,99999.00,99999.00,99999.00,99999.00,99999.00,99999.00,99999.00,99999.00,99999.00,99999.00,99999.00,99999.00,99999.00,99999.00,99999.00,99999.00,99999.00,99999.00,99999.00,99999.00,99999.00,99999.00,99999.00
99999.00,99999.00,99999.00,99999.00,99999.00,99999.00,99999.00,99999.00,99999.00,99999.00,99999.00,99999.00,99999.00,99999.00,99999.00, 719.22, 689.77, 661.63, 634.50, 608.18, 582.54, 557.51, 533.01, 508.97, 485.72, 463.17, 441.47, 420.37, 399.49, 379.13, 358.90, 339.09, 319.42, 299.95, 280.51, 261.04, 241.36, 221.44, 202.09, 183.49, 165.69, 148.68, 132.38, 116.71, 101.56,  86.84,  72.43,  58.23,  44.11,  29.86,  15.23,   0.00,99999.00,99999.00,99999.00,99999.00,99999.00,99999.00,99999.00,99999.00,99999.00,99999.00,99999.00,99999.00,99999.00,99999.00,99999.00,99999.00,99999.00,99999.00,99999.00,99999.00,99999.00,99999.00,99999.00,99999.00,99999.00,99999.00,99999.00,99999.00,99999.00,99999.00,99999.00,99999.00,99999.00,99999.00,99999.00,99999.00,99999.00,99999.00,99999.00,99999.00,99999.00,99999.00,99999.00,99999.00
99999.00,99999.00,99999.00,99999.00,99999.00,99999.00,99999.00,99999.00,99999.00,99999.00,99999.00,99999.00,99999.00,99999.00,99999.00,99999.00,99999.00,99999.00,99999.00,99999.00,99999.00,99999.00,99999.00,99999.00,99999.00,99999.00,99999.00,99999.00,99999.00,99999.00,99999.00,99999.00,99999.00,99999.00,99999.00,99999.00,99999.00,99999.00, 206.84, 187.09, 168.44, 150.80, 134.03, 117.99, 102.56,  87.61,  73.01,  58.65,  44.41,  30.04,  15.32,   0.00,99999.00,99999.00,99999.00,99999.00,99999.00,99999.00,99999.00,99999.00,99999.00,99999.00,99999.00,99999.00,99999.00,99999.00,99999.00,99999.00,99999.00,99999.00,99999.00,99999.00,99999.00,99999.00,99999.00,99999.00,99999.00,99999.00,99999.00,99999.00,99999.00,99999.00,99999.00,99999.00,99999.00,99999.00,99999.00,99999.00,99999.00,99999.00,99999.00,99999.00,99999.00,99999.00,99999.00,99999.00
99999.00,99999.00,99999.00,99999.00,99999.00,99999.00,99999.00,99999.00,99999.00,99999.00,99999.00,99999.00,99999.00,99999.00,99999.00,99999.00,99999.00,99999.00,99999.00,99999.00,99999.00,99999.00,99999.00,99999.00,99999.00,99999.00,99999.00,99999.00,99999.00,99999.00,99999.00,99999.00,99999.00,99999.00,99999.00,99999.00,99999.00,99999.00,99999.00, 190.44, 170.88, 152.61, 135.40, 119.04, 103.37,  88.22,  73.48,  58.99,  44.64,  30.19,  15.39,   0.00,99999.00,99999.00,99999.00,99999.00,99999.00,99999.00,99999.00,99999.00,99999.00,99999.00,99999.00,99999.00,99999.00,99999.00,99999.00,99999.00,99999.00,99999.00,99999.00,99999.00,99999.00,99999.00,99999.00,99999.00,99999.00,99999.00,99999.00,99999.00,99999.00,99999.00,99999.00,99999.00,99999.00,99999.00,99999.00,99999.00,99999.00,99999.00,99999.00,99999.00,99999.00,99999.00,99999.00,99999.00
99999.00,99999.00,99999.00,99999.00,99999.00,99999.00,99999.00,99999.00,99999.00,99999.00,99999.00,99999.00,99999.00,99999.00,99999.00,99999.00,99999.00,99999.00,99999.00,99999.00,99999.00,99999.00,99999.00,99999.00,99999.00,99999.00,99999.00,99999.00,99999.00,99999.00,99999.00,99999.00,99999.00,99999.00,99999.00,99999.00,99999.00,99999.00,99999.00,99999.00, 172.77, 153.98, 136.42, 119.82, 103.96,  88.67,  73.81,  59.24,  44.81,  30.29,  15.43,   0.00,99999.00,99999.00,99999.00,99999.00,99999.00,99999.00,99999.00,99999.00,99999.00,99999.00,99999.00,99999.00,99999.00,99999.00,99999.00,99999.00,99999.00,99999.00,99999.00,99999.00,99999.00,99999.00,99999.00,99999.00,99999.00,99999.00,99999.00,99999.00,99999.00,99999.00,99999.00,99999.00,99999.00,99999.00,99999.00,99999.00,99999.00,99999.00,99999.00,99999.00,99999.00,99999.00,99999.00,99999.00
99999.00,99999.00,99999.00,99999.00,99999.00,99999.00,99999.00,99999.00,99999.00,99999.00,99999.00,99999.00,99999.00,99999.00,99999.00,99999.00,99999.00,99999.00,99999.00,99999.00,99999.00,99999.00,99999.00,99999.00,99999.00,99999.00,99999.00,99999.00,99999.00,99999.00,99999.00,99999.00,99999.00,99999.00,99999.00,99999.00,99999.00,99999.00,99999.00,99999.00, 173.89, 154.78, 137.02, 120.27, 104.30,  88.94,  74.01,  59.38,  44.91,  30.35,  15.46,   0.00,99999.00,99999.00,99999.00,99999.00,99999.00,99999.00,99999.00,99999.00,99999.00,99999.00,99999.00,99999.00,99999.00,99999.00,99999.00,99999.00,99999.00,99999.00,99999.00,99999.00,99999.00,99999.00,99999.00,99999.00,99999.00,99999.00,99999.00,99999.00,99999.00,99999.00,99999.00,99999.00,99999.00,99999.00,99999.00,99999.00,99999.00,99999.00,99999.00,99999.00,99999.00,99999.00,99999.00,99999.00
99999.00,99999.00,99999.00,99999.00,99999.00,99999.00,99999.00,99999.00,99999.00,99999.00,99999.00,99999.00,99999.00,99999.00,99999.00,99999.00,99999.00,99999.00,99999.00,99999.00,99999.00,99999.00,99999.00,99999.00,99999.00,99999.00,99999.00,99999.00,99999.00,99999.00,99999.00,99999.00,99999.00,99999.00,99999.00,99999.00,99999.00,99999.00,99999.00,99999.00, 174.17, 155.00, 137.19, 120.41, 104.41,  89.02,  74.08,  59.43,  44.94,  30.37,  15.47,   0.00,99999.00,99999.00,99999.00,99999.00,99999.00,99999.00,99999.00,99999.00,99999.00,99999.00,99999.00,99999.00,99999.00,99999.00,99999.00,99999.00,99999.00,99999.00,99999.00,99999.00,99999.00,99999.00,99999.00,99999.00,99999.00,99999.00,99999.00,99999.00,99999.00,99999.00,99999.00,99999.00,99999.00,99999.00,99999.00,99999.00,99999.00,99999.00,99999.00,99999.00,99999.00,99999.00,99999.00,99999.00
99999.00,99999.00,99999.00,99999.00,99999.00,99999.00,99999.00,99999.00,99999.00,99999.00,99999.00,99999.00,99999.00,99999.00,99999.00,99999.00,99999.00,99999.00,99999.00,99999.00,99999.00,99999.00,99999.00,99999.00,99999.00,99999.00,99999.00,99999.00,99999.00,99999.00,99999.00,99999.00,99999.00,99999.00,99999.00,99999.00,99999.00,99999.00,99999.00,99999.00, 174.31, 155.11, 137.28, 120.48, 104.47,  89.06,  74.11,  59.45,  44.96,  30.38,  15.48,   0.00,99999.00,99999.00,99999.00,99999.00,99999.00,99999.00,99999.00,99999.00,99999.00,99999.00,99999.00,99999.00,99999.00,99999.00,99999.00,99999.00,99999.00,99999.00,99999.00,99999.00,99999.00,99999.00,99999.00,99999.00,99999.00,99999.00,99999.00,99999.00,99999.00,99999.00,99999.00,99999.00,99999.00,99999.00,99999.00,99999.00,99999.00,99999.00,99999.00,99999.00,99999.00,99999.00,99999.00,99999.00
99999.00,99999.00,99999.00,99999.00,99999.00,99999.00,99999.00,99999.00,99999.00,99999.00,99999.00,99999.00,99999.00,99999.00,99999.00,99999.00,99999.00,99999.00,99999.00,99999.00,99999.00,99999.00,99999.00,99999.00,99999.00,99999.00,99999.00,99999.00,99999.00,99999.00,99999.00,99999.00,99999.00,99999.00,99999.00,99999.00,99999.00,99999.00,99999.00,99999.00, 174.42, 155.19, 137.34, 120.52, 104.50,  89.08,  74.12,  59.46,  44.96,  30.39,  15.48,   0.00,99999.00,99999.00,99999.00,99999.00,99999.00,99999.00,99999.00,99999.00,99999.00,99999.00,99999.00,99999.00,99999.00,99999.00,99999.00,99999.00,99999.00,99999.00,99999.00,99999.00,99999.00,99999.00,99999.00,99999.00,99999.00,99999.00,99999.00,99999.00,99999.00,99999.00,99999.00,99999.00,99999.00,99999.00,99999.00,99999.00,99999.00,99999.00,99999.00,99999.00,99999.00,99999.00,99999.00,99999.00
99999.00,99999.00,99999.00,99999.00,99999.00,99999.00,99999.00,99999.00,99999.00,99999.00,99999.00,99999.00,99999.00,99999.00,99999.00,99999.00,99999.00,99999.00,99999.00,99999.00,99999.00,99999.00,99999.00,99999.00,99999.00,99999.00,99999.00,99999.00,99999.00,99999.00,99999.00,99999.00,99999.00,99999.00,99999.00,99999.00,99999.00,99999.00,99999.00,99999.00, 174.49, 155.24, 137.36, 120.53, 104.50,  89.08,  74.11,  59.45,  44.95,  30.38,  15.47,   0.00,99999.00,99999.00,99999.00,99999.00,99999.00,99999.00,99999.00,99999.00,99999.00,99999.00,99999.00,99999.00,99999.00,99999.00,99999.00,99999.00,99999.00,99999.00,99999.00,99999.00,99999.00,99999.00,99999.00,99999.00,99999.00,99999.00,99999.00,99999.00,99999.00,99999.00,99999.00,99999.00,99999.00,99999.00,99999.00,99999.00,99999.00,99999.00,99999.00,99999.00,99999.00,99999.00,99999.00,99999.00
99999.00,99999.00,99999.00,99999.00,99999.00,99999.00,99999.00,99999.00,99999.00,99999.00,99999.00,99999.00,99999.00,99999.00,99999.00,99999.00,99999.00,99999.00,99999.00,99999.00,99999.00,99999.00,99999.00,99999.00,99999.00,99999.00,99999.00,99999.00,99999.00,99999.00,99999.00,99999.00,99999.00,99999.00,99999.00,99999.00,99999.00,99999.00,99999.00,99999.00, 174.53, 155.24, 137.35, 120.51, 104.47,  89.05,  74.08,  59.42,  44.93,  30.36,  15.47,   0.00,99999.00,99999.00,99999.00,99999.00,99999.00,99999.00,99999.00,99999.00,99999.00,99999.00,99999.00,99999.00,99999.00,99999.00,99999.00,99999.00,99999.00,99999.00,99999.00,99999.00,99999.00,99999.00,99999.00,99999.00,99999.00,99999.00,99999.00,99999.00,99999.00,99999.00,99999.00,99999.00,99999.00,99999.00,99999.00,99999.00,99999.00,99999.00,99999.00,99999.00,99999.00,99999.00,99999.00,99999.00
99999.00,99999.00,99999.00,99999.00,99999.00,99999.00,99999.00,99999.00,99999.00,99999.00,99999.00,99999.00,99999.00,99999.00,99999.00,99999.00,99999.00,99999.00,99999.00,99999.00,99999.00,99999.00,99999.00,99999.00,99999.00,99999.00,99999.00,99999.00,99999.00,99999.00,99999.00,99999.00,99999.00,99999.00,99999.00,99999.00,99999.00,99999.00,99999.00,99999.00, 174.68, 155.37, 137.46, 120.61, 104.57,  89.15,  74.19,  59.54,  44.98,  30.35,  15.46,   0.00,99999.00,99999.00,99999.00,99999.00,99999.00,99999.00,99999.00,99999.00,99999.00,99999.00,99999.00,99999.00,99999.00,99999.00,99999.00,99999.00,99999.00,99999.00,99999.00,99999.00,99999.00,99999.00,99999.00,99999.00,99999.00,99999.00,99999.00,99999.00,99999.00,99999.00,99999.00,99999.00,99999.00,99999.00,99999.00,99999.00,99999.00,99999.00,99999.00,99999.00,99999.00,99999.00,99999.00,99999.00
99999.00,99999.00,99999.00,99999.00,99999.00,99999.00,99999.00,99999.00,99999.00,99999.00,99999.00,99999.00,99999.00,99999.00,99999.00,99999.00,99999.00,99999.00,99999.00,99999.00,99999.00,99999.00,99999.00,99999.00,99999.00,99999.00,99999.00,99999.00,99999.00,99999.00,99999.00,99999.00,99999.00,99999.00,99999.00,99999.00,99999.00,99999.00,99999.00,99999.00, 174.97, 155.65, 137.73, 120.88, 104.84,  89.43,  74.49,  59.77,  45.14,  30.44,  15.49,   0.00,99999.00,99999.00,99999.00,99999.00,99999.00,99999.00,99999.00,99999.00,99999.00,99999.00,99999.00,99999.00,99999.00,99999.00,99999.00,99999.00,99999.00,99999.00,99999.00,99999.00,99999.00,99999.00,99999.00,99999.00,99999.00,99999.00,99999.00,99999.00,99999.00,99999.00,99999.00,99999.00,99999.00,99999.00,99999.00,99999.00,99999.00,99999.00,99999.00,99999.00,99999.00,99999.00,99999.00,99999.00
99999.00,99999.00,99999.00,99999.00,99999.00,99999.00,99999.00,99999.00,99999.00,99999.00,99999.00,99999.00,99999.00,99999.00,99999.00,99999.00,99999.00,99999.00,99999.00,99999.00,99999.00,99999.00,99999.00,99999.00,99999.00,99999.00,99999.00,99999.00,99999.00,99999.00,99999.00,99999.00,99999.00,99999.00,99999.00,99999.00,99999.00,99999.00,99999.00,99999.00, 175.42, 156.09, 138.17, 121.33, 105.31,  89.91,  74.90,  60.12,  45.43,  30.66,  15.61,   0.00,99999.00,99999.00,99999.00,99999.00,99999.00,99999.00,99999.00,99999.00,99999.00,99999.00,99999.00,99999.00,99999.00,99999.00,99999.00,99999.00,99999.00,99999.00,99999.00,99999.00,99999.00,99999.00,99999.00,99999.00,99999.00,99999.00,99999.00,99999.00,99999.00,99999.00,99999.00,99999.00,99999.00,99999.00,99999.00,99999.00,99999.00,99999.00,99999.00,99999.00,99999.00,99999.00,99999.00,99999.00
99999.00,99999.00,99999.00,99999.00,99999.00,99999.00,99999.00,99999.00,99999.00,99999.00,99999.00,99999.00,99999.00,99999.00,99999.00,99999.00,99999.00,99999.00,99999.00,99999.00,99999.00,99999.00,99999.00,99999.00,99999.00,99999.00,99999.00,99999.00,99999.00,99999.00,99999.00,99999.00,99999.00,99999.00,99999.00,99999.00,99999.00,99999.00,99999.00,99999.00, 175.94, 156.61, 138.71, 121.88, 105.88,  90.42,  75.35,  60.50,  45.75,  30.89,  15.72,   0.00,99999.00,99999.00,99999.00,99999.00,99999.00,99999.00,99999.00,99999.00,99999.00,99999.00,99999.00,99999.00,99999.00,99999.00,99999.00,99999.00,99999.00,99999.00,99999.00,99999.00,99999.00,99999.00,99999.00,99999.00,99999.00,99999.00,99999.00,99999.00,99999.00,99999.00,99999.00,99999.00,99999.00,99999.00,99999.00,99999.00,99999.00,99999.00,99999.00,99999.00,99999.00,99999.00,99999.00,99999.00
99999.00,99999.00,99999.00,99999.00,99999.00,99999.00,99999.00,99999.00,99999.00,99999.00,99999.00,99999.00,99999.00,99999.00,99999.00,99999.00,99999.00,99999.00,99999.00,99999.00,99999.00,99999.00,99999.00,99999.00,99999.00,99999.00,99999.00,99999.00,99999.00,99999.00,99999.00,99999.00,99999.00,99999.00,99999.00,99999.00,99999.00,99999.00,99999.00,99999.00, 176.54, 157.22, 139.34, 122.55, 106.49,  90.97,  75.83,  60.93,  46.08,  31.11,  15.83,   0.00,99999.00,99999.00,99999.00,99999.00,99999.00,99999.00,99999.00,99999.00,99999.00,99999.00,99999.00,99999.00,99999.00,99999.00,99999.00,99999.00,99999.00,99999.00,99999.00,99999.00,99999.00,99999.00,99999.00,99999.00,99999.00,99999.00,99999.00,99999.00,99999.00,99999.00,99999.00,99999.00,99999.00,99999.00,99999.00,99999.00,99999.00,99999.00,99999.00,99999.00,99999.00,99999.00,99999.00,99999.00
99999.00,99999.00,99999.00,99999.00,99999.00,99999.00,99999.00,99999.00,99999.00,99999.00,99999.00,99999.00,99999.00,99999.00,99999.00,99999.00,99999.00,99999.00,99999.00,99999.00,99999.00,99999.00,99999.00,99999.00,99999.00,99999.00,99999.00,99999.00,99999.00,99999.00,99999.00,99999.00,99999.00,99999.00,99999.00,99999.00,99999.00,99999.00,99999.00,99999.00, 177.09, 157.85, 140.04, 123.20, 107.10,  91.54,  76.35,  61.37,  46.41,  31.33,  15.93,   0.00,99999.00,99999.00,99999.00,99999.00,99999.00,99999.00,99999.00,99999.00,99999.00,99999.00,99999.00,99999.00,99999.00,99999.00,99999.00,99999.00,99999.00,99999.00,99999.00,99999.00,99999.00,99999.00,99999.00,99999.00,99999.00,99999.00,99999.00,99999.00,99999.00,99999.00,99999.00,99999.00,99999.00,99999.00,99999.00,99999.00,99999.00,99999.00,99999.00,99999.00,99999.00,99999.00,99999.00,99999.00
99999.00,99999.00,99999.00,99999.00,99999.00,99999.00,99999.00,99999.00,99999.00,99999.00,99999.00,99999.00,99999.00,99999.00,99999.00,99999.00,99999.00,99999.00,99999.00,99999.00,99999.00,99999.00,99999.00,99999.00,99999.00,99999.00,99999.00,99999.00,99999.00,99999.00,99999.00,99999.00,99999.00,99999.00,99999.00,99999.00,99999.00,99999.00,99999.00,99999.00, 176.93, 158.05, 140.37, 123.61, 107.55,  92.00,  76.77,  61.71,  46.67,  31.50,  16.02,   0.00,99999.00,99999.00,99999.00,99999.00,99999.00,99999.00,99999.00,99999.00,99999.00,99999.00,99999.00,99999.00,99999.00,99999.00,99999.00,99999.00,99999.00,99999.00,99999.00,99999.00,99999.00,99999.00,99999.00,99999.00,99999.00,99999.00,99999.00,99999.00,99999.00,99999.00,99999.00,99999.00,99999.00,99999.00,99999.00,99999.00,99999.00,99999.00,99999.00,99999.00,99999.00,99999.00,99999.00,99999.00
99999.00,99999.00,99999.00,99999.00,99999.00,99999.00,99999.00,99999.00,99999.00,99999.00,99999.00,99999.00,99999.00,99999.00,99999.00,99999.00,99999.00,99999.00,99999.00,99999.00,99999.00,99999.00,99999.00,99999.00,99999.00,99999.00,99999.00,99999.00,99999.00,99999.00,99999.00,99999.00,99999.00,99999.00,99999.00,99999.00,99999.00,99999.00,99999.00, 195.87, 176.16, 157.74, 140.36, 123.79, 107.83,  92.31,  77.06,  61.96,  46.88,  31.65,  16.10,   0.00,99999.00,99999.00,99999.00,99999.00,99999.00,99999.00,99999.00,99999.00,99999.00,99999.00,99999.00,99999.00,99999.00,99999.00,99999.00,99999.00,99999.00,99999.00,99999.00,99999.00,99999.00,99999.00,99999.00,99999.00,99999.00,99999.00,99999.00,99999.00,99999.00,99999.00,99999.00,99999.00,99999.00,99999.00,99999.00,99999.00,99999.00,99999.00,99999.00,99999.00,99999.00,99999.00,99999.00,99999.00
99999.00,99999.00,99999.00,99999.00,99999.00,99999.00,99999.00,99999.00,99999.00,99999.00,99999.00,99999.00,99999.00,99999.00,99999.00,99999.00,99999.00,99999.00,99999.00,99999.00,99999.00,99999.00,99999.00,99999.00,99999.00,99999.00,99999.00,99999.00,99999.00,99999.00,99999.00,99999.00,99999.00,99999.00,99999.00,99999.00,99999.00,99999.00, 213.83, 193.86, 175.02, 157.16, 140.16, 123.81, 107.97,  92.49,  77.26,  62.16,  47.04,  31.77,  16.16,   0.00,99999.00,99999.00,99999.00,99999.00,99999.00,99999.00,99999.00,99999.00,99999.00,99999.00,99999.00,99999.00,99999.00,99999.00,99999.00,99999.00,99999.00,99999.00,99999.00,99999.00,99999.00,99999.00,99999.00,99999.00,99999.00,99999.00,99999.00,99999.00,99999.00,99999.00,99999.00,99999.00,99999.00,99999.00,99999.00,99999.00,99999.00,99999.00,99999.00,99999.00,99999.00,99999.00,99999.00,99999.00
99999.00,99999.00,99999.00,99999.00,99999.00,99999.00,99999.00,99999.00,99999.00,99999.00,99999.00,99999.00,99999.00,99999.00,99999.00, 880.31,99999.00,99999.00,99999.00,99999.00,99999.00,99999.00,99999.00,99999.00,99999.00,99999.00,99999.00,99999.00,99999.00,99999.00,99999.00,99999.00, 340.15, 316.69, 293.83, 271.94, 250.82, 230.36, 210.69, 191.82, 173.77, 156.47, 139.81, 123.68, 107.98,  92.59,  77.40,  62.31,  47.18,  31.87,  16.22,   0.00,99999.00,99999.00,99999.00,99999.00,99999.00,99999.00,99999.00,99999.00,99999.00,99999.00,99999.00,99999.00,99999.00,99999.00,99999.00,99999.00,99999.00,99999.00,99999.00,99999.00,99999.00,99999.00,99999.00,99999.00,99999.00,99999.00,99999.00,99999.00,99999.00,99999.00,99999.00,99999.00,99999.00,99999.00,99999.00,99999.00,99999.00,99999.00,99999.00,99999.00,99999.00,99999.00,99999.00,99999.00
99999.00,99999.00,99999.00,99999.00,99999.00,99999.00,99999.00,99999.00,99999.00,99999.00,99999.00,99999.00,99999.00,99999.00,99999.00, 849.10,99999.00,99999.00,99999.00,99999.00,99999.00,99999.00,99999.00,99999.00,99999.00,99999.00,99999.00,99999.00,99999.00,99999.00,99999.00,99999.00, 330.51, 307.67, 286.12, 265.54, 245.74, 226.57, 207.97, 189.96, 172.55, 155.70, 139.37, 123.47, 107.92,  92.63,  77.50,  62.42,  47.29,  31.96,  16.27,   0.00,99999.00,99999.00,99999.00,99999.00,99999.00,99999.00,99999.00,99999.00,99999.00,99999.00,99999.00,99999.00,99999.00,99999.00,99999.00,99999.00,99999.00,99999.00,99999.00,99999.00,99999.00,99999.00,99999.00,99999.00,99999.00,99999.00,99999.00,99999.00,99999.00,99999.00,99999.00,99999.00,99999.00,99999.00,99999.00,99999.00,99999.00,99999.00,99999.00,99999.00,99999.00,99999.00,99999.00,99999.00
99999.00,99999.00,99999.00,99999.00,99999.00,99999.00,99999.00,99999.00,99999.00,99999.00,99999.00,99999.00,99999.00,99999.00,99999.00, 819.21,99999.00,99999.00,99999.00,99999.00,99999.00,99999.00,99999.00,99999.00,99999.00,99999.00,99999.00,99999.00,99999.00,99999.00,99999.00,99999.00, 322.54, 300.72, 280.19, 260.63, 241.84, 223.52, 205.66, 188.28, 171.39, 154.94, 138.91, 123.23, 107.83,  92.64,  77.57,  62.52,  47.39,  32.05,  16.32,   0.00,99999.00,99999.00,99999.00,99999.00,99999.00,99999.00,99999.00,99999.00,99999.00,99999.00,99999.00,99999.00,99999.00,99999.00,99999.00,99999.00,99999.00,99999.00,99999.00,99999.00,99999.00,99999.00,99999.00,99999.00,99999.00,99999.00,99999.00,99999.00,99999.00,99999.00,99999.00,99999.00,99999.00,99999.00,99999.00,99999.00,99999.00,99999.00,99999.00,99999.00,99999.00,99999.00,99999.00,99999.00
99999.00,99999.00,99999.00,99999.00,99999.00,99999.00,99999.00,99999.00,99999.00,99999.00,99999.00,99999.00,99999.00,99999.00,99999.00, 790.35,99999.00,99999.00,99999.00,99999.00,99999.00,99999.00,99999.00,99999.00,99999.00,99999.00,99999.00,99999.00,99999.00,99999.00,99999.00,99999.00, 316.48, 295.47, 275.73, 256.94, 238.75, 221.02, 203.72, 186.84, 170.36, 154.25, 138.49, 123.01, 107.75,  92.66,  77.64,  62.62,  47.50,  32.13,  16.37,   0.00,99999.00,99999.00,99999.00,99999.00,99999.00,99999.00,99999.00,99999.00,99999.00,99999.00,99999.00,99999.00,99999.00,99999.00,99999.00,99999.00,99999.00,99999.00,99999.00,99999.00,99999.00,99999.00,99999.00,99999.00,99999.00,99999.00,99999.00,99999.00,99999.00,99999.00,99999.00,99999.00,99999.00,99999.00,99999.00,99999.00,99999.00,99999.00,99999.00,99999.00,99999.00,99999.00,99999.00,99999.00
99999.00,99999.00,99999.00,99999.00,99999.00,99999.00,99999.00,99999.00,99999.00,99999.00,99999.00,99999.00,99999.00,99999.00,99999.00, 762.33,99999.00,99999.00,99999.00,99999.00,99999.00,99999.00,99999.00,99999.00,99999.00,99999.00,99999.00,99999.00,99999.00,99999.00,99999.00,99999.00, 314.92, 294.52, 275.38, 257.05, 239.31, 222.04, 205.17, 188.68, 172.54, 156.72, 141.17, 125.87, 110.74,  95.73,  80.78,  65.79,  50.66,  35.29,  23.19,  17.33,99999.00,99999.00,99999.00,99999.00,99999.00,99999.00,99999.00,99999.00,99999.00,99999.00,99999.00,99999.00,99999.00,99999.00,99999.00,99999.00,99999.00,99999.00,99999.00,99999.00,99999.00,99999.00,99999.00,99999.00,99999.00,99999.00,99999.00,99999.00,99999.00,99999.00,99999.00,99999.00,99999.00,99999.00,99999.00,99999.00,99999.00,99999.00,99999.00,99999.00,99999.00,99999.00,99999.00,99999.00
99999.00,99999.00,99999.00,99999.00,99999.00,99999.00,99999.00,99999.00,99999.00,99999.00,99999.00,99999.00,99999.00,99999.00,99999.00, 734.95,99999.00,99999.00,99999.00,99999.00,99999.00,99999.00,99999.00,99999.00,99999.00,99999.00,99999.00,99999.00,99999.00,99999.00,99999.00,99999.00, 314.30, 294.41, 275.62, 257.65, 240.27, 223.35, 206.82, 190.64, 174.78, 159.19, 143.85, 128.70, 113.70,  98.79,  83.91,  68.98,  56.95,  45.40,  36.39,  34.43,99999.00,99999.00,99999.00,99999.00,99999.00,99999.00,99999.00,99999.00,99999.00,99999.00,99999.00,99999.00,99999.00,99999.00,99999.00,99999.00,99999.00,99999.00,99999.00,99999.00,99999.00,99999.00,99999.00,99999.00,99999.00,99999.00,99999.00,99999.00,99999.00,99999.00,99999.00,99999.00,99999.00,99999.00,99999.00,99999.00,99999.00,99999.00,99999.00,99999.00,99999.00,99999.00,99999.00,99999.00
99999.00,99999.00,99999.00,99999.00,99999.00,99999.00,99999.00,99999.00,99999.00,99999.00,99999.00,99999.00,99999.00,99999.00,99999.00, 708.08,99999.00,99999.00,99999.00,99999.00,99999.00,99999.00,99999.00,99999.00,99999.00,99999.00,99999.00,99999.00,99999.00,99999.00,99999.00,99999.00, 314.55, 294.97, 276.48, 258.79, 241.70, 225.07, 208.82, 192.90, 177.26, 161.88, 146.71, 131.71, 116.84, 102.04,  89.96,  78.12,  66.88,  57.92,  52.40,  51.10,  56.58,99999.00,99999.00,99999.00,99999.00,99999.00,99999.00,99999.00,99999.00,99999.00,99999.00,99999.00,99999.00,99999.00,99999.00,99999.00,99999.00,99999.00,99999.00,99999.00,99999.00,99999.00,99999.00,99999.00,99999.00,99999.00,99999.00,99999.00,99999.00,99999.00,99999.00,99999.00,99999.00,99999.00,99999.00,99999.00,99999.00,99999.00,99999.00,99999.00,99999.00,99999.00,99999.00,99999.00
99999.00,99999.00,99999.00,99999.00,99999.00,99999.00,99999.00,99999.00,99999.00,99999.00,99999.00,99999.00,99999.00,99999.00,99999.00, 685.43,99999.00,99999.00,99999.00,99999.00,99999.00,99999.00,99999.00,99999.00,99999.00,99999.00,99999.00,99999.00,99999.00,99999.00,99999.00,99999.00, 314.81, 295.73, 277.64, 260.28, 243.49, 227.14, 211.14, 195.46, 180.04, 164.85, 149.85, 135.00, 122.78, 110.70,  98.92,  87.85,  78.97,  70.58,  68.07,  67.26,  70.92,  55.72,99999.00,99999.00,99999.00,99999.00,99999.00,99999.00,99999.00,99999.00,99999.00,99999.00,99999.00,99999.00,99999.00,99999.00,99999.00,99999.00,99999.00,99999.00,99999.00,99999.00,99999.00,99999.00,99999.00,99999.00,99999.00,99999.00,99999.00,99999.00,99999.00,99999.00,99999.00,99999.00,99999.00,99999.00,99999.00,99999.00,99999.00,99999.00,99999.00,99999.00,99999.00,99999.00
99999.00,99999.00,99999.00,99999.00,99999.00,99999.00,99999.00,99999.00,99999.00,99999.00,99999.00,99999.00,99999.00,99999.00,99999.00, 668.67, 649.05,99999.00,99999.00,99999.00,99999.00,99999.00,99999.00,99999.00,99999.00,99999.00,99999.00,99999.00,99999.00,99999.00,99999.00, 334.58, 315.14, 296.72, 279.11, 262.13, 245.66, 229.59, 213.85, 198.40, 183.18, 168.18, 155.66, 143.36, 131.28, 119.48, 108.45,  99.66,  91.03,  85.60,  83.37,  81.50,  65.87,  49.86,  33.46,  16.78,   0.00,   0.00,   0.00,   0.00,   0.00,   0.00,   0.00,   0.00,   0.00,   0.00,   0.00,   0.00,   0.00,   0.00,   0.00,   0.00,   0.00,   0.00,   0.00,   0.00,   0.00,   0.00,   0.00,   0.00,   0.00,99999.00,99999.00,99999.00,99999.00,99999.00,99999.00,99999.00,99999.00,99999.00,99999.00,99999.00,99999.00,99999.00,99999.00,99999.00
99999.00,99999.00,99999.00,99999.00,99999.00,99999.00,99999.00,99999.00,99999.00,99999.00,99999.00,99999.00,99999.00,99999.00,99999.00, 654.02, 633.46, 613.95,99999.00,99999.00,99999.00,99999.00,99999.00,99999.00,99999.00,99999.00,99999.00,99999.00,99999.00,99999.00, 353.48, 334.24, 315.79, 298.07, 280.98, 264.41, 248.28, 232.49, 217.00, 201.76, 188.83, 176.19, 163.83, 151.74, 139.86, 128.82, 120.05, 111.36, 103.21, 100.34,  96.18,  81.25,  66.09,  50.71,  35.13,  22.20,  15.54,  15.36,  15.24,  15.16,  15.08,  15.00,  14.92,  14.90,  14.90,  14.90,  14.90,  14.90,  15.13,  15.38,  15.66,  15.96,  16.30,  16.68,  17.10,  17.59,  18.15,  18.80,  19.59,  20.54,  21.75,99999.00,99999.00,99999.00,99999.00,99999.00,99999.00,99999.00,99999.00,99999.00,99999.00,99999.00,99999.00,99999.00,99999.00,99999.00
99999.00,99999.00,99999.00,99999.00,99999.00,99999.00,99999.00,99999.00,99999.00,99999.00,99999.00,99999.00,99999.00,99999.00,99999.00, 641.89, 620.61, 600.36, 580.62, 561.25, 541.70, 521.98, 502.77, 484.01, 465.60, 446.22, 427.13, 408.33, 389.71, 371.04, 352.58, 334.53, 316.98, 299.93, 283.36, 267.19, 251.39, 235.87, 222.44, 209.37, 196.64, 184.24, 172.12, 160.15, 149.02, 140.23, 131.54, 123.03, 117.59, 112.17,  97.69,  83.09,  68.36,  55.64,  43.39,  33.36,  30.29,  29.94,  29.73,  29.56,  29.40,  29.25,  29.11,  29.09,  29.09,  29.09,  29.09,  29.09,  29.32,  29.83,  30.38,  30.99,  31.66,  32.42,  33.27,  34.24,  35.36,  36.67,  38.24,  40.15,  42.57,99999.00,99999.00,99999.00,99999.00,99999.00,99999.00,99999.00,99999.00,99999.00,99999.00,99999.00,99999.00,99999.00,99999.00,99999.00
99999.00,99999.00,99999.00,99999.00,99999.00,99999.00,99999.00,99999.00,99999.00,99999.00,99999.00,99999.00,99999.00,99999.00,99999.00, 631.47, 610.52, 590.18, 570.23, 550.78, 531.67, 513.10, 494.71, 476.08, 457.82, 439.90, 422.29, 404.95, 387.57, 370.13, 352.78, 335.67, 318.87, 302.42, 286.32, 270.54, 256.55, 242.99, 229.84, 217.06, 204.61, 192.36, 180.38, 169.15, 160.27, 151.55, 142.97, 134.86, 128.82, 114.63, 100.38,  87.81,  75.69,  63.86,  53.79,  47.63,  44.48,  43.97,  43.67,  43.43,  43.19,  42.96,  42.82,  42.79,  42.79,  42.79,  42.79,  42.79,  43.03,  43.53,  44.36,  45.27,  46.29,  47.42,  48.70,  50.15,  51.83,  53.80,  56.15,  59.02,  62.65,99999.00,99999.00,99999.00,99999.00,99999.00,99999.00,99999.00,99999.00,99999.00,99999.00,99999.00,99999.00,99999.00,99999.00,99999.00
99999.00,99999.00,99999.00,99999.00,99999.00,99999.00,99999.00,99999.00,99999.00,99999.00,99999.00,99999.00,99999.00,99999.00,99999.00, 622.78, 601.64, 581.59, 562.34, 543.21, 524.27, 505.88, 487.97, 470.48, 453.38, 436.61, 420.14, 403.68, 387.19, 370.64, 354.12, 337.74, 321.56, 305.62, 291.10, 277.05, 263.45, 250.27, 237.45, 224.87, 212.60, 200.60, 189.24, 180.27, 171.46, 162.84, 154.40, 145.79, 131.77, 119.26, 107.20,  95.41,  83.83,  73.74,  64.77,  61.45,  58.26,  57.60,  57.23,  56.91,  56.60,  56.34,  56.19,  56.17,  56.17,  56.17,  56.17,  56.17,  56.40,  56.90,  57.73,  58.95,  60.30,  61.81,  63.52,  65.46,  67.70,  70.32,  73.45,  77.28,  82.11,99999.00,99999.00,99999.00,99999.00,99999.00,99999.00,99999.00,99999.00,99999.00,99999.00,99999.00,99999.00,99999.00,99999.00,99999.00
99999.00,99999.00,99999.00,99999.00,99999.00,99999.00,99999.00,99999.00,99999.00,99999.00,99999.00,99999.00,99999.00,99999.00,99999.00, 615.39, 594.51, 574.58, 555.38, 536.80, 518.80, 501.34, 484.37, 467.82, 451.65, 435.82, 419.99, 404.16, 388.33, 372.43, 356.53, 340.71, 325.83, 311.38, 297.38, 283.81, 270.64, 257.74, 245.16, 232.88, 220.86, 209.36, 200.27, 191.36, 182.66, 174.16, 162.96, 150.41, 138.33, 126.54, 114.95, 103.50,  93.38,  84.34,  78.40,  74.99,  71.75,  70.97,  70.53,  70.14,  69.77,  69.51,  69.36,  69.34,  69.34,  69.34,  69.34,  69.34,  69.57,  70.07,  70.90,  72.12,  73.81,  75.70,  77.83,  80.25,  83.05,  86.33,  90.25,  95.04, 101.08,99999.00,99999.00,99999.00,99999.00,99999.00,99999.00,99999.00,99999.00,99999.00,99999.00,99999.00,99999.00,99999.00,99999.00,99999.00
99999.00,99999.00,99999.00,99999.00,99999.00,99999.00,99999.00,99999.00,99999.00,99999.00,99999.00,99999.00,99999.00,99999.00,99999.00, 609.25, 588.98, 569.71, 551.23, 533.42, 516.20, 499.52, 483.34, 467.58, 452.19, 436.81, 421.43, 406.05, 390.66, 375.24, 360.28, 345.65, 331.41, 317.56, 304.09, 290.90, 278.05, 265.50, 253.23, 241.18, 229.54, 220.33, 211.32, 202.52, 193.94, 181.59, 169.43, 157.58, 145.93, 134.43, 123.03, 112.86, 103.76,  95.33,  91.81,  88.35,  85.06,  84.19,  83.68,  83.22,  82.85,  82.58,  82.43,  82.41,  82.41,  82.41,  82.41,  82.41,  82.64,  83.15,  83.98,  85.20,  86.88,  89.15,  91.70,  94.61,  97.97, 101.91, 106.61, 112.18, 118.71,99999.00,99999.00,99999.00,99999.00,99999.00,99999.00,99999.00,99999.00,99999.00,99999.00,99999.00,99999.00,99999.00,99999.00,99999.00
99999.00,99999.00,99999.00,99999.00,99999.00,99999.00,99999.00,99999.00,99999.00,99999.00,99999.00,99999.00,99999.00,99999.00,99999.00, 605.88, 586.16, 567.48, 549.63, 532.47, 515.92, 499.92, 484.41, 469.32, 454.24, 439.15, 424.06, 408.98, 394.04, 379.48, 365.21, 351.26, 337.64, 324.25, 311.18, 298.42, 285.93, 273.67, 261.60, 249.84, 240.50, 231.38, 222.49, 213.03, 200.75, 188.79, 177.05, 165.47, 153.98, 142.56, 132.33, 123.17, 114.65, 108.77, 105.14, 101.63,  98.28,  97.35,  96.77,  96.30,  95.92,  95.66,  95.51,  95.49,  95.49,  95.49,  95.49,  95.49,  95.72,  96.22,  97.05,  98.27,  99.96, 102.23, 105.21, 108.60, 112.52, 117.05, 122.08, 128.13, 135.62,99999.00,99999.00,99999.00,99999.00,99999.00,99999.00,99999.00,99999.00,99999.00,99999.00,99999.00,99999.00,99999.00,99999.00,99999.00
99999.00,99999.00,99999.00,99999.00,99999.00,99999.00,99999.00,99999.00,99999.00,99999.00,99999.00,99999.00,99999.00,99999.00,99999.00, 604.67, 585.44, 567.30, 550.00, 533.42, 517.45, 502.04, 487.11, 472.19, 457.26, 442.34, 427.41, 412.85, 398.57, 384.68, 371.07, 357.63, 344.47, 331.57, 318.93, 306.52, 294.28, 282.16, 270.29, 260.86, 251.63, 242.65, 232.47, 220.38, 208.53, 196.83, 185.24, 173.69, 162.20, 151.92, 142.68, 134.08, 125.90, 122.19, 118.50, 114.94, 111.54, 110.54, 109.95, 109.47, 109.10, 108.83, 108.68, 108.66, 108.66, 108.66, 108.66, 108.66, 108.89, 109.40, 110.23, 111.44, 113.13, 115.40, 118.38, 122.24, 126.40, 131.23, 136.92, 143.76, 152.03,99999.00,99999.00,99999.00,99999.00,99999.00,99999.00,99999.00,99999.00,99999.00,99999.00,99999.00,99999.00,99999.00,99999.00,99999.00
99999.00,99999.00,99999.00,99999.00,99999.00,99999.00,99999.00,99999.00,99999.00,99999.00,99999.00,99999.00,99999.00,99999.00,99999.00, 605.05, 586.28, 568.61, 551.81, 535.73, 520.28, 505.39, 490.50, 475.61, 460.71, 446.15, 431.87, 417.98, 404.36, 390.90, 377.78, 364.88, 352.19, 339.69, 327.35, 315.11, 302.93, 290.97, 281.45, 272.14, 263.07, 252.54, 240.55, 228.70, 216.94, 205.27, 193.66, 182.10, 171.74, 162.43, 153.75, 145.48, 139.56, 135.74, 132.00, 128.38, 124.93, 123.91, 123.31, 122.84, 122.46, 122.19, 122.05, 122.02, 122.02, 122.02, 122.02, 122.02, 122.26, 122.76, 123.59, 124.81, 126.50, 128.76, 131.74, 135.09, 139.74, 145.12, 151.40, 158.57, 167.33,99999.00,99999.00,99999.00,99999.00,99999.00,99999.00,99999.00,99999.00,99999.00,99999.00,99999.00,99999.00,99999.00,99999.00,99999.00
99999.00,99999.00,99999.00,99999.00,99999.00,99999.00,99999.00,99999.00,99999.00,99999.00,99999.00,99999.00,99999.00,99999.00,99999.00, 606.48, 588.12, 570.88, 554.52, 538.90, 524.02, 509.12, 494.23, 479.67, 465.39, 451.50, 437.88, 424.42, 411.29, 398.33, 385.66, 373.18, 360.82, 348.49, 336.21, 323.97, 311.97, 302.38, 293.00, 283.85, 273.25, 261.19, 249.27, 237.43, 225.69, 214.01, 202.38, 191.95, 182.56, 173.80, 165.44, 157.31, 153.43, 149.54, 145.75, 142.06, 138.59, 137.57, 136.97, 136.50, 136.12, 135.85, 135.71, 135.69, 135.69, 135.69, 135.69, 135.69, 135.92, 136.42, 137.25, 138.47, 140.16, 142.42, 145.40, 148.75, 152.79, 158.42, 165.00, 172.83, 182.37,99999.00,99999.00,99999.00,99999.00,99999.00,99999.00,99999.00,99999.00,99999.00,99999.00,99999.00,99999.00,99999.00,99999.00,99999.00
99999.00,99999.00,99999.00,99999.00,99999.00,99999.00,99999.00,99999.00,99999.00,99999.00,99999.00,99999.00,99999.00,99999.00,99999.00, 608.81, 590.82, 573.97, 558.02, 543.17, 528.29, 513.73, 499.45, 485.55, 471.94, 458.48, 445.35, 432.39, 419.71, 407.17, 394.65, 382.31, 369.98, 357.69, 345.43, 333.39, 323.76, 314.33, 305.13, 294.47, 282.35, 270.36, 258.45, 246.65, 234.90, 223.20, 212.70, 203.24, 194.40, 185.95, 177.73, 171.67, 167.68, 163.73, 159.84, 156.14, 152.67, 151.65, 151.06, 150.58, 150.21, 149.94, 149.79, 149.77, 149.77, 149.77, 149.77, 149.77, 150.00, 150.51, 151.34, 152.55, 154.24, 156.51, 159.49, 162.83, 166.58, 171.23, 178.36, 186.78, 196.66,99999.00,99999.00,99999.00,99999.00,99999.00,99999.00,99999.00,99999.00,99999.00,99999.00,99999.00,99999.00,99999.00,99999.00,99999.00
99999.00,99999.00,99999.00,99999.00,99999.00,99999.00,99999.00,99999.00,99999.00,99999.00,99999.00,99999.00,99999.00,99999.00,99999.00, 612.14, 594.51, 578.02, 563.20, 548.68, 534.41, 520.51, 506.90, 493.44, 480.31, 467.35, 454.50, 441.82, 429.28, 416.73, 404.34, 392.00, 379.73, 367.46, 355.41, 345.76, 336.31, 327.07, 316.37, 304.20, 292.16, 280.19, 268.33, 256.51, 244.75, 234.18, 224.65, 215.73, 207.21, 198.90, 190.63, 186.50, 182.43, 178.40, 174.48, 170.79, 167.33, 166.30, 165.71, 165.23, 164.86, 164.59, 164.44, 164.42, 164.42, 164.42, 164.42, 164.42, 164.65, 165.16, 165.99, 167.21, 168.89, 171.16, 174.14, 177.49, 181.23, 185.55, 191.18, 199.90, 210.43,99999.00,99999.00,99999.00,99999.00,99999.00,99999.00,99999.00,99999.00,99999.00,99999.00,99999.00,99999.00,99999.00,99999.00,99999.00
99999.00,99999.00,99999.00,99999.00,99999.00,99999.00,99999.00,99999.00,99999.00,99999.00,99999.00,99999.00,99999.00,99999.00,99999.00, 616.66, 599.34, 584.91, 570.70, 556.84, 543.22, 529.77, 516.41, 503.29, 490.33, 477.48, 464.80, 452.25, 439.70, 427.30, 414.91, 402.58, 390.33, 378.28, 368.63, 359.17, 349.92, 339.19, 326.98, 314.90, 302.89, 290.98, 279.11, 267.28, 256.65, 247.05, 238.07, 229.47, 221.02, 212.66, 206.19, 201.99, 197.87, 193.80, 189.88, 186.20, 182.74, 181.72, 181.12, 180.65, 180.27, 180.00, 179.86, 179.84, 179.84, 179.84, 179.84, 179.84, 180.07, 180.57, 181.40, 182.62, 184.31, 186.57, 189.55, 192.90, 196.65, 200.97, 205.69, 212.83, 223.41,99999.00,99999.00,99999.00,99999.00,99999.00,99999.00,99999.00,99999.00,99999.00,99999.00,99999.00,99999.00,99999.00,99999.00,99999.00
99999.00,99999.00,99999.00,99999.00,99999.00,99999.00,99999.00,99999.00,99999.00,99999.00,99999.00,99999.00,99999.00,99999.00,99999.00, 622.96, 608.86, 594.88, 581.05, 567.46, 554.00, 540.65, 527.52, 514.56, 501.71, 489.04, 476.49, 463.94, 451.53, 439.13, 426.76, 414.46, 402.36, 392.73, 383.27, 374.02, 363.28, 351.06, 338.95, 326.90, 314.95, 303.03, 291.16, 280.47, 270.82, 261.77, 253.10, 244.46, 236.02, 227.62, 222.68, 218.45, 214.29, 210.21, 206.32, 202.65, 199.18, 198.16, 197.56, 197.09, 196.71, 196.45, 196.30, 196.28, 196.28, 196.28, 196.28, 196.28, 196.51, 197.01, 197.84, 199.06, 200.75, 203.02, 206.00, 209.34, 213.09, 217.41, 222.14, 227.95, 236.09,99999.00,99999.00,99999.00,99999.00,99999.00,99999.00,99999.00,99999.00,99999.00,99999.00,99999.00,99999.00,99999.00,99999.00,99999.00
99999.00,99999.00,99999.00,99999.00,99999.00,99999.00,99999.00,99999.00,99999.00,99999.00,99999.00,99999.00,99999.00,99999.00,99999.00,99999.00,99999.00,99999.00,99999.00,99999.00,99999.00,99999.00,99999.00,99999.00,99999.00,99999.00,99999.00,99999.00,99999.00,99999.00,99999.00,99999.00,99999.00,99999.00,99999.00,99999.00,99999.00,99999.00,99999.00,99999.00,99999.00,99999.00,99999.00,99999.00,99999.00,99999.00,99999.00,99999.00,99999.00,99999.00,99999.00,99999.00,99999.00,99999.00,99999.00,99999.00,99999.00,99999.00,99999.00,99999.00,99999.00,99999.00,99999.00,99999.00,99999.00,99999.00,99999.00,99999.00,99999.00,99999.00,99999.00,99999.00,99999.00,99999.00,99999.00,99999.00,99999.00,99999.00,99999.00,99999.00,99999.00,99999.00,99999.00,99999.00,99999.00,99999.00,99999.00,99999.00,99999.00,99999.00,99999.00,99999.00,99999.00,99999.00,99999.00,99999.00
99999.00,99999.00,99999.00,99999.00,99999.00,99999.00,99999.00,99999.00,99999.00,99999.00,99999.00,99999.00,99999.00,99999.00,99999.00,99999.00,99999.00,99999.00,99999.00,99999.00,99999.00,99999.00,99999.00,99999.00,99999.00,99999.00,99999.00,99999.00,99999.00,99999.00,99999.00,99999.00,99999.00,99999.00,99999.00,99999.00,99999.00,99999.00,99999.00,99999.00,99999.00,99999.00,99999.00,99999.00,99999.00,99999.00,99999.00,99999.00,99999.00,99999.00,99999.00,99999.00,99999.00,99999.00,99999.00,99999.00,99999.00,99999.00,99999.00,99999.00,99999.00,99999.00,99999.00,99999.00,99999.00,99999.00,99999.00,99999.00,99999.00,99999.00,99999.00,99999.00,99999.00,99999.00,99999.00,99999.00,99999.00,99999.00,99999.00,99999.00,99999.00,99999.00,99999.00,99999.00,99999.00,99999.00,99999.00,99999.00,99999.00,99999.00,99999.00,99999.00,99999.00,99999.00,99999.00,99999.00
99999.00,99999.00,99999.00,99999.00,99999.00,99999.00,99999.00,99999.00,99999.00,99999.00,99999.00,99999.00,99999.00,99999.00,99999.00,99999.00,99999.00,99999.00,99999.00,99999.00,99999.00,99999.00,99999.00,99999.00,99999.00,99999.00,99999.00,99999.00,99999.00,99999.00,99999.00,99999.00,99999.00,99999.00,99999.00,99999.00,99999.00,99999.00,99999.00,99999.00,99999.00,99999.00,99999.00,99999.00,99999.00,99999.00,99999.00,99999.00,99999.00,99999.00,99999.00,99999.00,99999.00,99999.00,99999.00,99999.00,99999.00,99999.00,99999.00,99999.00,99999.00,99999.00,99999.00,99999.00,99999.00,99999.00,99999.00,99999.00,99999.00,99999.00,99999.00,99999.00,99999.00,99999.00,99999.00,99999.00,99999.00,99999.00,99999.00,99999.00,99999.00,99999.00,99999.00,99999.00,99999.00,99999.00,99999.00,99999.00,99999.00,99999.00,99999.00,99999.00,99999.00,99999.00,99999.00,99999.00
99999.00,99999.00,99999.00,99999.00,99999.00,99999.00,99999.00,99999.00,99999.00,99999.00,99999.00,99999.00,99999.00,99999.00,99999.00,99999.00,99999.00,99999.00,99999.00,99999.00,99999.00,99999.00,99999.00,99999.00,99999.00,99999.00,99999.00,99999.00,99999.00,99999.00,99999.00,99999.00,99999.00,99999.00,99999.00,99999.00,99999.00,99999.00,99999.00,99999.00,99999.00,99999.00,99999.00,99999.00,99999.00,99999.00,99999.00,99999.00,99999.00,99999.00,99999.00,99999.00,99999.00,99999.00,99999.00,99999.00,99999.00,99999.00,99999.00,99999.00,99999.00,99999.00,99999.00,99999.00,99999.00,99999.00,99999.00,99999.00,99999.00,99999.00,99999.00,99999.00,99999.00,99999.00,99999.00,99999.00,99999.00,99999.00,99999.00,99999.00,99999.00,99999.00,99999.00,99999.00,99999.00,99999.00,99999.00,99999.00,99999.00,99999.00,99999.00,99999.00,99999.00,99999.00,99999.00,99999.00
99999.00,99999.00,99999.00,99999.00,99999.00,99999.00,99999.00,99999.00,99999.00,99999.00,99999.00,99999.00,99999.00,99999.00,99999.00,99999.00,99999.00,99999.00,99999.00,99999.00,99999.00,99999.00,99999.00,99999.00,99999.00,99999.00,99999.00,99999.00,99999.00,99999.00,99999.00,99999.00,99999.00,99999.00,99999.00,99999.00,99999.00,99999.00,99999.00,99999.00,99999.00,99999.00,99999.00,99999.00,99999.00,99999.00,99999.00,99999.00,99999.00,99999.00,99999.00,99999.00,99999.00,99999.00,99999.00,99999.00,99999.00,99999.00,99999.00,99999.00,99999.00,99999.00,99999.00,99999.00,99999.00,99999.00,99999.00,99999.00,99999.00,99999.00,99999.00,99999.00,99999.00,99999.00,99999.00,99999.00,99999.00,99999.00,99999.00,99999.00,99999.00,99999.00,99999.00,99999.00,99999.00,99999.00,99999.00,99999.00,99999.00,99999.00,99999.00,99999.00,99999.00,99999.00,99999.00,99999.00
99999.00,99999.00,99999.00,99999.00,99999.00,99999.00,99999.00,99999.00,99999.00,99999.00,99999.00,99999.00,99999.00,99999.00,99999.00,99999.00,99999.00,99999.00,99999.00,99999.00,99999.00,99999.00,99999.00,99999.00,99999.00,99999.00,99999.00,99999.00,99999.00,99999.00,99999.00,99999.00,99999.00,99999.00,99999.00,99999.00,99999.00,99999.00,99999.00,99999.00,99999.00,99999.00,99999.00,99999.00,99999.00,99999.00,99999.00,99999.00,99999.00,99999.00,99999.00,99999.00,99999.00,99999.00,99999.00,99999.00,99999.00,99999.00,99999.00,99999.00,99999.00,99999.00,99999.00,99999.00,99999.00,99999.00,99999.00,99999.00,99999.00,99999.00,99999.00,99999.00,99999.00,99999.00,99999.00,99999.00,99999.00,99999.00,99999.00,99999.00,99999.00,99999.00,99999.00,99999.00,99999.00,99999.00,99999.00,99999.00,99999.00,99999.00,99999.00,99999.00,99999.00,99999.00,99999.00,99999.00
99999.00,99999.00,99999.00,99999.00,99999.00,99999.00,99999.00,99999.00,99999.00,99999.00,99999.00,99999.00,99999.00,99999.00,99999.00,99999.00,99999.00,99999.00,99999.00,99999.00,99999.00,99999.00,99999.00,99999.00,99999.00,99999.00,99999.00,99999.00,99999.00,99999.00,99999.00,99999.00,99999.00,99999.00,99999.00,99999.00,99999.00,99999.00,99999.00,99999.00,99999.00,99999.00,99999.00,99999.00,99999.00,99999.00,99999.00,99999.00,99999.00,99999.00,99999.00,99999.00,99999.00,99999.00,99999.00,99999.00,99999.00,99999.00,99999.00,99999.00,99999.00,99999.00,99999.00,99999.00,99999.00,99999.00,99999.00,99999.00,99999.00,99999.00,99999.00,99999.00,99999.00,99999.00,99999.00,99999.00,99999.00,99999.00,99999.00,99999.00,99999.00,99999.00,99999.00,99999.00,99999.00,99999.00,99999.00,99999.00,99999.00,99999.00,99999.00,99999.00,99999.00,99999.00,99999.00,99999.00
99999.00,99999.00,99999.00,99999.00,99999.00,99999.00,99999.00,99999.00,99999.00,99999.00,99999.00,99999.00,99999.00,99999.00,99999.00,99999.00,99999.00,99999.00,99999.00,99999.00,99999.00,99999.00,99999.00,99999.00,99999.00,99999.00,99999.00,99999.00,99999.00,99999.00,99999.00,99999.00,99999.00,99999.00,99999.00,99999.00,99999.00,99999.00,99999.00,99999.00,99999.00,99999.00,99999.00,99999.00,99999.00,99999.00,99999.00,99999.00,99999.00,99999.00,99999.00,99999.00,99999.00,99999.00,99999.00,99999.00,99999.00,99999.00,99999.00,99999.00,99999.00,99999.00,99999.00,99999.00,99999.00,99999.00,99999.00,99999.00,99999.00,99999.00,99999.00,99999.00,99999.00,99999.00,99999.00,99999.00,99999.00,99999.00,99999.00,99999.00,99999.00,99999.00,99999.00,99999.00,99999.00,99999.00,99999.00,99999.00,99999.00,99999.00,99999.00,99999.00,99999.00,99999.00,99999.00,99999.00
99999.00,99999.00,99999.00,99999.00,99999.00,99999.00,99999.00,99999.00,99999.00,99999.00,99999.00,99999.00,99999.00,99999.00,99999.00,99999.00,99999.00,99999.00,99999.00,99999.00,99999.00,99999.00,99999.00,99999.00,99999.00,99999.00,99999.00,99999.00,99999.00,99999.00,99999.00,99999.00,99999.00,99999.00,99999.00,99999.00,99999.00,99999.00,99999.00,99999.00,99999.00,99999.00,99999.00,99999.00,99999.00,99999.00,99999.00,99999.00,99999.00,99999.00,99999.00,99999.00,99999.00,99999.00,99999.00,99999.00,99999.00,99999.00,99999.00,99999.00,99999.00,99999.00,99999.00,99999.00,99999.00,99999.00,99999.00,99999.00,99999.00,99999.00,99999.00,99999.00,99999.00,99999.00,99999.00,99999.00,99999.00,99999.00,99999.00,99999.00,99999.00,99999.00,99999.00,99999.00,99999.00,99999.00,99999.00,99999.00,99999.00,99999.00,99999.00,99999.00,99999.00,99999.00,99999.00,99999.00
99999.00,99999.00,99999.00,99999.00,99999.00,99999.00,99999.00,99999.00,99999.00,99999.00,99999.00,99999.00,99999.00,99999.00,99999.00,99999.00,99999.00,99999.00,99999.00,99999.00,99999.00,99999.00,99999.00,99999.00,99999.00,99999.00,99999.00,99999.00,99999.00,99999.00,99999.00,99999.00,99999.00,99999.00,99999.00,99999.00,99999.00,99999.00,99999.00,99999.00,99999.00,99999.00,99999.00,99999.00,99999.00,99999.00,99999.00,99999.00,99999.00,99999.00,99999.00,99999.00,99999.00,99999.00,99999.00,99999.00,99999.00,99999.00,99999.00,99999.00,99999.00,99999.00,99999.00,99999.00,99999.00,99999.00,99999.00,99999.00,99999.00,99999.00,99999.00,99999.00,99999.00,99999.00,99999.00,99999.00,99999.00,99999.00,99999.00,99999.00,99999.00,99999.00,99999.00,99999.00,99999.00,99999.00,99999.00,99999.00,99999.00,99999.00,99999.00,99999.00,99999.00,99999.00,99999.00,99999.00
99999.00,99999.00,99999.00,99999.00,99999.00,99999.00,99999.00,99999.00,99999.00,99999.00,99999.00,99999.00,99999.00,99999.00,99999.00,99999.00,99999.00,99999.00,99999.00,99999.00,99999.00,99999.00,99999.00,99999.00,99999.00,99999.00,99999.00,99999.00,99999.00,99999.00,99999.00,99999.00,99999.00,99999.00,99999.00,99999.00,99999.00,99999.00,99999.00,99999.00,99999.00,99999.00,99999.00,99999.00,99999.00,99999.00,99999.00,99999.00,99999.00,99999.00,99999.00,99999.00,99999.00,99999.00,99999.00,99999.00,99999.00,99999.00,99999.00,99999.00,99999.00,99999.00,99999.00,99999.00,99999.00,99999.00,99999.00,99999.00,99999.00,99999.00,99999.00,99999.00,99999.00,99999.00,99999.00,99999.00,99999.00,99999.00,99999.00,99999.00,99999.00,99999.00,99999.00,99999.00,99999.00,99999.00,99999.00,99999.00,99999.00,99999.00,99999.00,99999.00,99999.00,99999.00,99999.00,99999.00
99999.00,99999.00,99999.00,99999.00,99999.00,99999.00,99999.00,99999.00,99999.00,99999.00,99999.00,99999.00,99999.00,99999.00,99999.00,99999.00,99999.00,99999.00,99999.00,99999.00,99999.00,99999.00,99999.00,99999.00,99999.00,99999.00,99999.00,99999.00,99999.00,99999.00,99999.00,99999.00,99999.00,99999.00,99999.00,99999.00,99999.00,99999.00,99999.00,99999.00,99999.00,99999.00,99999.00,99999.00,99999.00,99999.00,99999.00,99999.00,99999.00,99999.00,99999.00,99999.00,99999.00,99999.00,99999.00,99999.00,99999.00,99999.00,99999.00,99999.00,99999.00,99999.00,99999.00,99999.00,99999.00,99999.00,99999.00,99999.00,99999.00,99999.00,99999.00,99999.00,99999.00,99999.00,99999.00,99999.00,99999.00,99999.00,99999.00,99999.00,99999.00,99999.00,99999.00,99999.00,99999.00,99999.00,99999.00,99999.00,99999.00,99999.00,99999.00,99999.00,99999.00,99999.00,99999.00,99999.00
99999.00,99999.00,99999.00,99999.00,99999.00,99999.00,99999.00,99999.00,99999.00,99999.00,99999.00,99999.00,99999.00,99999.00,99999.00,99999.00,99999.00,99999.00,99999.00,99999.00,99999.00,99999.00,99999.00,99999.00,99999.00,99999.00,99999.00,99999.00,99999.00,99999.00,99999.00,99999.00,99999.00,99999.00,99999.00,99999.00,99999.00,99999.00,99999.00,99999.00,99999.00,99999.00,99999.00,99999.00,99999.00,99999.00,99999.00,99999.00,99999.00,99999.00,99999.00,99999.00,99999.00,99999.00,99999.00,99999.00,99999.00,99999.00,99999.00,99999.00,99999.00,99999.00,99999.00,99999.00,99999.00,99999.00,99999.00,99999.00,99999.00,99999.00,99999.00,99999.00,99999.00,99999.00,99999.00,99999.00,99999.00,99999.00,99999.00,99999.00,99999.00,99999.00,99999.00,99999.00,99999.00,99999.00,99999.00,99999.00,99999.00,99999.00,99999.00,99999.00,99999.00,99999.00,99999.00,99999.00
99999.00,99999.00,99999.00,99999.00,99999.00,99999.00,99999.00,99999.00,99999.00,99999.00,99999.00,99999.00,99999.00,99999.00,99999.00,99999.00,99999.00,99999.00,99999.00,99999.00,99999.00,99999.00,99999.00,99999.00,99999.00,99999.00,99999.00,99999.00,99999.00,99999.00,99999.00,99999.00,99999.00,99999.00,99999.00,99999.00,99999.00,99999.00,99999.00,99999.00,99999.00,99999.00,99999.00,99999.00,99999.00,99999.00,99999.00,99999.00,99999.00,99999.00,99999.00,99999.00,99999.00,99999.00,99999.00,99999.00,99999.00,99999.00,99999.00,99999.00,99999.00,99999.00,99999.00,99999.00,99999.00,99999.00,99999.00,99999.00,99999.00,99999.00,99999.00,99999.00,99999.00,99999.00,99999.00,99999.00,99999.00,99999.00,99999.00,99999.00,99999.00,99999.00,99999.00,99999.00,99999.00,99999.00,99999.00,99999.00,99999.00,99999.00,99999.00,99999.00,99999.00,99999.00,99999.00,99999.00
99999.00,99999.00,99999.00,99999.00,99999.00,99999.00,99999.00,99999.00,99999.00,99999.00,99999.00,99999.00,99999.00,99999.00,99999.00,99999.00,99999.00,99999.00,99999.00,99999.00,99999.00,99999.00,99999.00,99999.00,99999.00,99999.00,99999.00,99999.00,99999.00,99999.00,99999.00,99999.00,99999.00,99999.00,99999.00,99999.00,99999.00,99999.00,99999.00,99999.00,99999.00,99999.00,99999.00,99999.00,99999.00,99999.00,99999.00,99999.00,99999.00,99999.00,99999.00,99999.00,99999.00,99999.00,99999.00,99999.00,99999.00,99999.00,99999.00,99999.00,99999.00,99999.00,99999.00,99999.00,99999.00,99999.00,99999.00,99999.00,99999.00,99999.00,99999.00,99999.00,99999.00,99999.00,99999.00,99999.00,99999.00,99999.00,99999.00,99999.00,99999.00,99999.00,99999.00,99999.00,99999.00,99999.00,99999.00,99999.00,99999.00,99999.00,99999.00,99999.00,99999.00,99999.00,99999.00,99999.00
