99999.00,99999.00,99999.00,99999.00,99999.00,99999.00,99999.00,99999.00,99999.00,99999.00,99999.00,99999.00,99999.00,99999.00,99999.00,99999.00,99999.00,99999.00,99999.00,99999.00,99999.00,99999.00,99999.00,99999.00,99999.00,99999.00,99999.00,99999.00,99999.00,99999.00,99999.00,99999.00,99999.00,99999.00,99999.00,99999.00,99999.00,99999.00,99999.00,99999.00,99999.00,99999.00,99999.00,99999.00,99999.00,99999.00,99999.00,99999.00,99999.00,99999.00,99999.00,99999.00,99999.00,99999.00,99999.00,99999.00,99999.00,99999.00,99999.00,99999.00,99999.00,99999.00,99999.00,99999.00,99999.00,99999.00,99999.00,99999.00,99999.00,99999.00,99999.00,99999.00,99999.00,99999.00,99999.00,99999.00,99999.00,99999.00,99999.00,99999.00,99999.00,99999.00,99999.00,99999.00,99999.00,99999.00,99999.00,99999.00,99999.00,99999.00,99999.00,99999.00,99999.00,99999.00,99999.00,99999.00,99999.00,99999.00,99999.00,99999.00,99999.00,99999.00,99999.00,99999.00,99999.00,99999.00,99999.00,99999.00,99999.00,99999.00,99999.00,99999.00,99999.00,99999.00,99999.00,99999.00,99999.00,99999.00,99999.00,99999.00,99999.00,99999.00,99999.00,99999.00,99999.00,99999.00,99999.00,99999.00,99999.00,99999.00,99999.00,99999.00,99999.00,99999.00,99999.00,99999.00,99999.00,99999.00,99999.00,99999.00
99999.00,99999.00,99999.00,99999.00,99999.00,99999.00,99999.00,99999.00,99999.00,99999.00,99999.00,99999.00,99999.00,99999.00,99999.00,99999.00,99999.00,99999.00,99999.00,99999.00,99999.00,99999.00,99999.00,99999.00,99999.00,99999.00,99999.00,99999.00,99999.00,99999.00,99999.00,99999.00,99999.00,99999.00,99999.00,99999.00,99999.00,99999.00,99999.00,99999.00,99999.00,99999.00,99999.00,99999.00,99999.00,99999.00,99999.00,99999.00,99999.00,99999.00,99999.00,99999.00,99999.00,99999.00,99999.00,99999.00,99999.00,99999.00,99999.00,99999.00,99999.00,99999.00,99999.00,99999.00,99999.00,99999.00,99999.00,99999.00,99999.00,99999.00,99999.00,99999.00,99999.00,99999.00,99999.00,99999.00,99999.00,99999.00,99999.00,99999.00,99999.00,99999.00,99999.00,99999.00,99999.00,99999.00,99999.00,99999.00,99999.00,99999.00,99999.00,99999.00,99999.00,99999.00,99999.00,99999.00,99999.00,99999.00,99999.00,99999.00,99999.00,99999.00,99999.00,99999.00,99999.00,99999.00,99999.00,99999.00,99999.00,99999.00,99999.00,99999.00,99999.00,99999.00,99999.00,99999.00,99999.00,99999.00,99999.00,99999.00,99999.00,99999.00,99999.00,99999.00,99999.00,99999.00,99999.00,99999.00,99999.00,99999.00,99999.00,99999.00,99999.00,99999.00,99999.00,99999.00,99999.00,99999.00,99999.00,99999.00
99999.00,99999.00,99999.00,99999.00,99999.00,99999.00,99999.00,99999.00,99999.00,99999.00,99999.00,99999.00,99999.00,99999.00,99999.00,99999.00,99999.00,99999.00,99999.00,99999.00,99999.00,99999.00,99999.00,99999.00,99999.00,99999.00,99999.00,99999.00,99999.00,99999.00,99999.00,99999.00,99999.00,99999.00,99999.00,99999.00,99999.00,99999.00,99999.00,99999.00,99999.00,99999.00,99999.00,99999.00,99999.00,99999.00,99999.00,99999.00,99999.00,99999.00,99999.00,99999.00,99999.00,99999.00,99999.00,99999.00,99999.00,99999.00,99999.00,99999.00,99999.00,99999.00,99999.00,99999.00,99999.00,99999.00,99999.00,99999.00,99999.00,99999.00,99999.00,99999.00,99999.00,99999.00,99999.00,99999.00,99999.00,99999.00,99999.00,99999.00,99999.00,99999.00,99999.00,99999.00,99999.00,99999.00,99999.00,99999.00,99999.00,99999.00,99999.00,99999.00,99999.00,99999.00,99999.00,99999.00,99999.00,99999.00,99999.00,99999.00,99999.00,99999.00,99999.00,99999.00,99999.00,99999.00,99999.00,99999.00,99999.00,99999.00,99999.00,99999.00,99999.00,99999.00,99999.00,99999.00,99999.00,99999.00,99999.00,99999.00,99999.00,99999.00,99999.00,99999.00,99999.00,99999.00,99999.00,99999.00,99999.00,99999.00,99999.00,99999.00,99999.00,99999.00,99999.00,99999.00,99999.00,99999.00,99999.00,99999.00
99999.00,99999.00,99999.00,99999.00,99999.00,99999.00,99999.00,99999.00,99999.00,99999.00,99999.00,99999.00,99999.00,99999.00,99999.00,99999.00,99999.00,99999.00,99999.00,99999.00,99999.00,99999.00,99999.00,99999.00,99999.00,99999.00,99999.00,99999.00,99999.00,99999.00,99999.00,99999.00,99999.00,99999.00,99999.00,99999.00,99999.00,99999.00,99999.00,99999.00,99999.00,99999.00,99999.00,99999.00,99999.00,99999.00,99999.00,99999.00,99999.00,99999.00,99999.00,99999.00,99999.00,99999.00,99999.00,99999.00,99999.00,99999.00,99999.00,99999.00,99999.00,99999.00,99999.00,99999.00,99999.00,99999.00,99999.00,99999.00,99999.00,99999.00,99999.00,99999.00,99999.00,99999.00,99999.00,99999.00,99999.00,99999.00,99999.00,99999.00,99999.00,99999.00,99999.00,99999.00,99999.00,99999.00,99999.00,99999.00,99999.00,99999.00,99999.00,99999.00,99999.00,99999.00,99999.00,99999.00,99999.00,99999.00,99999.00,99999.00,99999.00,99999.00,99999.00,99999.00,99999.00,99999.00,99999.00,99999.00,99999.00,99999.00,99999.00,99999.00,99999.00,99999.00,99999.00,99999.00,99999.00,99999.00,99999.00,99999.00,99999.00,99999.00,99999.00,99999.00,99999.00,99999.00,99999.00,99999.00,99999.00,99999.00,99999.00,99999.00,99999.00,99999.00,99999.00,99999.00,99999.00,99999.00,99999.00,99999.00
99999.00,99999.00,99999.00,99999.00,99999.00,99999.00,99999.00,99999.00,99999.00,99999.00,99999.00,99999.00,99999.00,99999.00,99999.00,99999.00,99999.00,99999.00,99999.00,99999.00,99999.00,99999.00,99999.00,99999.00,99999.00,99999.00,99999.00,99999.00,99999.00,99999.00,99999.00,99999.00,99999.00,99999.00,99999.00,99999.00,99999.00,99999.00,99999.00,99999.00,99999.00,99999.00,99999.00,99999.00,99999.00,99999.00,99999.00,99999.00,99999.00,99999.00,99999.00,99999.00,99999.00,99999.00,99999.00,99999.00,99999.00,99999.00,99999.00,99999.00,99999.00,99999.00,99999.00,99999.00,99999.00,99999.00,99999.00,99999.00,99999.00,99999.00,99999.00,99999.00,99999.00,99999.00,99999.00,99999.00,99999.00,99999.00,99999.00,99999.00,99999.00,99999.00,99999.00,99999.00,99999.00,99999.00,99999.00,99999.00,99999.00,99999.00,99999.00,99999.00,99999.00,99999.00,99999.00,99999.00,99999.00,99999.00,99999.00,99999.00,99999.00,99999.00,99999.00,99999.00,99999.00,99999.00,99999.00,99999.00,99999.00,99999.00,99999.00,99999.00,99999.00,99999.00,99999.00,99999.00,99999.00,99999.00,99999.00,99999.00,99999.00,99999.00,99999.00,99999.00,99999.00,99999.00,99999.00,99999.00,99999.00,99999.00,99999.00,99999.00,99999.00,99999.00,99999.00,99999.00,99999.00,99999.00,99999.00,99999.00
99999.00,99999.00,99999.00,99999.00,99999.00,99999.00,99999.00,99999.00,99999.00,99999.00,99999.00,99999.00,99999.00,99999.00,99999.00,99999.00,99999.00,99999.00,99999.00,99999.00,99999.00,99999.00,99999.00,99999.00,99999.00,99999.00,99999.00,99999.00,99999.00,99999.00,99999.00,99999.00,99999.00,99999.00,99999.00,99999.00,99999.00,99999.00,99999.00,99999.00,99999.00,99999.00,99999.00,99999.00,99999.00,99999.00,99999.00,99999.00,99999.00,99999.00,99999.00,99999.00,99999.00,99999.00,99999.00,99999.00,99999.00,99999.00,99999.00,99999.00,99999.00,99999.00,99999.00,99999.00,99999.00,99999.00,99999.00,99999.00,99999.00,99999.00,99999.00,99999.00,99999.00,99999.00,99999.00,99999.00,99999.00,99999.00,99999.00,99999.00,99999.00,99999.00,99999.00,99999.00,99999.00,99999.00,99999.00,99999.00,99999.00,99999.00,99999.00,99999.00,99999.00,99999.00,99999.00,99999.00,99999.00,99999.00,99999.00,99999.00,99999.00,99999.00,99999.00,99999.00,99999.00,99999.00,99999.00,99999.00,99999.00,99999.00,99999.00,99999.00,99999.00,99999.00,99999.00,99999.00,99999.00,99999.00,99999.00,99999.00,99999.00,99999.00,99999.00,99999.00,99999.00,99999.00,99999.00,99999.00,99999.00,99999.00,99999.00,99999.00,99999.00,99999.00,99999.00,99999.00,99999.00,99999.00,99999.00,99999.00
99999.00,99999.00,99999.00,99999.00,99999.00,99999.00,99999.00,99999.00,99999.00,99999.00,99999.00,99999.00,99999.00,99999.00,99999.00,99999.00,99999.00,99999.00,99999.00,99999.00,99999.00,99999.00,99999.00,99999.00,99999.00,99999.00,99999.00,99999.00,99999.00,99999.00,99999.00,99999.00,99999.00,99999.00,99999.00,99999.00,99999.00,99999.00,99999.00,99999.00,99999.00,99999.00,99999.00,99999.00,99999.00,99999.00,99999.00,99999.00,99999.00,99999.00,99999.00,99999.00,99999.00,99999.00,99999.00,99999.00,99999.00,99999.00,99999.00,99999.00,99999.00,99999.00,99999.00,99999.00,99999.00,99999.00,99999.00,99999.00,99999.00,99999.00,99999.00,99999.00,99999.00,99999.00,99999.00,99999.00,99999.00,99999.00,99999.00,99999.00,99999.00,99999.00,99999.00,99999.00,99999.00,99999.00,99999.00,99999.00,99999.00,99999.00,99999.00,99999.00,99999.00,99999.00,99999.00,99999.00,99999.00,99999.00,99999.00,99999.00,99999.00,99999.00,99999.00,99999.00,99999.00,99999.00,99999.00,99999.00,99999.00,99999.00,99999.00,99999.00,99999.00,99999.00,99999.00,99999.00,99999.00,99999.00,99999.00,99999.00,99999.00,99999.00,99999.00,99999.00,99999.00,99999.00,99999.00,99999.00,99999.00,99999.00,99999.00,99999.00,99999.00,99999.00,99999.00,99999.00,99999.00,99999.00,99999.00,99999.00
99999.00,99999.00,99999.00,99999.00,99999.00,99999.00,99999.00,99999.00,99999.00,99999.00,99999.00,99999.00,99999.00,99999.00,99999.00,99999.00,99999.00,99999.00,99999.00,99999.00,99999.00,99999.00,99999.00,99999.00,99999.00,99999.00,99999.00,99999.00,99999.00,99999.00,99999.00,99999.00,99999.00,99999.00,99999.00,99999.00,99999.00,99999.00,99999.00,99999.00,99999.00,99999.00,99999.00,99999.00,99999.00,99999.00,99999.00,99999.00,99999.00,99999.00,99999.00,99999.00,99999.00,99999.00,99999.00,99999.00,99999.00,99999.00,99999.00,99999.00,99999.00,99999.00,99999.00,99999.00,99999.00,99999.00,99999.00,99999.00,99999.00,99999.00,99999.00,99999.00,99999.00,99999.00,99999.00,99999.00,99999.00,99999.00,99999.00,99999.00,99999.00,99999.00,99999.00,99999.00,99999.00,99999.00,99999.00,99999.00,99999.00,99999.00,99999.00,99999.00,99999.00,99999.00,99999.00,99999.00,99999.00,99999.00,99999.00,99999.00,99999.00,99999.00,99999.00,99999.00,99999.00,99999.00,99999.00,99999.00,99999.00,99999.00,99999.00,99999.00,99999.00,99999.00,99999.00,99999.00,99999.00,99999.00,99999.00,99999.00,99999.00,99999.00,99999.00,99999.00,99999.00,99999.00,99999.00,99999.00,99999.00,99999.00,99999.00,99999.00,99999.00,99999.00,99999.00,99999.00,99999.00,99999.00,99999.00,99999.00
99999.00,99999.00,99999.00,99999.00,99999.00,99999.00,99999.00,99999.00,99999.00,99999.00,99999.00,99999.00,99999.00,99999.00,99999.00,99999.00,99999.00,99999.00,99999.00,99999.00,99999.00,99999.00,99999.00,99999.00,99999.00,99999.00,99999.00,99999.00,99999.00,99999.00,99999.00,99999.00,99999.00,99999.00,99999.00,99999.00,99999.00,99999.00,99999.00,99999.00,99999.00,99999.00,99999.00,99999.00,99999.00,99999.00,99999.00,99999.00,99999.00,99999.00,99999.00,99999.00,99999.00,99999.00,99999.00,99999.00,99999.00,99999.00,99999.00,99999.00,99999.00,99999.00,99999.00,99999.00,99999.00,99999.00,99999.00,99999.00,99999.00,99999.00,99999.00,99999.00,99999.00,99999.00,99999.00,99999.00,99999.00,99999.00,99999.00,99999.00,99999.00,99999.00,99999.00,99999.00,99999.00,99999.00,99999.00,99999.00,99999.00,99999.00,99999.00,99999.00,99999.00,99999.00,99999.00,99999.00,99999.00,99999.00,99999.00,99999.00,99999.00,99999.00,99999.00,99999.00,99999.00,99999.00,99999.00,99999.00,99999.00,99999.00,99999.00,99999.00,99999.00,99999.00,99999.00,99999.00,99999.00,99999.00,99999.00,99999.00,99999.00,99999.00,99999.00,99999.00,99999.00,99999.00,99999.00,99999.00,99999.00,99999.00,99999.00,99999.00,99999.00,99999.00,99999.00,99999.00,99999.00,99999.00,99999.00,99999.00
99999.00,99999.00,99999.00,99999.00,99999.00,99999.00,99999.00,99999.00,99999.00,99999.00,99999.00,99999.00,99999.00,99999.00,99999.00,99999.00,99999.00,99999.00,99999.00,99999.00,99999.00,99999.00,99999.00,99999.00,99999.00,99999.00,99999.00,99999.00,99999.00,99999.00,99999.00,99999.00,99999.00,99999.00,99999.00,99999.00,99999.00,99999.00,99999.00,99999.00,99999.00,99999.00,99999.00,99999.00,99999.00,99999.00,99999.00,99999.00,99999.00,99999.00,99999.00,99999.00,99999.00,99999.00,99999.00,99999.00,99999.00,99999.00,99999.00,99999.00,99999.00,99999.00,99999.00,99999.00,99999.00,99999.00,99999.00,99999.00,99999.00,99999.00,99999.00,99999.00,99999.00,99999.00,99999.00,99999.00,99999.00,99999.00,99999.00,99999.00,99999.00,99999.00,99999.00,99999.00,99999.00,99999.00,99999.00,99999.00,99999.00,99999.00,99999.00,99999.00,99999.00,99999.00,99999.00,99999.00,99999.00,99999.00,99999.00,99999.00,99999.00,99999.00,99999.00,99999.00,99999.00,99999.00,99999.00,99999.00,99999.00,99999.00,99999.00,99999.00,99999.00,99999.00,99999.00,99999.00,99999.00,99999.00,99999.00,99999.00,99999.00,99999.00,99999.00,99999.00,99999.00,99999.00,99999.00,99999.00,99999.00,99999.00,99999.00,99999.00,99999.00,99999.00,99999.00,99999.00,99999.00,99999.00,99999.00,99999.00
99999.00,99999.00,99999.00,99999.00,99999.00,99999.00,99999.00,99999.00,99999.00,99999.00,99999.00,99999.00,99999.00,99999.00,99999.00,99999.00,99999.00,99999.00,99999.00,99999.00,99999.00,99999.00,99999.00,99999.00,99999.00,99999.00,99999.00,99999.00,99999.00,99999.00,99999.00,99999.00,99999.00,99999.00,99999.00,99999.00,99999.00,99999.00,99999.00,99999.00,99999.00,99999.00,99999.00,99999.00,99999.00,99999.00,99999.00,99999.00,99999.00,99999.00,99999.00,99999.00,99999.00,99999.00,99999.00,99999.00,99999.00,99999.00,99999.00,99999.00,99999.00,99999.00,99999.00,99999.00,99999.00,99999.00,99999.00,99999.00,99999.00,99999.00,99999.00,99999.00,99999.00,99999.00,99999.00,99999.00,99999.00,99999.00,99999.00,99999.00,99999.00,99999.00,99999.00,99999.00,99999.00,99999.00,99999.00,99999.00,99999.00,99999.00,99999.00,99999.00,99999.00,99999.00,99999.00,99999.00,99999.00,99999.00,99999.00,99999.00,99999.00,99999.00,99999.00,99999.00,99999.00,99999.00,99999.00,99999.00,99999.00,99999.00,99999.00,99999.00,99999.00,99999.00,99999.00,99999.00,99999.00,99999.00,99999.00,99999.00,99999.00,99999.00,99999.00,99999.00,99999.00,99999.00,99999.00,99999.00,99999.00,99999.00,99999.00,99999.00,99999.00,99999.00,99999.00,99999.00,99999.00,99999.00,99999.00,99999.00
99999.00,99999.00,99999.00,99999.00,99999.00,99999.00,99999.00,99999.00,99999.00,99999.00,99999.00,99999.00,99999.00,99999.00,99999.00,99999.00,99999.00,99999.00,99999.00,99999.00,99999.00,99999.00,99999.00,99999.00,99999.00,99999.00,99999.00,99999.00,99999.00,99999.00,99999.00,99999.00,99999.00,99999.00,99999.00,99999.00,99999.00,99999.00,99999.00,99999.00,99999.00,99999.00,99999.00,99999.00,99999.00,99999.00,99999.00,99999.00,99999.00,99999.00,99999.00,99999.00,99999.00,99999.00,99999.00,99999.00,99999.00,99999.00,99999.00,99999.00,99999.00,99999.00,99999.00,99999.00,99999.00,99999.00,99999.00,99999.00,99999.00,99999.00,99999.00,99999.00,99999.00,99999.00,99999.00,99999.00,99999.00,99999.00,99999.00,99999.00,99999.00,99999.00,99999.00,99999.00,99999.00,99999.00,99999.00,99999.00,99999.00,99999.00,99999.00,99999.00,99999.00,99999.00,99999.00,99999.00,99999.00,99999.00,99999.00,99999.00,99999.00,99999.00,99999.00,99999.00,99999.00,99999.00,99999.00,99999.00,99999.00,99999.00,99999.00,99999.00,99999.00,99999.00,99999.00,99999.00,99999.00,99999.00,99999.00,99999.00,99999.00,99999.00,99999.00,99999.00,99999.00,99999.00,99999.00,99999.00,99999.00,99999.00,99999.00,99999.00,99999.00,99999.00,99999.00,99999.00,99999.00,99999.00,99999.00,99999.00
99999.00,99999.00,99999.00,99999.00,99999.00,99999.00,99999.00,99999.00,99999.00,99999.00,99999.00,99999.00,99999.00,99999.00,99999.00,99999.00,99999.00,99999.00,99999.00,99999.00,99999.00,99999.00,99999.00,99999.00,99999.00,99999.00,99999.00,99999.00,99999.00,99999.00,99999.00,99999.00,99999.00,99999.00,99999.00,99999.00,99999.00,99999.00,99999.00,99999.00,99999.00,99999.00,99999.00,99999.00,99999.00,99999.00,99999.00,99999.00,99999.00,99999.00,99999.00,99999.00,99999.00,99999.00,99999.00,99999.00,99999.00,99999.00,99999.00,99999.00,99999.00,99999.00,99999.00,99999.00,99999.00,99999.00,99999.00,99999.00,99999.00,99999.00,99999.00,99999.00,99999.00,99999.00,99999.00,99999.00,99999.00,99999.00,99999.00,99999.00,99999.00,99999.00,99999.00,99999.00,99999.00,99999.00,99999.00,99999.00,99999.00,99999.00,99999.00,99999.00,99999.00,99999.00,99999.00,99999.00,99999.00,99999.00,99999.00,99999.00,99999.00,99999.00,99999.00,99999.00,99999.00,99999.00,99999.00,99999.00,99999.00,99999.00,99999.00,99999.00,99999.00,99999.00,99999.00,99999.00,99999.00,99999.00,99999.00,99999.00,99999.00,99999.00,99999.00,99999.00,99999.00,99999.00,99999.00,99999.00,99999.00,99999.00,99999.00,99999.00,99999.00,99999.00,99999.00,99999.00,99999.00,99999.00,99999.00,99999.00
99999.00,99999.00,99999.00,99999.00,99999.00,99999.00,99999.00,99999.00,99999.00,99999.00,99999.00,99999.00,99999.00,99999.00,99999.00,99999.00,99999.00,99999.00,99999.00,99999.00,99999.00,99999.00,99999.00,99999.00,99999.00,99999.00,99999.00,99999.00,99999.00,99999.00,99999.00,99999.00,99999.00,99999.00,99999.00,99999.00,99999.00,99999.00,99999.00,99999.00,99999.00,99999.00,99999.00,99999.00,99999.00,99999.00,99999.00,99999.00,99999.00,99999.00,99999.00,99999.00,99999.00,99999.00,99999.00,99999.00,99999.00,99999.00,99999.00,99999.00,99999.00,99999.00,99999.00,99999.00,99999.00,99999.00,99999.00,99999.00,99999.00,99999.00,99999.00,99999.00,99999.00,99999.00,99999.00,99999.00,99999.00,99999.00,99999.00,99999.00,99999.00,99999.00,99999.00,99999.00,99999.00,99999.00,99999.00,99999.00,99999.00,99999.00,99999.00,99999.00,99999.00,99999.00,99999.00,99999.00,99999.00,99999.00,99999.00,99999.00,99999.00,99999.00,99999.00,99999.00,99999.00,99999.00,99999.00,99999.00,99999.00,99999.00,99999.00,99999.00,99999.00,99999.00,99999.00,99999.00,99999.00,99999.00,99999.00,99999.00,99999.00,99999.00,99999.00,99999.00,99999.00,99999.00,99999.00,99999.00,99999.00,99999.00,99999.00,99999.00,99999.00,99999.00,99999.00,99999.00,99999.00,99999.00,99999.00,99999.00
99999.00,99999.00,99999.00,99999.00,99999.00,99999.00,99999.00,99999.00,99999.00,99999.00,99999.00,99999.00,99999.00,99999.00,99999.00,99999.00,99999.00,99999.00,99999.00,99999.00,99999.00,99999.00,99999.00,99999.00,99999.00,99999.00,99999.00,99999.00,99999.00,99999.00,99999.00,99999.00,99999.00,99999.00,99999.00,99999.00,99999.00,99999.00,99999.00,99999.00,99999.00,99999.00,99999.00,99999.00,99999.00,99999.00,99999.00,99999.00,99999.00,99999.00,99999.00,99999.00,99999.00,99999.00,99999.00,99999.00,99999.00,99999.00,99999.00,99999.00,99999.00,99999.00,99999.00,99999.00,99999.00,99999.00,99999.00,99999.00,99999.00,99999.00,99999.00,99999.00,99999.00,99999.00,99999.00,99999.00,99999.00,99999.00,99999.00,99999.00,99999.00,99999.00,99999.00,99999.00,99999.00,99999.00,99999.00,99999.00,99999.00,99999.00,99999.00,99999.00,99999.00,99999.00,99999.00,99999.00,99999.00,99999.00,99999.00,99999.00,99999.00,99999.00,99999.00,99999.00,99999.00,99999.00,99999.00,99999.00,99999.00,99999.00,99999.00,99999.00,99999.00,99999.00,99999.00,99999.00,99999.00,99999.00,99999.00,99999.00,99999.00,99999.00,99999.00,99999.00,99999.00,99999.00,99999.00,99999.00,99999.00,99999.00,99999.00,99999.00,99999.00,99999.00,99999.00,99999.00,99999.00,99999.00,99999.00,99999.00
99999.00,99999.00,99999.00,99999.00,99999.00,99999.00,99999.00,99999.00,99999.00,99999.00,99999.00,99999.00,99999.00,99999.00,99999.00,99999.00,99999.00,99999.00,99999.00,99999.00,99999.00,99999.00,99999.00,99999.00,99999.00,99999.00,   0.00,  24.25,  47.93,  71.27,  94.45, 117.62, 140.92, 164.33, 187.39, 211.14, 235.84, 261.39,99999.00,99999.00,99999.00,99999.00,99999.00,99999.00,99999.00,99999.00,99999.00,99999.00,99999.00,99999.00,99999.00,99999.00,99999.00,99999.00,99999.00,99999.00,99999.00,99999.00,99999.00,99999.00,99999.00,99999.00,99999.00,99999.00,99999.00,1211.11,1201.63,1197.21,1198.28,1203.02,1210.27,1219.12,99999.00,99999.00,99999.00,99999.00,99999.00,99999.00,99999.00,99999.00,99999.00,99999.00,99999.00,99999.00,99999.00,99999.00,99999.00,99999.00,99999.00,99999.00,99999.00,99999.00,99999.00,99999.00,99999.00,99999.00,99999.00,99999.00,99999.00,99999.00,99999.00,99999.00,99999.00,99999.00,99999.00,99999.00,99999.00,99999.00,99999.00,99999.00,99999.00,99999.00,99999.00,99999.00,99999.00,99999.00,99999.00,99999.00,99999.00,99999.00,99999.00,99999.00,99999.00,99999.00,99999.00,99999.00,99999.00,99999.00,99999.00,99999.00,99999.00,99999.00,99999.00,99999.00,99999.00,99999.00,99999.00,99999.00,99999.00,99999.00
99999.00,99999.00,99999.00,99999.00,99999.00,99999.00,99999.00,99999.00,99999.00,99999.00,99999.00,99999.00,99999.00,99999.00,99999.00,99999.00,99999.00,99999.00,99999.00,99999.00,99999.00,99999.00,99999.00,99999.00,99999.00,99999.00,   0.00,  23.05,  45.53,  67.68,  89.66, 111.63, 133.73, 156.11, 178.91, 201.81, 225.57, 250.70,99999.00,99999.00,99999.00,99999.00,99999.00,99999.00,99999.00,99999.00,99999.00,99999.00,99999.00,99999.00,99999.00,99999.00,99999.00,99999.00,99999.00,99999.00,99999.00,99999.00,99999.00,99999.00,99999.00,99999.00,99999.00,99999.00,99999.00,99999.00,1173.41,1169.64,1171.09,1175.91,1182.95,1191.25,99999.00,99999.00,99999.00,99999.00,99999.00,99999.00,99999.00,99999.00,99999.00,99999.00,99999.00,99999.00,99999.00,99999.00,99999.00,99999.00,99999.00,99999.00,99999.00,99999.00,99999.00,99999.00,99999.00,99999.00,99999.00,99999.00,99999.00,99999.00,99999.00,99999.00,99999.00,99999.00,99999.00,99999.00,99999.00,99999.00,99999.00,99999.00,99999.00,99999.00,99999.00,99999.00,99999.00,99999.00,99999.00,99999.00,99999.00,99999.00,99999.00,99999.00,99999.00,99999.00,99999.00,99999.00,99999.00,99999.00,99999.00,99999.00,99999.00,99999.00,99999.00,99999.00,99999.00,99999.00,99999.00,99999.00,99999.00,99999.00
99999.00,99999.00,99999.00,99999.00,99999.00,99999.00,99999.00,99999.00,99999.00,99999.00,99999.00,99999.00,99999.00,99999.00,99999.00,99999.00,99999.00,99999.00,99999.00,99999.00,99999.00,99999.00,99999.00,99999.00,99999.00,99999.00,   0.00,  22.10,  43.63,  64.81,  85.84, 106.86, 128.01, 149.44, 171.30, 193.77, 217.09, 241.55,99999.00,99999.00,99999.00,99999.00,99999.00,99999.00,99999.00,99999.00,99999.00,99999.00,99999.00,99999.00,99999.00,99999.00,99999.00,99999.00,99999.00,99999.00,99999.00,99999.00,99999.00,99999.00,99999.00,99999.00,99999.00,99999.00,99999.00,99999.00,1145.85,1142.91,1144.83,1149.81,1156.68,1164.64,99999.00,99999.00,99999.00,99999.00,99999.00,99999.00,99999.00,99999.00,99999.00,99999.00,99999.00,99999.00,99999.00,99999.00,99999.00,99999.00,99999.00,99999.00,99999.00,99999.00,99999.00,99999.00,99999.00,99999.00,99999.00,99999.00,99999.00,99999.00,99999.00,99999.00,99999.00,99999.00,99999.00,99999.00,99999.00,99999.00,99999.00,99999.00,99999.00,99999.00,99999.00,99999.00,99999.00,99999.00,99999.00,99999.00,99999.00,99999.00,99999.00,99999.00,99999.00,99999.00,99999.00,99999.00,99999.00,99999.00,99999.00,99999.00,99999.00,99999.00,99999.00,99999.00,99999.00,99999.00,99999.00,99999.00,99999.00,99999.00
99999.00,99999.00,99999.00,99999.00,99999.00,99999.00,99999.00,99999.00,99999.00,99999.00,99999.00,99999.00,99999.00,99999.00,99999.00,99999.00,99999.00,99999.00,99999.00,99999.00,99999.00,99999.00,99999.00,99999.00,99999.00,99999.00,   0.00,  21.32,  42.06,  62.47,  82.71, 102.95, 123.32, 143.96, 165.04, 186.73, 209.27, 233.00,99999.00,99999.00,99999.00,99999.00,99999.00,99999.00,99999.00,99999.00,99999.00,99999.00,99999.00,99999.00,99999.00,99999.00,99999.00,99999.00,99999.00,99999.00,99999.00,99999.00,99999.00,99999.00,99999.00,99999.00,99999.00,99999.00,99999.00,99999.00,1118.87,1116.87,1119.33,1124.50,1131.21,1139.81,99999.00,99999.00,99999.00,99999.00,99999.00,99999.00,99999.00,99999.00,99999.00,99999.00,99999.00,99999.00,99999.00,99999.00,99999.00,99999.00,99999.00,99999.00,99999.00,99999.00,99999.00,99999.00,99999.00,99999.00,99999.00,99999.00,99999.00,99999.00,99999.00,99999.00,99999.00,99999.00,99999.00,99999.00,99999.00,99999.00,99999.00,99999.00,99999.00,99999.00,99999.00,99999.00,99999.00,99999.00,99999.00,99999.00,99999.00,99999.00,99999.00,99999.00,99999.00,99999.00,99999.00,99999.00,99999.00,99999.00,99999.00,99999.00,99999.00,99999.00,99999.00,99999.00,99999.00,99999.00,99999.00,99999.00,99999.00,99999.00
99999.00,99999.00,99999.00,99999.00,99999.00,99999.00,99999.00,99999.00,99999.00,99999.00,99999.00,99999.00,99999.00,99999.00,99999.00,99999.00,99999.00,99999.00,99999.00,99999.00,99999.00,99999.00,99999.00,99999.00,99999.00,99999.00,   0.00,  20.66,  40.75,  60.50,  80.09,  99.67, 119.38, 139.37, 159.79, 180.82, 202.71, 225.79,99999.00,99999.00,99999.00,99999.00,99999.00,99999.00,99999.00,99999.00,99999.00,99999.00,99999.00,99999.00,99999.00,99999.00,99999.00,99999.00,99999.00,99999.00,99999.00,99999.00,99999.00,99999.00,99999.00,99999.00,99999.00,99999.00,99999.00,99999.00,1092.53,1091.49,1094.49,1099.86,1106.43,1116.49,99999.00,99999.00,99999.00,99999.00,99999.00,99999.00,99999.00,99999.00,99999.00,99999.00,99999.00,99999.00,99999.00,99999.00,99999.00,99999.00,99999.00,99999.00,99999.00,99999.00,99999.00,99999.00,99999.00,99999.00,99999.00,99999.00,99999.00,99999.00,99999.00,99999.00,99999.00,99999.00,99999.00,99999.00,99999.00,99999.00,99999.00,99999.00,99999.00,99999.00,99999.00,99999.00,99999.00,99999.00,99999.00,99999.00,99999.00,99999.00,99999.00,99999.00,99999.00,99999.00,99999.00,99999.00,99999.00,99999.00,99999.00,99999.00,99999.00,99999.00,99999.00,99999.00,99999.00,99999.00,99999.00,99999.00,99999.00,99999.00
99999.00,99999.00,99999.00,99999.00,99999.00,99999.00,99999.00,99999.00,99999.00,99999.00,99999.00,99999.00,99999.00,99999.00,99999.00,99999.00,99999.00,99999.00,99999.00,99999.00,99999.00,99999.00,99999.00,99999.00,99999.00,99999.00,   0.00,  20.10,  39.63,  58.82,  77.85,  96.87, 116.02, 135.45, 155.31, 175.78, 197.11, 219.63,99999.00,99999.00,99999.00,99999.00,99999.00,99999.00,99999.00,99999.00,99999.00,99999.00,99999.00,99999.00,99999.00,99999.00,99999.00,99999.00,99999.00,99999.00,99999.00,99999.00,99999.00,99999.00,99999.00,99999.00,99999.00,99999.00,99999.00,99999.00,1066.76,1066.67,1070.22,1075.78,1083.13,1094.86,99999.00,99999.00,99999.00,99999.00,99999.00,99999.00,99999.00,99999.00,99999.00,99999.00,99999.00,99999.00,99999.00,99999.00,99999.00,99999.00,99999.00,99999.00,99999.00,99999.00,99999.00,99999.00,99999.00,99999.00,99999.00,99999.00,99999.00,99999.00,99999.00,99999.00,99999.00,99999.00,99999.00,99999.00,99999.00,99999.00,99999.00,99999.00,99999.00,99999.00,99999.00,99999.00,99999.00,99999.00,99999.00,99999.00,99999.00,99999.00,99999.00,99999.00,99999.00,99999.00,99999.00,99999.00,99999.00,99999.00,99999.00,99999.00,99999.00,99999.00,99999.00,99999.00,99999.00,99999.00,99999.00,99999.00,99999.00,99999.00
99999.00,99999.00,99999.00,99999.00,99999.00,99999.00,99999.00,99999.00,99999.00,99999.00,99999.00,99999.00,99999.00,99999.00,99999.00,99999.00,99999.00,99999.00,99999.00,99999.00,99999.00,99999.00,99999.00,99999.00,99999.00,99999.00,   0.00,  19.62,  38.66,  57.36,  75.91,  94.44, 113.11, 132.06, 151.43, 171.42, 192.26, 214.29,99999.00,99999.00,99999.00,99999.00,99999.00,99999.00,99999.00,99999.00,99999.00,99999.00,99999.00,99999.00,99999.00,99999.00,99999.00,99999.00,99999.00,99999.00,99999.00,99999.00,99999.00,99999.00,99999.00,99999.00,99999.00,99999.00,99999.00,99999.00,1041.44,1042.31,1046.40,1052.26,1061.06,1073.78,99999.00,99999.00,99999.00,99999.00,99999.00,99999.00,99999.00,99999.00,99999.00,99999.00,99999.00,99999.00,99999.00,99999.00,99999.00,99999.00,99999.00,99999.00,99999.00,99999.00,99999.00,99999.00,99999.00,99999.00,99999.00,99999.00,99999.00,99999.00,99999.00,99999.00,99999.00,99999.00,99999.00,99999.00,99999.00,99999.00,99999.00,99999.00,99999.00,99999.00,99999.00,99999.00,99999.00,99999.00,99999.00,99999.00,99999.00,99999.00,99999.00,99999.00,99999.00,99999.00,99999.00,99999.00,99999.00,99999.00,99999.00,99999.00,99999.00,99999.00,99999.00,99999.00,99999.00,99999.00,99999.00,99999.00,99999.00,99999.00
99999.00,99999.00,99999.00,99999.00,99999.00,99999.00,99999.00,99999.00,99999.00,99999.00,99999.00,99999.00,99999.00,99999.00,99999.00,99999.00,99999.00,99999.00,99999.00,99999.00,99999.00,99999.00,99999.00,99999.00,99999.00,99999.00,   0.00,  19.19,  37.81,  56.09,  74.21,  92.32, 110.56, 129.08, 148.02, 167.59, 188.00, 209.61,99999.00,99999.00,99999.00,99999.00,99999.00,99999.00,99999.00,99999.00,99999.00,99999.00,99999.00,99999.00,99999.00,99999.00,99999.00,99999.00,99999.00,99999.00,99999.00,99999.00,99999.00,99999.00,99999.00,99999.00,99999.00,99999.00,99999.00,99999.00,1016.50,1018.33,1022.96,1029.98,1040.46,1053.66,99999.00,99999.00,99999.00,99999.00,99999.00,99999.00,99999.00,99999.00,99999.00,99999.00,99999.00,99999.00,99999.00,99999.00,99999.00,99999.00,99999.00,99999.00,99999.00,99999.00,99999.00,99999.00,99999.00,99999.00,99999.00,99999.00,99999.00,99999.00,99999.00,99999.00,99999.00,99999.00,99999.00,99999.00,99999.00,99999.00,99999.00,99999.00,99999.00,99999.00,99999.00,99999.00,99999.00,99999.00,99999.00,99999.00,99999.00,99999.00,99999.00,99999.00,99999.00,99999.00,99999.00,99999.00,99999.00,99999.00,99999.00,99999.00,99999.00,99999.00,99999.00,99999.00,99999.00,99999.00,99999.00,99999.00,99999.00,99999.00
99999.00,99999.00,99999.00,99999.00,99999.00,99999.00,99999.00,99999.00,99999.00,99999.00,99999.00,99999.00,99999.00,99999.00,99999.00,99999.00,99999.00,99999.00,99999.00,99999.00,99999.00,99999.00,99999.00,99999.00,99999.00,99999.00,   0.00,  18.81,  37.05,  54.95,  72.70,  90.43, 108.29, 126.43, 145.00, 164.19, 184.23, 205.46,99999.00,99999.00,99999.00,99999.00,99999.00,99999.00,99999.00,99999.00,99999.00,99999.00,99999.00,99999.00,99999.00,99999.00,99999.00,99999.00,99999.00,99999.00,99999.00,99999.00,99999.00,99999.00,99999.00,99999.00,99999.00,99999.00,99999.00,99999.00, 991.87, 994.65,1000.27,1008.74,1020.22,1033.93,99999.00,99999.00,99999.00,99999.00,99999.00,99999.00,99999.00,99999.00,99999.00,99999.00,99999.00,99999.00,99999.00,99999.00,99999.00,99999.00,99999.00,99999.00,99999.00,99999.00,99999.00,99999.00,99999.00,99999.00,99999.00,99999.00,99999.00,99999.00,99999.00,99999.00,99999.00,99999.00,99999.00,99999.00,99999.00,99999.00,99999.00,99999.00,99999.00,99999.00,99999.00,99999.00,99999.00,99999.00,99999.00,99999.00,99999.00,99999.00,99999.00,99999.00,99999.00,99999.00,99999.00,99999.00,99999.00,99999.00,99999.00,99999.00,99999.00,99999.00,99999.00,99999.00,99999.00,99999.00,99999.00,99999.00,99999.00,99999.00
99999.00,99999.00,99999.00,99999.00,99999.00,99999.00,99999.00,99999.00,99999.00,99999.00,99999.00,99999.00,99999.00,99999.00,99999.00,99999.00,99999.00,99999.00,99999.00,99999.00,99999.00,99999.00,99999.00,99999.00,99999.00,99999.00,   0.00,  18.47,  36.38,  53.94,  71.34,  88.74, 106.27, 124.07, 142.30, 161.15, 180.85, 201.74,99999.00,99999.00,99999.00,99999.00,99999.00,99999.00,99999.00,99999.00,99999.00,99999.00,99999.00,99999.00,99999.00,99999.00,99999.00,99999.00,99999.00,99999.00,99999.00,99999.00,99999.00,99999.00,99999.00,99999.00,99999.00,99999.00,99999.00,99999.00, 967.50, 971.23, 978.69, 988.83,1000.85,1014.81,99999.00,99999.00,99999.00,99999.00,99999.00,99999.00,99999.00,99999.00,99999.00,99999.00,99999.00,99999.00,99999.00,99999.00,99999.00,99999.00,99999.00,99999.00,99999.00,99999.00,99999.00,99999.00,99999.00,99999.00,99999.00,99999.00,99999.00,99999.00,99999.00,99999.00,99999.00,99999.00,99999.00,99999.00,99999.00,99999.00,99999.00,99999.00,99999.00,99999.00,99999.00,99999.00,99999.00,99999.00,99999.00,99999.00,99999.00,99999.00,99999.00,99999.00,99999.00,99999.00,99999.00,99999.00,99999.00,99999.00,99999.00,99999.00,99999.00,99999.00,99999.00,99999.00,99999.00,99999.00,99999.00,99999.00,99999.00,99999.00
99999.00,99999.00,99999.00,99999.00,99999.00,99999.00,99999.00,99999.00,99999.00,99999.00,99999.00,99999.00,99999.00,99999.00,99999.00,99999.00,99999.00,99999.00,99999.00,99999.00,99999.00,99999.00,99999.00,99999.00,99999.00,99999.00,   0.00,  18.17,  35.77,  53.03,  70.13,  87.22, 104.44, 121.94, 139.87, 158.41, 177.80, 198.39,99999.00,99999.00,99999.00,99999.00,99999.00,99999.00,99999.00,99999.00,99999.00,99999.00,99999.00,99999.00,99999.00,99999.00,99999.00,99999.00,99999.00,99999.00,99999.00,99999.00,99999.00,99999.00,99999.00,99999.00,99999.00,99999.00,99999.00,99999.00, 943.32, 949.11, 958.02, 969.16, 982.01, 995.93,99999.00,99999.00,99999.00,99999.00,99999.00,99999.00,99999.00,99999.00,99999.00,99999.00,99999.00,99999.00,99999.00,99999.00,99999.00,99999.00,99999.00,99999.00,99999.00,99999.00,99999.00,99999.00,99999.00,99999.00,99999.00,99999.00,99999.00,99999.00,99999.00,99999.00,99999.00,99999.00,99999.00,99999.00,99999.00,99999.00,99999.00,99999.00,99999.00,99999.00,99999.00,99999.00,99999.00,99999.00,99999.00,99999.00,99999.00,99999.00,99999.00,99999.00,99999.00,99999.00,99999.00,99999.00,99999.00,99999.00,99999.00,99999.00,99999.00,99999.00,99999.00,99999.00,99999.00,99999.00,99999.00,99999.00,99999.00,99999.00
99999.00,99999.00,99999.00,99999.00,99999.00,99999.00,99999.00,99999.00,99999.00,99999.00,99999.00,99999.00,99999.00,99999.00,99999.00,99999.00,99999.00,99999.00,99999.00,99999.00,99999.00,99999.00,99999.00,99999.00,99999.00,99999.00,  18.75,  25.27,  38.70,  55.67,  72.48,  89.29, 106.23, 123.45, 141.10, 159.36, 178.47, 198.78,99999.00,99999.00,99999.00,99999.00,99999.00,99999.00,99999.00,99999.00,99999.00,99999.00,99999.00,99999.00,99999.00,99999.00,99999.00,99999.00,99999.00,99999.00,99999.00,99999.00,99999.00,99999.00,99999.00,99999.00,99999.00,99999.00,99999.00,99999.00, 919.32, 927.98, 938.57, 950.25, 963.36, 977.87,99999.00,99999.00,99999.00,99999.00,99999.00,99999.00,99999.00,99999.00,99999.00,99999.00,99999.00,99999.00,99999.00,99999.00,99999.00,99999.00,99999.00,99999.00,99999.00,99999.00,99999.00,99999.00,99999.00,99999.00,99999.00,99999.00,99999.00,99999.00,99999.00,99999.00,99999.00,99999.00,99999.00,99999.00,99999.00,99999.00,99999.00,99999.00,99999.00,99999.00,99999.00,99999.00,99999.00,99999.00,99999.00,99999.00,99999.00,99999.00,99999.00,99999.00,99999.00,99999.00,99999.00,99999.00,99999.00,99999.00,99999.00,99999.00,99999.00,99999.00,99999.00,99999.00,99999.00,99999.00,99999.00,99999.00,99999.00,99999.00
99999.00,99999.00,99999.00,99999.00,99999.00,99999.00,99999.00,99999.00,99999.00,99999.00,99999.00,99999.00,99999.00,99999.00,99999.00,99999.00,99999.00,99999.00,99999.00,99999.00,99999.00,99999.00,99999.00,99999.00,99999.00,99999.00,  37.21,  38.97,  49.21,  62.21,  75.58,  92.08, 108.72, 125.65, 143.01, 160.99, 179.83, 199.86,99999.00,99999.00,99999.00,99999.00,99999.00,99999.00,99999.00,99999.00,99999.00,99999.00,99999.00,99999.00,99999.00,99999.00,99999.00,99999.00,99999.00,99999.00,99999.00,99999.00,99999.00,99999.00,99999.00,99999.00,99999.00,99999.00,99999.00,99999.00, 897.56, 907.68, 919.26, 931.78, 945.49, 961.64,99999.00,99999.00,99999.00,99999.00,99999.00,99999.00,99999.00,99999.00,99999.00,99999.00,99999.00,99999.00,99999.00,99999.00,99999.00,99999.00,99999.00,99999.00,99999.00,99999.00,99999.00,99999.00,99999.00,99999.00,99999.00,99999.00,99999.00,99999.00,99999.00,99999.00,99999.00,99999.00,99999.00,99999.00,99999.00,99999.00,99999.00,99999.00,99999.00,99999.00,99999.00,99999.00,99999.00,99999.00,99999.00,99999.00,99999.00,99999.00,99999.00,99999.00,99999.00,99999.00,99999.00,99999.00,99999.00,99999.00,99999.00,99999.00,99999.00,99999.00,99999.00,99999.00,99999.00,99999.00,99999.00,99999.00,99999.00,99999.00
99999.00,99999.00,99999.00,99999.00,99999.00,99999.00,99999.00,99999.00,99999.00,99999.00,99999.00,99999.00,99999.00,99999.00,99999.00,99999.00,99999.00,99999.00,99999.00,99999.00,99999.00,99999.00,99999.00,99999.00,99999.00,  61.34,  55.15,  56.07,  62.08,  72.15,  85.02,  98.36, 112.09, 128.71, 145.77, 163.47, 182.02, 201.76,99999.00,99999.00,99999.00,99999.00,99999.00,99999.00,99999.00,99999.00,99999.00,99999.00,99999.00,99999.00,99999.00,99999.00,99999.00,99999.00,99999.00,99999.00,99999.00,99999.00,99999.00,99999.00,99999.00,99999.00,99999.00,99999.00,99999.00, 866.00, 876.76, 888.54, 900.65, 914.11, 929.45, 946.66,99999.00,99999.00,99999.00,99999.00,99999.00,99999.00,99999.00,99999.00,99999.00,99999.00,99999.00,99999.00,99999.00,99999.00,99999.00,99999.00,99999.00,99999.00,99999.00,99999.00,99999.00,99999.00,99999.00,99999.00,99999.00,99999.00,99999.00,99999.00,99999.00,99999.00,99999.00,99999.00,99999.00,99999.00,99999.00,99999.00,99999.00,99999.00,99999.00,99999.00,99999.00,99999.00,99999.00,99999.00,99999.00,99999.00,99999.00,99999.00,99999.00,99999.00,99999.00,99999.00,99999.00,99999.00,99999.00,99999.00,99999.00,99999.00,99999.00,99999.00,99999.00,99999.00,99999.00,99999.00,99999.00,99999.00,99999.00,99999.00
99999.00,99999.00,99999.00,99999.00,99999.00,99999.00,99999.00,99999.00,99999.00,99999.00,99999.00,99999.00,99999.00,99999.00,99999.00,99999.00,99999.00,99999.00,99999.00,99999.00,99999.00,99999.00,99999.00,99999.00,  88.30,  77.77,  72.48,  72.73,  75.09,  84.39,  94.40, 107.37, 120.78, 134.82, 149.56, 166.96, 185.21, 204.67,99999.00,99999.00,99999.00,99999.00,99999.00,99999.00,99999.00,99999.00,99999.00,99999.00,99999.00,99999.00,99999.00,99999.00,99999.00,99999.00,99999.00,99999.00,99999.00,99999.00,99999.00,99999.00,99999.00,99999.00,99999.00,99999.00, 833.76, 845.10, 857.06, 869.70, 883.29, 898.32, 914.68, 932.68,99999.00,99999.00,99999.00,99999.00,99999.00,99999.00,99999.00,99999.00,99999.00,99999.00,99999.00,99999.00,99999.00,99999.00,99999.00,99999.00,99999.00,99999.00,99999.00,99999.00,99999.00,99999.00,99999.00,99999.00,99999.00,99999.00,99999.00,99999.00,99999.00,99999.00,99999.00,99999.00,99999.00,99999.00,99999.00,99999.00,99999.00,99999.00,99999.00,99999.00,99999.00,99999.00,99999.00,99999.00,99999.00,99999.00,99999.00,99999.00,99999.00,99999.00,99999.00,99999.00,99999.00,99999.00,99999.00,99999.00,99999.00,99999.00,99999.00,99999.00,99999.00,99999.00,99999.00,99999.00,99999.00,99999.00,99999.00,99999.00
99999.00,99999.00,99999.00,99999.00,99999.00,99999.00,99999.00,99999.00,99999.00,99999.00,99999.00,99999.00,99999.00,99999.00,99999.00, 277.76, 254.45, 232.25, 210.90, 190.21, 170.06, 150.33, 130.95, 114.55, 101.40,  93.81,  89.18,  88.93,  90.88,  96.74, 106.05, 116.22, 129.38, 143.09, 157.55, 173.02, 189.72, 208.87,99999.00,99999.00,99999.00,99999.00,99999.00,99999.00,99999.00,99999.00,99999.00,99999.00,99999.00,99999.00,99999.00,99999.00,99999.00,99999.00,99999.00,99999.00, 739.18, 741.51, 747.23, 755.65, 766.23, 777.30, 788.90, 800.58, 812.68, 825.55, 838.84, 852.79, 867.84, 883.81, 900.91, 919.47,99999.00,99999.00,99999.00,99999.00,99999.00,99999.00,99999.00,99999.00,99999.00,99999.00,99999.00,99999.00,99999.00,99999.00,99999.00,99999.00,99999.00,99999.00,99999.00,99999.00,99999.00,99999.00,99999.00,99999.00,99999.00,99999.00,99999.00,99999.00,99999.00,99999.00,99999.00,99999.00,99999.00,99999.00,99999.00,99999.00,99999.00,99999.00,99999.00,99999.00,99999.00,99999.00,99999.00,99999.00,99999.00,99999.00,99999.00,99999.00,99999.00,99999.00,99999.00,99999.00,99999.00,99999.00,99999.00,99999.00,99999.00,99999.00,99999.00,99999.00,99999.00,99999.00,99999.00,99999.00,99999.00,99999.00,99999.00,99999.00
99999.00,99999.00,99999.00,99999.00,99999.00,99999.00,99999.00,99999.00,99999.00,99999.00,99999.00,99999.00,99999.00,99999.00,99999.00, 273.84, 251.77, 230.80, 210.68, 191.22, 172.30, 155.14, 139.80, 126.09, 115.73, 109.44, 105.29, 104.66, 106.30, 109.07, 118.04, 127.31, 137.82, 151.17, 165.42, 180.60, 197.02, 215.18,99999.00,99999.00,99999.00,99999.00,99999.00,99999.00,99999.00,99999.00,99999.00,99999.00,99999.00,99999.00,99999.00,99999.00,99999.00,99999.00,99999.00,99999.00, 713.12, 716.42, 723.20, 733.55, 744.54, 756.27, 768.02, 780.76, 794.30, 808.17, 822.54, 837.79, 853.67, 870.30, 887.90, 906.85,99999.00,99999.00,99999.00,99999.00,99999.00,99999.00,99999.00,99999.00,99999.00,99999.00,99999.00,99999.00,99999.00,99999.00,99999.00,99999.00,99999.00,99999.00,99999.00,99999.00,99999.00,99999.00,99999.00,99999.00,99999.00,99999.00,99999.00,99999.00,99999.00,99999.00,99999.00,99999.00,99999.00,99999.00,99999.00,99999.00,99999.00,99999.00,99999.00,99999.00,99999.00,99999.00,99999.00,99999.00,99999.00,99999.00,99999.00,99999.00,99999.00,99999.00,99999.00,99999.00,99999.00,99999.00,99999.00,99999.00,99999.00,99999.00,99999.00,99999.00,99999.00,99999.00,99999.00,99999.00,99999.00,99999.00,99999.00,99999.00
99999.00,99999.00,99999.00,99999.00,99999.00,99999.00,99999.00,99999.00,99999.00,99999.00,99999.00,99999.00,99999.00,99999.00,99999.00, 274.06, 252.93, 232.89, 213.71, 195.36, 179.07, 164.15, 150.03, 138.51, 130.05, 124.66, 120.84, 119.93, 121.35, 123.95, 129.84, 138.98, 148.39, 159.44, 173.13, 187.97, 204.19, 222.07,99999.00,99999.00,99999.00,99999.00,99999.00,99999.00,99999.00,99999.00,99999.00,99999.00,99999.00,99999.00,99999.00,99999.00,99999.00,99999.00,99999.00,99999.00, 688.34, 692.60, 702.04, 713.30, 724.81, 736.72, 749.73, 763.64, 777.92, 792.63, 808.12, 824.05, 840.49, 857.54, 875.46, 894.66,99999.00,99999.00,99999.00,99999.00,99999.00,99999.00,99999.00,99999.00,99999.00,99999.00,99999.00,99999.00,99999.00,99999.00,99999.00,99999.00,99999.00,99999.00,99999.00,99999.00,99999.00,99999.00,99999.00,99999.00,99999.00,99999.00,99999.00,99999.00,99999.00,99999.00,99999.00,99999.00,99999.00,99999.00,99999.00,99999.00,99999.00,99999.00,99999.00,99999.00,99999.00,99999.00,99999.00,99999.00,99999.00,99999.00,99999.00,99999.00,99999.00,99999.00,99999.00,99999.00,99999.00,99999.00,99999.00,99999.00,99999.00,99999.00,99999.00,99999.00,99999.00,99999.00,99999.00,99999.00,99999.00,99999.00,99999.00,99999.00
99999.00,99999.00,99999.00,99999.00,99999.00,99999.00,99999.00,99999.00,99999.00,99999.00,99999.00,99999.00,99999.00,99999.00,99999.00, 276.29, 255.89, 236.60, 218.82, 202.71, 187.64, 173.33, 161.40, 151.26, 144.26, 139.47, 135.89, 134.77, 136.03, 138.53, 141.57, 150.44, 159.78, 169.52, 181.30, 195.52, 211.20, 228.74,99999.00,99999.00,99999.00,99999.00,99999.00,99999.00,99999.00,99999.00,99999.00,99999.00,99999.00,99999.00,99999.00,99999.00,99999.00,99999.00,99999.00,99999.00, 664.53, 671.40, 682.74, 694.38, 706.53, 719.67, 733.75, 748.24, 763.18, 778.84, 794.86, 811.24, 828.00, 845.30, 863.42, 882.83,99999.00,99999.00,99999.00,99999.00,99999.00,99999.00,99999.00,99999.00,99999.00,99999.00,99999.00,99999.00,99999.00,99999.00,99999.00,99999.00,99999.00,99999.00,99999.00,99999.00,99999.00,99999.00,99999.00,99999.00,99999.00,99999.00,99999.00,99999.00,99999.00,99999.00,99999.00,99999.00,99999.00,99999.00,99999.00,99999.00,99999.00,99999.00,99999.00,99999.00,99999.00,99999.00,99999.00,99999.00,99999.00,99999.00,99999.00,99999.00,99999.00,99999.00,99999.00,99999.00,99999.00,99999.00,99999.00,99999.00,99999.00,99999.00,99999.00,99999.00,99999.00,99999.00,99999.00,99999.00,99999.00,99999.00,99999.00,99999.00
99999.00,99999.00,99999.00,99999.00,99999.00,99999.00,99999.00,99999.00,99999.00,99999.00,99999.00,99999.00,99999.00,99999.00,99999.00, 280.38, 260.59, 242.59, 226.03, 210.53, 196.26, 183.84, 173.30, 164.29, 158.27, 153.88, 150.48, 149.21, 150.35, 152.79, 155.82, 161.83, 170.92, 180.61, 190.89, 203.64, 218.61, 235.51,99999.00,99999.00,99999.00,99999.00,99999.00,99999.00,99999.00,99999.00,99999.00,99999.00,99999.00,99999.00,99999.00,99999.00,99999.00,99999.00,99999.00,99999.00, 641.48, 652.34, 664.57, 677.09, 690.44, 704.62, 719.20, 734.25, 750.01, 766.09, 782.44, 799.04, 815.98, 833.58, 852.09, 872.45,99999.00,99999.00,99999.00,99999.00,99999.00,99999.00,99999.00,99999.00,99999.00,99999.00,99999.00,99999.00,99999.00,99999.00,99999.00,99999.00,99999.00,99999.00,99999.00,99999.00,99999.00,99999.00,99999.00,99999.00,99999.00,99999.00,99999.00,99999.00,99999.00,99999.00,99999.00,99999.00,99999.00,99999.00,99999.00,99999.00,99999.00,99999.00,99999.00,99999.00,99999.00,99999.00,99999.00,99999.00,99999.00,99999.00,99999.00,99999.00,99999.00,99999.00,99999.00,99999.00,99999.00,99999.00,99999.00,99999.00,99999.00,99999.00,99999.00,99999.00,99999.00,99999.00,99999.00,99999.00,99999.00,99999.00,99999.00,99999.00
99999.00,99999.00,99999.00,99999.00,99999.00,99999.00,99999.00,99999.00,99999.00,99999.00,99999.00,99999.00,99999.00,99999.00,99999.00, 285.70, 266.66, 249.27, 233.50, 219.06, 206.04, 195.01, 184.96, 177.38, 172.02, 167.90, 164.65, 163.26, 164.32, 166.73, 169.74, 172.98, 181.92, 191.38, 201.60, 212.60, 226.53, 242.27,99999.00,99999.00,99999.00,99999.00,99999.00,99999.00,99999.00,99999.00,99999.00,99999.00,99999.00,99999.00,99999.00,99999.00,99999.00,99999.00,99999.00,99999.00, 621.94, 635.02, 648.08, 661.77, 676.13, 690.78, 705.86, 721.64, 737.72, 754.02, 770.52, 787.43, 804.78, 823.26, 843.14, 864.73,99999.00,99999.00,99999.00,99999.00,99999.00,99999.00,99999.00,99999.00,99999.00,99999.00,99999.00,99999.00,99999.00,99999.00,99999.00,99999.00,99999.00,99999.00,99999.00,99999.00,99999.00,99999.00,99999.00,99999.00,99999.00,99999.00,99999.00,99999.00,99999.00,99999.00,99999.00,99999.00,99999.00,99999.00,99999.00,99999.00,99999.00,99999.00,99999.00,99999.00,99999.00,99999.00,99999.00,99999.00,99999.00,99999.00,99999.00,99999.00,99999.00,99999.00,99999.00,99999.00,99999.00,99999.00,99999.00,99999.00,99999.00,99999.00,99999.00,99999.00,99999.00,99999.00,99999.00,99999.00,99999.00,99999.00,99999.00,99999.00
99999.00,99999.00,99999.00,99999.00,99999.00,99999.00,99999.00,99999.00,99999.00,99999.00,99999.00,99999.00,99999.00,99999.00,99999.00, 291.38, 273.14, 256.80, 241.98, 228.21, 216.58, 206.04, 196.99, 190.40, 185.48, 181.60, 178.41, 176.94, 177.94, 180.33, 183.29, 186.53, 192.63, 201.92, 211.86, 222.72, 234.59, 249.41, 265.87,99999.00,99999.00,99999.00,99999.00,99999.00,99999.00,99999.00,99999.00,99999.00,99999.00,99999.00,99999.00,99999.00,99999.00,99999.00,99999.00, 591.39, 605.56, 619.36, 633.52, 648.15, 662.91, 678.00, 693.74, 709.76, 725.98, 742.61, 759.49, 777.19, 795.83, 815.48, 836.11, 858.23,99999.00,99999.00,99999.00,99999.00,99999.00,99999.00,99999.00,99999.00,99999.00,99999.00,99999.00,99999.00,99999.00,99999.00,99999.00,99999.00,99999.00,99999.00,99999.00,99999.00,99999.00,99999.00,99999.00,99999.00,99999.00,99999.00,99999.00,99999.00,99999.00,99999.00,99999.00,99999.00,99999.00,99999.00,99999.00,99999.00,99999.00,99999.00,99999.00,99999.00,99999.00,99999.00,99999.00,99999.00,99999.00,99999.00,99999.00,99999.00,99999.00,99999.00,99999.00,99999.00,99999.00,99999.00,99999.00,99999.00,99999.00,99999.00,99999.00,99999.00,99999.00,99999.00,99999.00,99999.00,99999.00,99999.00,99999.00,99999.00
99999.00,99999.00,99999.00,99999.00,99999.00,99999.00,99999.00,99999.00,99999.00,99999.00,99999.00,99999.00,99999.00,99999.00,99999.00, 298.05, 280.76, 265.08, 250.58, 238.20, 227.05, 217.40, 209.19, 203.27, 198.65, 194.94, 191.80, 190.25, 191.21, 193.59, 196.47, 199.70, 203.27, 212.10, 221.81, 232.30, 243.86, 256.58, 271.24, 288.14,99999.00,99999.00,99999.00,99999.00,99999.00,99999.00,99999.00,99999.00,99999.00,99999.00,99999.00,99999.00,99999.00,99999.00, 561.01, 576.31, 590.92, 605.63, 620.61, 635.55, 650.68, 666.35, 682.25, 698.60, 715.16, 732.46, 750.55, 769.34, 788.66, 809.16, 830.53, 852.82,99999.00,99999.00,99999.00,99999.00,99999.00,99999.00,99999.00,99999.00,99999.00,99999.00,99999.00,99999.00,99999.00,99999.00,99999.00,99999.00,99999.00,99999.00,99999.00,99999.00,99999.00,99999.00,99999.00,99999.00,99999.00,99999.00,99999.00,99999.00,99999.00,99999.00,99999.00,99999.00,99999.00,99999.00,99999.00,99999.00,99999.00,99999.00,99999.00,99999.00,99999.00,99999.00,99999.00,99999.00,99999.00,99999.00,99999.00,99999.00,99999.00,99999.00,99999.00,99999.00,99999.00,99999.00,99999.00,99999.00,99999.00,99999.00,99999.00,99999.00,99999.00,99999.00,99999.00,99999.00,99999.00,99999.00,99999.00,99999.00
99999.00,99999.00,99999.00,99999.00,99999.00,99999.00,99999.00,99999.00,99999.00,99999.00,99999.00,99999.00,99999.00,99999.00,99999.00, 305.57, 288.59, 273.41, 260.08, 248.17, 237.91, 228.63, 221.41, 215.93, 211.56, 207.94, 204.83, 203.20, 204.12, 206.51, 209.30, 212.44, 215.98, 222.16, 231.34, 241.50, 252.53, 264.72, 277.95, 292.14, 308.15, 325.07, 342.14, 359.36, 376.71, 394.22, 411.93, 429.79, 446.52, 463.54, 480.94, 498.28, 515.08, 531.61, 547.71, 563.02, 578.25, 593.58, 608.71, 623.89, 639.53, 655.54, 671.70, 688.57, 706.20, 724.49, 743.18, 762.76, 783.30, 804.28, 825.90, 848.47,99999.00,99999.00,99999.00,99999.00,99999.00,99999.00,99999.00,99999.00,99999.00,99999.00,99999.00,99999.00,99999.00,99999.00,99999.00,99999.00,99999.00,99999.00,99999.00,99999.00,99999.00,99999.00,99999.00,99999.00,99999.00,99999.00,99999.00,99999.00,99999.00,99999.00,99999.00,99999.00,99999.00,99999.00,99999.00,99999.00,99999.00,99999.00,99999.00,99999.00,99999.00,99999.00,99999.00,99999.00,99999.00,99999.00,99999.00,99999.00,99999.00,99999.00,99999.00,99999.00,99999.00,99999.00,99999.00,99999.00,99999.00,99999.00,99999.00,99999.00,99999.00,99999.00,99999.00,99999.00,99999.00,99999.00,99999.00,99999.00
99999.00,99999.00,99999.00,99999.00,99999.00,99999.00,99999.00,99999.00,99999.00,99999.00,99999.00,99999.00,99999.00,99999.00,99999.00, 313.20, 297.01, 282.46, 269.60, 258.58, 248.68, 240.10, 233.53, 228.36, 224.17, 220.60, 217.55, 215.80, 216.69, 219.07, 221.76, 224.80, 228.27, 232.18, 240.73, 250.26, 260.82, 272.31, 284.55, 297.58, 311.77, 326.61, 342.16, 357.85, 373.67, 389.63, 405.78, 422.18, 438.82, 455.42, 471.56, 488.03, 504.61, 520.40, 536.18, 551.92, 567.31, 582.51, 598.02, 613.72, 629.43, 645.77, 662.82, 680.49, 698.57, 717.52, 737.38, 757.94, 778.83, 800.19, 822.21, 845.19,99999.00,99999.00,99999.00,99999.00,99999.00,99999.00,99999.00,99999.00,99999.00,99999.00,99999.00,99999.00,99999.00,99999.00,99999.00,99999.00,99999.00,99999.00,99999.00,99999.00,99999.00,99999.00,99999.00,99999.00,99999.00,99999.00,99999.00,99999.00,99999.00,99999.00,99999.00,99999.00,99999.00,99999.00,99999.00,99999.00,99999.00,99999.00,99999.00,99999.00,99999.00,99999.00,99999.00,99999.00,99999.00,99999.00,99999.00,99999.00,99999.00,99999.00,99999.00,99999.00,99999.00,99999.00,99999.00,99999.00,99999.00,99999.00,99999.00,99999.00,99999.00,99999.00,99999.00,99999.00,99999.00,99999.00,99999.00,99999.00
99999.00,99999.00,99999.00,99999.00,99999.00,99999.00,99999.00,99999.00,99999.00,99999.00,99999.00,99999.00,99999.00,99999.00,99999.00, 321.62, 305.65, 291.58, 279.60, 268.93, 259.67, 251.64, 245.51, 240.58, 236.48, 232.95, 229.96, 228.07, 228.91, 231.29, 233.87, 236.78, 240.11, 243.93, 250.07, 258.88, 268.71, 279.59, 290.99, 303.08, 315.81, 329.35, 343.68, 358.14, 372.73, 387.46, 402.37, 417.51, 432.92, 448.64, 464.53, 479.98, 495.73, 511.59, 527.12, 542.39, 557.85, 573.34, 588.69, 604.51, 620.88, 637.79, 655.04, 673.15, 692.19, 712.21, 732.87, 753.95, 775.40, 797.34, 819.96, 843.57,99999.00,99999.00,99999.00,99999.00,99999.00,99999.00,99999.00,99999.00,99999.00,99999.00,99999.00,99999.00,99999.00,99999.00,99999.00,99999.00,99999.00,99999.00,99999.00,99999.00,99999.00,99999.00,99999.00,99999.00,99999.00,99999.00,99999.00,99999.00,99999.00,99999.00,99999.00,99999.00,99999.00,99999.00,99999.00,99999.00,99999.00,99999.00,99999.00,99999.00,99999.00,99999.00,99999.00,99999.00,99999.00,99999.00,99999.00,99999.00,99999.00,99999.00,99999.00,99999.00,99999.00,99999.00,99999.00,99999.00,99999.00,99999.00,99999.00,99999.00,99999.00,99999.00,99999.00,99999.00,99999.00,99999.00,99999.00,99999.00
99999.00,99999.00,99999.00,99999.00,99999.00,99999.00,99999.00,99999.00,99999.00,99999.00,99999.00,99999.00,99999.00,99999.00,99999.00, 330.05, 314.40, 301.20, 289.57, 279.54, 270.52, 263.15, 257.30, 252.55, 248.49, 245.01, 242.08, 240.06, 240.79, 243.15, 245.63, 248.39, 251.57, 255.24, 259.41, 267.48, 276.50, 286.54, 297.24, 308.56, 320.30, 332.59, 345.58, 359.02, 372.58, 386.27, 400.14, 414.24, 428.64, 443.35, 458.39, 473.75, 488.99, 504.08, 519.37, 534.66, 549.70, 565.08, 580.85, 597.00, 613.32, 630.37, 648.27, 667.13, 687.06, 707.72, 729.07, 750.99, 773.31, 796.14, 819.67, 844.20,99999.00,99999.00,99999.00,99999.00,99999.00,99999.00,99999.00,99999.00,99999.00,99999.00,99999.00,99999.00,99999.00,99999.00,99999.00,99999.00,99999.00,99999.00,99999.00,99999.00,99999.00,99999.00,99999.00,99999.00,99999.00,99999.00,99999.00,99999.00,99999.00,99999.00,99999.00,99999.00,99999.00,99999.00,99999.00,99999.00,99999.00,99999.00,99999.00,99999.00,99999.00,99999.00,99999.00,99999.00,99999.00,99999.00,99999.00,99999.00,99999.00,99999.00,99999.00,99999.00,99999.00,99999.00,99999.00,99999.00,99999.00,99999.00,99999.00,99999.00,99999.00,99999.00,99999.00,99999.00,99999.00,99999.00,99999.00,99999.00
99999.00,99999.00,99999.00,99999.00,99999.00,99999.00,99999.00,99999.00,99999.00,99999.00,99999.00,99999.00,99999.00,99999.00,99999.00, 338.45, 323.68, 310.83, 299.83, 290.03, 281.49, 274.54, 268.93, 264.25, 260.22, 256.81, 253.92, 251.75, 252.37, 254.67, 257.04, 259.67, 262.66, 266.14, 270.12, 276.10, 284.31, 293.46, 303.56, 313.92, 324.87, 336.33, 348.11, 360.66, 373.33, 386.13, 399.11, 412.34, 425.88, 439.73, 453.90, 468.40, 483.23, 498.13, 512.78, 527.72, 542.97, 558.45, 573.95, 589.99, 606.67, 624.13, 642.50, 661.88, 682.22, 703.60,99999.00,99999.00,99999.00,99999.00,99999.00,99999.00,99999.00,99999.00,99999.00,99999.00,99999.00,99999.00,99999.00,99999.00,99999.00,99999.00,99999.00,99999.00,99999.00,99999.00,99999.00,99999.00,99999.00,99999.00,99999.00,99999.00,99999.00,99999.00,99999.00,99999.00,99999.00,99999.00,99999.00,99999.00,99999.00,99999.00,99999.00,99999.00,99999.00,99999.00,99999.00,99999.00,99999.00,99999.00,99999.00,99999.00,99999.00,99999.00,99999.00,99999.00,99999.00,99999.00,99999.00,99999.00,99999.00,99999.00,99999.00,99999.00,99999.00,99999.00,99999.00,99999.00,99999.00,99999.00,99999.00,99999.00,99999.00,99999.00,99999.00,99999.00,99999.00,99999.00,99999.00,99999.00
99999.00,99999.00,99999.00,99999.00,99999.00,99999.00,99999.00,99999.00,99999.00,99999.00,99999.00,99999.00,99999.00,99999.00,99999.00, 347.41, 332.98, 320.75, 309.99, 300.67, 292.45, 285.78, 280.33, 275.68, 271.70, 268.33, 265.49, 263.18, 263.67, 265.83, 268.12, 270.60, 273.41, 276.67, 280.44, 284.73, 292.20, 300.49, 309.74, 319.44, 329.72, 340.18, 351.16, 362.66, 374.56, 386.57, 398.77, 411.26, 424.05, 437.14, 450.56, 464.30, 478.38, 492.78, 507.47, 522.34, 537.13, 552.31, 567.95, 584.13, 600.97, 618.59, 637.12, 656.67, 677.48,99999.00,99999.00,99999.00,99999.00,99999.00,99999.00,99999.00,99999.00,99999.00,99999.00,99999.00,99999.00,99999.00,99999.00,99999.00,99999.00,99999.00,99999.00,99999.00,99999.00,99999.00,99999.00,99999.00,99999.00,99999.00,99999.00,99999.00,99999.00,99999.00,99999.00,99999.00,99999.00,99999.00,99999.00,99999.00,99999.00,99999.00,99999.00,99999.00,99999.00,99999.00,99999.00,99999.00,99999.00,99999.00,99999.00,99999.00,99999.00,99999.00,99999.00,99999.00,99999.00,99999.00,99999.00,99999.00,99999.00,99999.00,99999.00,99999.00,99999.00,99999.00,99999.00,99999.00,99999.00,99999.00,99999.00,99999.00,99999.00,99999.00,99999.00,99999.00,99999.00,99999.00,99999.00,99999.00
99999.00,99999.00,99999.00,99999.00,99999.00,99999.00,99999.00,99999.00,99999.00,99999.00,99999.00,99999.00,99999.00,99999.00,99999.00, 356.42, 342.60, 330.61, 320.31, 311.31, 303.33, 296.88, 291.50, 286.87, 282.93, 279.60, 276.80, 274.34, 274.70, 276.74, 278.88, 281.22, 283.84, 286.87, 290.39, 294.43, 300.14, 307.64, 316.00, 325.19, 334.58, 344.38, 354.71, 365.23, 376.28, 387.63, 399.22, 411.08, 423.25, 435.71, 448.49, 461.61, 475.06, 488.84, 502.95, 517.37, 532.15, 547.31, 562.91, 579.02, 595.76, 613.26, 631.72, 651.39,99999.00,99999.00,99999.00,99999.00,99999.00,99999.00,99999.00,99999.00,99999.00,99999.00,99999.00,99999.00,99999.00,99999.00,99999.00,99999.00,99999.00,99999.00,99999.00,99999.00,99999.00,99999.00,99999.00,99999.00,99999.00,99999.00,99999.00,99999.00,99999.00,99999.00,99999.00,99999.00,99999.00,99999.00,99999.00,99999.00,99999.00,99999.00,99999.00,99999.00,99999.00,99999.00,99999.00,99999.00,99999.00,99999.00,99999.00,99999.00,99999.00,99999.00,99999.00,99999.00,99999.00,99999.00,99999.00,99999.00,99999.00,99999.00,99999.00,99999.00,99999.00,99999.00,99999.00,99999.00,99999.00,99999.00,99999.00,99999.00,99999.00,99999.00,99999.00,99999.00,99999.00,99999.00,99999.00,99999.00
99999.00,99999.00,99999.00,99999.00,99999.00,99999.00,99999.00,99999.00,99999.00,99999.00,99999.00,99999.00,99999.00,99999.00,99999.00, 365.76, 352.17, 340.64, 330.66, 321.79, 314.08, 307.78, 302.42, 297.83, 293.93, 290.62, 287.86, 285.24, 285.46, 287.38, 289.39, 291.52, 293.96, 296.76, 300.01, 303.79, 308.09, 314.94, 322.51, 330.98, 339.82, 349.10, 358.54, 368.39, 378.79, 389.49, 400.56, 411.92, 423.57, 435.52, 447.78, 460.37, 473.30, 486.57, 500.17, 514.13, 528.46, 543.21, 558.44, 574.22, 590.67, 607.95, 626.26, 645.92,99999.00,99999.00,99999.00,99999.00,99999.00,99999.00,99999.00,99999.00,99999.00,99999.00,99999.00,99999.00,99999.00,99999.00,99999.00,99999.00,99999.00,99999.00,99999.00,99999.00,99999.00,99999.00,99999.00,99999.00,99999.00,99999.00,99999.00,99999.00,99999.00,99999.00,99999.00,99999.00,99999.00,99999.00,99999.00,99999.00,99999.00,99999.00,99999.00,99999.00,99999.00,99999.00,99999.00,99999.00,99999.00,99999.00,99999.00,99999.00,99999.00,99999.00,99999.00,99999.00,99999.00,99999.00,99999.00,99999.00,99999.00,99999.00,99999.00,99999.00,99999.00,99999.00,99999.00,99999.00,99999.00,99999.00,99999.00,99999.00,99999.00,99999.00,99999.00,99999.00,99999.00,99999.00,99999.00,99999.00
99999.00,99999.00,99999.00,99999.00,99999.00,99999.00,99999.00,99999.00,99999.00,99999.00,99999.00,99999.00,99999.00,99999.00,99999.00, 375.06, 361.93, 350.71, 340.86, 332.22, 324.72, 318.47, 313.12, 308.56, 304.68, 301.41, 298.53, 295.89, 295.97, 297.76, 299.65, 301.61, 303.79, 306.36, 309.38, 312.94, 317.01, 322.37, 329.28, 336.94, 345.44, 353.98, 362.87, 372.20, 381.78, 391.85, 402.48, 413.38, 424.57, 436.05, 447.85, 459.97, 472.43, 485.24, 498.39, 511.91, 525.83, 540.18, 555.03, 570.46, 586.58, 603.55, 621.58, 640.99,99999.00,99999.00,99999.00,99999.00,99999.00,99999.00,99999.00,99999.00,99999.00,99999.00,99999.00,99999.00,99999.00,99999.00,99999.00,99999.00,99999.00,99999.00,99999.00,99999.00,99999.00,99999.00,99999.00,99999.00,99999.00,99999.00,99999.00,99999.00,99999.00,99999.00,99999.00,99999.00,99999.00,99999.00,99999.00,99999.00,99999.00,99999.00,99999.00,99999.00,99999.00,99999.00,99999.00,99999.00,99999.00,99999.00,99999.00,99999.00,99999.00,99999.00,99999.00,99999.00,99999.00,99999.00,99999.00,99999.00,99999.00,99999.00,99999.00,99999.00,99999.00,99999.00,99999.00,99999.00,99999.00,99999.00,99999.00,99999.00,99999.00,99999.00,99999.00,99999.00,99999.00,99999.00,99999.00,99999.00
99999.00,99999.00,99999.00,99999.00,99999.00,99999.00,99999.00,99999.00,99999.00,99999.00,99999.00,99999.00,99999.00,99999.00,99999.00, 384.57, 371.74, 360.65, 351.02, 342.53, 335.18, 328.94, 323.61, 319.07, 315.21, 311.96, 308.91, 306.31, 306.24, 307.89, 309.66, 311.50, 313.47, 315.83, 318.63, 321.89, 325.66, 329.94, 336.23, 343.21, 350.94, 359.14, 367.68, 376.35, 385.42, 394.96, 404.84, 415.33, 426.12, 437.19, 448.58, 460.29, 472.34, 484.73, 497.48, 510.61, 524.15, 538.14, 552.64, 567.75, 583.56, 600.23, 617.99, 637.13,99999.00,99999.00,99999.00,99999.00,99999.00,99999.00,99999.00,99999.00,99999.00,99999.00,99999.00,99999.00,99999.00,99999.00,99999.00,99999.00,99999.00,99999.00,99999.00,99999.00,99999.00,99999.00,99999.00,99999.00,99999.00,99999.00,99999.00,99999.00,99999.00,99999.00,99999.00,99999.00,99999.00,99999.00,99999.00,99999.00,99999.00,99999.00,99999.00,99999.00,99999.00,99999.00,99999.00,99999.00,99999.00,99999.00,99999.00,99999.00,99999.00,99999.00,99999.00,99999.00,99999.00,99999.00,99999.00,99999.00,99999.00,99999.00,99999.00,99999.00,99999.00,99999.00,99999.00,99999.00,99999.00,99999.00,99999.00,99999.00,99999.00,99999.00,99999.00,99999.00,99999.00,99999.00,99999.00,99999.00
99999.00,99999.00,99999.00,99999.00,99999.00,99999.00,99999.00,99999.00,99999.00,99999.00,99999.00,99999.00,99999.00,99999.00,99999.00, 394.16, 381.44, 370.56, 361.08, 352.76, 345.44, 339.20, 333.89, 329.36, 325.52, 322.15, 319.07, 316.50, 316.27, 317.78, 319.43, 321.20, 323.09, 325.17, 327.64, 330.64, 334.17, 338.20, 343.36, 349.72, 356.76, 364.52, 372.54, 380.92, 389.64, 398.50, 407.87, 417.82, 428.16, 438.87, 449.90, 461.24, 472.92, 484.96, 497.35, 510.13, 523.33, 537.00, 551.20, 566.00, 581.53, 597.94, 615.44, 634.34,99999.00,99999.00,99999.00,99999.00,99999.00,99999.00,99999.00,99999.00,99999.00,99999.00,99999.00,99999.00,99999.00,99999.00,99999.00,99999.00,99999.00,99999.00,99999.00,99999.00,99999.00,99999.00,99999.00,99999.00,99999.00,99999.00,99999.00,99999.00,99999.00,99999.00,99999.00,99999.00,99999.00,99999.00,99999.00,99999.00,99999.00,99999.00,99999.00,99999.00,99999.00,99999.00,99999.00,99999.00,99999.00,99999.00,99999.00,99999.00,99999.00,99999.00,99999.00,99999.00,99999.00,99999.00,99999.00,99999.00,99999.00,99999.00,99999.00,99999.00,99999.00,99999.00,99999.00,99999.00,99999.00,99999.00,99999.00,99999.00,99999.00,99999.00,99999.00,99999.00,99999.00,99999.00,99999.00,99999.00
99999.00,99999.00,99999.00,99999.00,99999.00,99999.00,99999.00,99999.00,99999.00,99999.00,99999.00,99999.00,99999.00,99999.00,99999.00, 403.68, 391.11, 380.37, 371.05, 362.82, 355.50, 349.27, 343.97, 339.45, 335.63, 332.06, 329.01, 326.47, 326.08, 327.48, 329.04, 330.73, 332.55, 334.45, 336.66, 339.32, 342.54, 346.25, 350.55, 356.46, 362.87, 370.01, 377.87, 385.80, 393.99, 402.55, 411.56, 420.83, 430.65, 441.05, 451.75, 462.77, 474.13, 485.85, 497.93, 510.40, 523.30, 536.68, 550.60, 565.14, 580.42, 596.58, 613.85, 632.54,99999.00,99999.00,99999.00,99999.00,99999.00,99999.00,99999.00,99999.00,99999.00,99999.00,99999.00,99999.00,99999.00,99999.00,99999.00,99999.00,99999.00,99999.00,99999.00,99999.00,99999.00,99999.00,99999.00,99999.00,99999.00,99999.00,99999.00,99999.00,99999.00,99999.00,99999.00,99999.00,99999.00,99999.00,99999.00,99999.00,99999.00,99999.00,99999.00,99999.00,99999.00,99999.00,99999.00,99999.00,99999.00,99999.00,99999.00,99999.00,99999.00,99999.00,99999.00,99999.00,99999.00,99999.00,99999.00,99999.00,99999.00,99999.00,99999.00,99999.00,99999.00,99999.00,99999.00,99999.00,99999.00,99999.00,99999.00,99999.00,99999.00,99999.00,99999.00,99999.00,99999.00,99999.00,99999.00,99999.00
99999.00,99999.00,99999.00,99999.00,99999.00,99999.00,99999.00,99999.00,99999.00,99999.00,99999.00,99999.00,99999.00,99999.00,99999.00, 413.18, 400.74, 390.12, 380.88, 372.70, 365.37, 359.15, 353.85, 349.34, 345.37, 341.78, 338.74, 336.24, 335.73, 337.03, 338.50, 340.10, 341.84, 343.67, 345.63, 347.94, 350.78, 354.22, 358.26, 363.31, 369.34, 375.85, 383.09, 390.85, 398.88, 406.99, 415.46, 424.42, 433.87, 443.62, 453.95, 464.69, 475.77, 487.20, 499.00, 511.20, 523.84, 536.96, 550.64, 564.94, 579.99, 595.94, 613.00, 631.49,99999.00,99999.00,99999.00,99999.00,99999.00,99999.00,99999.00,99999.00,99999.00,99999.00,99999.00,99999.00,99999.00,99999.00,99999.00,99999.00,99999.00,99999.00,99999.00,99999.00,99999.00,99999.00,99999.00,99999.00,99999.00,99999.00,99999.00,99999.00,99999.00,99999.00,99999.00,99999.00,99999.00,99999.00,99999.00,99999.00,99999.00,99999.00,99999.00,99999.00,99999.00,99999.00,99999.00,99999.00,99999.00,99999.00,99999.00,99999.00,99999.00,99999.00,99999.00,99999.00,99999.00,99999.00,99999.00,99999.00,99999.00,99999.00,99999.00,99999.00,99999.00,99999.00,99999.00,99999.00,99999.00,99999.00,99999.00,99999.00,99999.00,99999.00,99999.00,99999.00,99999.00,99999.00,99999.00,99999.00
99999.00,99999.00,99999.00,99999.00,99999.00,99999.00,99999.00,99999.00,99999.00,99999.00,99999.00,99999.00,99999.00,99999.00,99999.00, 422.66, 410.33, 399.73, 390.53, 382.38, 375.06, 368.84, 363.54, 359.03, 354.87, 351.29, 348.31, 345.87, 345.24, 346.43, 347.81, 349.33, 350.99, 352.75, 354.59, 356.64, 359.13, 362.17, 365.90, 370.38, 375.96, 382.09, 388.70, 396.04, 403.73, 411.66, 419.97, 428.48, 437.39, 446.82, 456.78, 467.08, 477.91, 489.10, 500.66, 512.62, 525.02, 537.92, 551.38, 565.47, 580.32, 596.08, 612.96, 631.27,99999.00,99999.00,99999.00,99999.00,99999.00,99999.00,99999.00,99999.00,99999.00,99999.00,99999.00,99999.00,99999.00,99999.00,99999.00,99999.00,99999.00,99999.00,99999.00,99999.00,99999.00,99999.00,99999.00,99999.00,99999.00,99999.00,99999.00,99999.00,99999.00,99999.00,99999.00,99999.00,99999.00,99999.00,99999.00,99999.00,99999.00,99999.00,99999.00,99999.00,99999.00,99999.00,99999.00,99999.00,99999.00,99999.00,99999.00,99999.00,99999.00,99999.00,99999.00,99999.00,99999.00,99999.00,99999.00,99999.00,99999.00,99999.00,99999.00,99999.00,99999.00,99999.00,99999.00,99999.00,99999.00,99999.00,99999.00,99999.00,99999.00,99999.00,99999.00,99999.00,99999.00,99999.00,99999.00,99999.00
99999.00,99999.00,99999.00,99999.00,99999.00,99999.00,99999.00,99999.00,99999.00,99999.00,99999.00,99999.00,99999.00,99999.00,99999.00, 432.10, 419.80, 409.24, 399.99, 391.84, 384.58, 378.35, 373.05, 368.39, 364.18, 360.66, 357.80, 355.38, 354.63, 355.72, 357.00, 358.43, 360.02, 361.70, 363.46, 365.32, 367.51, 370.27, 373.71, 377.84, 382.85, 388.53, 394.76, 401.46, 408.90, 416.55, 424.51, 432.84, 441.57, 450.54, 459.96, 469.95, 480.52, 491.49, 502.84, 514.59, 526.80, 539.50, 552.76, 566.68, 581.35, 596.94, 613.66, 631.82,99999.00,99999.00,99999.00,99999.00,99999.00,99999.00,99999.00,99999.00,99999.00,99999.00,99999.00,99999.00,99999.00,99999.00,99999.00,99999.00,99999.00,99999.00,99999.00,99999.00,99999.00,99999.00,99999.00,99999.00,99999.00,99999.00,99999.00,99999.00,99999.00,99999.00,99999.00,99999.00,99999.00,99999.00,99999.00,99999.00,99999.00,99999.00,99999.00,99999.00,99999.00,99999.00,99999.00,99999.00,99999.00,99999.00,99999.00,99999.00,99999.00,99999.00,99999.00,99999.00,99999.00,99999.00,99999.00,99999.00,99999.00,99999.00,99999.00,99999.00,99999.00,99999.00,99999.00,99999.00,99999.00,99999.00,99999.00,99999.00,99999.00,99999.00,99999.00,99999.00,99999.00,99999.00,99999.00,99999.00
99999.00,99999.00,99999.00,99999.00,99999.00,99999.00,99999.00,99999.00,99999.00,99999.00,99999.00,99999.00,99999.00,99999.00,99999.00, 441.43, 429.16, 418.56, 409.31, 401.14, 393.92, 387.68, 382.37, 377.51, 373.36, 369.97, 367.17, 364.77, 363.90, 364.88, 366.07, 367.42, 368.93, 370.53, 372.25, 374.07, 376.12, 378.54, 381.58, 385.40, 389.97, 395.29, 401.05, 407.37, 414.18, 421.72, 429.43, 437.46, 445.85, 454.64, 463.88, 473.41, 483.43, 494.07, 505.24, 516.82, 528.85, 541.39, 554.49, 568.25, 582.77, 598.22, 614.80, 632.89,99999.00,99999.00,99999.00,99999.00,99999.00,99999.00,99999.00,99999.00,99999.00,99999.00,99999.00,99999.00,99999.00,99999.00,99999.00,99999.00,99999.00,99999.00,99999.00,99999.00,99999.00,99999.00,99999.00,99999.00,99999.00,99999.00,99999.00,99999.00,99999.00,99999.00,99999.00,99999.00,99999.00,99999.00,99999.00,99999.00,99999.00,99999.00,99999.00,99999.00,99999.00,99999.00,99999.00,99999.00,99999.00,99999.00,99999.00,99999.00,99999.00,99999.00,99999.00,99999.00,99999.00,99999.00,99999.00,99999.00,99999.00,99999.00,99999.00,99999.00,99999.00,99999.00,99999.00,99999.00,99999.00,99999.00,99999.00,99999.00,99999.00,99999.00,99999.00,99999.00,99999.00,99999.00,99999.00,99999.00
99999.00,99999.00,99999.00,99999.00,99999.00,99999.00,99999.00,99999.00,99999.00,99999.00,99999.00,99999.00,99999.00,99999.00,99999.00, 450.67, 438.36, 427.75, 418.48, 410.33, 403.10, 396.84, 391.37, 386.50, 382.49, 379.22, 376.44, 374.05, 373.06, 373.94, 375.04, 376.30, 377.76, 379.33, 381.01, 382.80, 384.76, 386.87, 389.63, 393.17, 397.40, 402.40, 407.77, 413.58, 419.97, 426.87, 434.51, 442.44, 450.57, 459.06, 467.95, 477.29, 487.14, 497.32, 508.06, 519.49, 531.37, 543.76, 556.72, 570.34, 584.73, 600.04, 616.54, 634.54,99999.00,99999.00,99999.00,99999.00,99999.00,99999.00,99999.00,99999.00,99999.00,99999.00,99999.00,99999.00,99999.00,99999.00,99999.00,99999.00,99999.00,99999.00,99999.00,99999.00,99999.00,99999.00,99999.00,99999.00,99999.00,99999.00,99999.00,99999.00,99999.00,99999.00,99999.00,99999.00,99999.00,99999.00,99999.00,99999.00,99999.00,99999.00,99999.00,99999.00,99999.00,99999.00,99999.00,99999.00,99999.00,99999.00,99999.00,99999.00,99999.00,99999.00,99999.00,99999.00,99999.00,99999.00,99999.00,99999.00,99999.00,99999.00,99999.00,99999.00,99999.00,99999.00,99999.00,99999.00,99999.00,99999.00,99999.00,99999.00,99999.00,99999.00,99999.00,99999.00,99999.00,99999.00,99999.00,99999.00
99999.00,99999.00,99999.00,99999.00,99999.00,99999.00,99999.00,99999.00,99999.00,99999.00,99999.00,99999.00,99999.00,99999.00,99999.00, 459.74, 447.42, 436.79, 427.54, 419.38, 412.18, 405.83, 400.17, 395.45, 391.58, 388.37, 385.60, 383.23, 382.14, 382.94, 383.96, 385.18, 386.59, 388.12, 389.76, 391.52, 393.45, 395.47, 397.90, 401.05, 404.97, 409.64, 414.90, 420.33, 426.21, 432.66, 439.69, 447.47, 455.49, 463.87, 472.50, 481.54, 491.02, 501.02, 511.57, 522.54, 534.27, 546.50, 559.29, 572.73, 586.92, 602.05, 618.32, 635.98,99999.00,99999.00,99999.00,99999.00,99999.00,99999.00,99999.00,99999.00,99999.00,99999.00,99999.00,99999.00,99999.00,99999.00,99999.00,99999.00,99999.00,99999.00,99999.00,99999.00,99999.00,99999.00,99999.00,99999.00,99999.00,99999.00,99999.00,99999.00,99999.00,99999.00,99999.00,99999.00,99999.00,99999.00,99999.00,99999.00,99999.00,99999.00,99999.00,99999.00,99999.00,99999.00,99999.00,99999.00,99999.00,99999.00,99999.00,99999.00,99999.00,99999.00,99999.00,99999.00,99999.00,99999.00,99999.00,99999.00,99999.00,99999.00,99999.00,99999.00,99999.00,99999.00,99999.00,99999.00,99999.00,99999.00,99999.00,99999.00,99999.00,99999.00,99999.00,99999.00,99999.00,99999.00,99999.00,99999.00
99999.00,99999.00,99999.00,99999.00,99999.00,99999.00,99999.00,99999.00,99999.00,99999.00,99999.00,99999.00,99999.00,99999.00,99999.00, 468.74, 456.41, 445.80, 436.53, 428.40, 421.24, 414.68, 409.03, 404.46, 400.72, 397.55, 394.83, 392.40, 391.21, 391.93, 392.89, 394.04, 395.41, 396.90, 398.51, 400.24, 402.14, 404.14, 406.26, 409.14, 412.79, 417.13, 422.18, 427.51, 433.00, 438.95, 445.52, 452.76, 460.72, 468.92, 477.40, 486.30, 495.50, 505.17, 515.35, 526.11, 537.52, 549.58, 562.23, 575.49, 589.51, 604.41, 620.35, 637.50, 656.08,99999.00,99999.00,99999.00,99999.00,99999.00,99999.00,99999.00,99999.00,99999.00,99999.00,99999.00,99999.00,99999.00,99999.00,99999.00,99999.00,99999.00,99999.00,99999.00,99999.00,99999.00,99999.00,99999.00,99999.00,99999.00,99999.00,99999.00,99999.00,99999.00,99999.00,99999.00,99999.00,99999.00,99999.00,99999.00,99999.00,99999.00,99999.00,99999.00,99999.00,99999.00,99999.00,99999.00,99999.00,99999.00,99999.00,99999.00,99999.00,99999.00,99999.00,99999.00,99999.00,99999.00,99999.00,99999.00,99999.00,99999.00,99999.00,99999.00,99999.00,99999.00,99999.00,99999.00,99999.00,99999.00,99999.00,99999.00,99999.00,99999.00,99999.00,99999.00,99999.00,99999.00,99999.00,99999.00
99999.00,99999.00,99999.00,99999.00,99999.00,99999.00,99999.00,99999.00,99999.00,99999.00,99999.00,99999.00,99999.00,99999.00,99999.00, 477.73, 465.41, 454.78, 445.55, 437.46, 430.11, 423.57, 418.06, 413.52, 409.84, 406.69, 403.99, 401.57, 400.28, 400.91, 401.80, 402.91, 404.23, 405.69, 407.27, 408.98, 410.86, 412.84, 414.92, 417.48, 420.76, 424.80, 429.58, 434.86, 440.25, 445.82, 451.87, 458.64, 466.11, 474.28, 482.70, 491.40, 500.44, 509.95, 519.82, 530.23, 541.24, 552.92, 565.43, 578.57, 592.42, 607.07, 622.63, 639.21, 656.92, 675.84,99999.00,99999.00,99999.00,99999.00,99999.00,99999.00,99999.00,99999.00,99999.00,99999.00,99999.00,99999.00,99999.00,99999.00,99999.00,99999.00,99999.00,99999.00,99999.00,99999.00,99999.00,99999.00,99999.00,99999.00,99999.00,99999.00,99999.00,99999.00,99999.00,99999.00,99999.00,99999.00,99999.00,99999.00,99999.00,99999.00,99999.00,99999.00,99999.00,99999.00,99999.00,99999.00,99999.00,99999.00,99999.00,99999.00,99999.00,99999.00,99999.00,99999.00,99999.00,99999.00,99999.00,99999.00,99999.00,99999.00,99999.00,99999.00,99999.00,99999.00,99999.00,99999.00,99999.00,99999.00,99999.00,99999.00,99999.00,99999.00,99999.00,99999.00,99999.00,99999.00,99999.00,99999.00
99999.00,99999.00,99999.00,99999.00,99999.00,99999.00,99999.00,99999.00,99999.00,99999.00,99999.00,99999.00,99999.00,99999.00,99999.00, 486.73, 474.40, 463.80, 454.61, 446.33, 439.02, 432.54, 427.18, 422.77, 419.02, 415.90, 413.15, 410.73, 409.34, 409.89, 410.73, 411.78, 413.07, 414.50, 416.06, 417.75, 419.62, 421.58, 423.66, 425.95, 428.97, 432.76, 437.22, 442.37, 447.72, 453.18, 458.83, 465.07, 472.07, 479.79, 488.18, 496.83, 505.79, 515.08, 524.76, 534.98, 545.64, 556.91, 569.00, 582.00, 595.65, 610.02, 625.17, 641.17, 658.05, 675.83, 694.43, 713.66, 733.33, 753.43, 774.06, 795.27, 816.64, 837.58, 858.85, 880.13, 899.85, 918.87, 937.20, 954.06, 970.62, 987.02,1002.61,1017.84,1033.12,1048.38,1063.18,1078.10,1093.19,1108.43,1123.59,1139.15,1154.94,1171.12,1187.73,1204.69,1222.05,1240.24,1259.33,1279.57,1301.16,99999.00,99999.00,99999.00,99999.00,99999.00,99999.00,99999.00,99999.00,99999.00,99999.00,99999.00,99999.00,99999.00,99999.00,99999.00,99999.00,99999.00,99999.00,99999.00,99999.00,99999.00,99999.00,99999.00,99999.00,99999.00,99999.00,99999.00,99999.00,99999.00,99999.00,99999.00,99999.00,99999.00,99999.00,99999.00,99999.00,99999.00,99999.00,99999.00
99999.00,99999.00,99999.00,99999.00,99999.00,99999.00,99999.00,99999.00,99999.00,99999.00,99999.00,99999.00,99999.00,99999.00,99999.00, 495.72, 483.42, 472.87, 463.48, 455.24, 448.05, 441.66, 436.36, 432.01, 428.30, 425.11, 422.30, 419.88, 418.40, 418.88, 419.66, 420.67, 421.93, 423.33, 424.88, 426.56, 428.43, 430.39, 432.46, 434.76, 437.48, 440.91, 445.10, 450.01, 455.36, 460.78, 466.30, 472.14, 478.61, 485.84, 493.83, 502.46, 511.36, 520.57, 530.14, 540.10, 550.51, 561.52, 573.18, 585.67, 599.07, 613.15, 627.91, 643.37, 659.53, 676.37, 693.82, 711.75, 730.05, 748.74, 767.85, 787.40, 807.41, 827.88, 847.44, 866.96, 886.35, 904.96, 922.54, 939.82, 956.89, 973.07, 988.79,1004.48,1020.07,1035.11,1050.22,1065.34,1080.55,1095.61,1111.01,1126.58,1142.47,1158.71,1175.21,1191.97,1209.43,1227.59,1246.65,1266.85,1288.36,99999.00,99999.00,99999.00,99999.00,99999.00,99999.00,99999.00,99999.00,99999.00,99999.00,99999.00,99999.00,99999.00,99999.00,99999.00,99999.00,99999.00,99999.00,99999.00,99999.00,99999.00,99999.00,99999.00,99999.00,99999.00,99999.00,99999.00,99999.00,99999.00,99999.00,99999.00,99999.00,99999.00,99999.00,99999.00,99999.00,99999.00,99999.00,99999.00
99999.00,99999.00,99999.00,99999.00,99999.00,99999.00,99999.00,99999.00,99999.00,99999.00,99999.00,99999.00,99999.00,99999.00,99999.00, 504.74, 492.48, 481.74, 472.39, 464.30, 457.15, 450.90, 445.72, 441.31, 437.63, 434.41, 431.58, 429.06, 427.47, 427.88, 428.60, 429.58, 430.81, 432.20, 433.74, 435.43, 437.30, 439.27, 441.35, 443.69, 446.17, 449.37, 453.32, 457.93, 463.19, 468.60, 474.08, 479.76, 485.81, 492.50, 499.99, 508.26, 517.14, 526.29, 535.76, 545.60, 555.84, 566.54, 577.87, 589.99, 602.83, 616.57, 630.97, 645.96, 661.51, 677.59, 694.15, 711.12, 728.40, 746.00, 763.92, 782.18, 800.81, 819.78, 839.03, 857.88, 876.02, 894.03, 911.88, 928.83, 945.25, 961.56, 977.78, 993.25,1008.56,1023.91,1039.32,1054.41,1069.40,1084.68,1100.19,1115.96,1131.86,1147.88,1164.39,1181.38,1198.96,1217.28,1236.33,1256.44,1277.91,99999.00,99999.00,99999.00,99999.00,99999.00,99999.00,99999.00,99999.00,99999.00,99999.00,99999.00,99999.00,99999.00,99999.00,99999.00,99999.00,99999.00,99999.00,99999.00,99999.00,99999.00,99999.00,99999.00,99999.00,99999.00,99999.00,99999.00,99999.00,99999.00,99999.00,99999.00,99999.00,99999.00,99999.00,99999.00,99999.00,99999.00,99999.00,99999.00
99999.00,99999.00,99999.00,99999.00,99999.00,99999.00,99999.00,99999.00,99999.00,99999.00,99999.00,99999.00,99999.00,99999.00,99999.00, 513.80, 501.35, 490.64, 481.45, 473.46, 466.37, 460.17, 455.06, 450.70, 446.97, 443.70, 440.89, 438.30, 436.60, 436.91, 437.56, 438.51, 439.72, 441.11, 442.66, 444.36, 446.25, 448.24, 450.35, 452.73, 455.25, 458.17, 461.79, 466.14, 471.20, 476.65, 482.12, 487.73, 493.60, 499.87, 506.80, 514.56, 523.12, 532.25, 541.66, 551.39, 561.48, 571.99, 583.07, 594.77, 607.16, 620.39, 634.36, 648.95, 664.02, 679.54, 695.45, 711.69, 728.17, 744.88, 761.85, 779.11, 796.66, 814.46, 832.46, 850.59, 868.77, 886.19, 903.15, 920.01, 936.75, 952.68, 968.39, 984.06, 999.72,1014.97,1030.05,1045.23,1060.51,1075.97,1091.48,1107.00,1122.91,1139.13,1155.76,1172.90,1190.47,1208.68,1227.69,1247.85,1269.39,99999.00,99999.00,99999.00,99999.00,99999.00,99999.00,99999.00,99999.00,99999.00,99999.00,99999.00,99999.00,99999.00,99999.00,99999.00,99999.00,99999.00,99999.00,99999.00,99999.00,99999.00,99999.00,99999.00,99999.00,99999.00,99999.00,99999.00,99999.00,99999.00,99999.00,99999.00,99999.00,99999.00,99999.00,99999.00,99999.00,99999.00,99999.00,99999.00
99999.00,99999.00,99999.00,99999.00,99999.00,99999.00,99999.00,99999.00,99999.00,99999.00,99999.00,99999.00,99999.00,99999.00,99999.00, 522.67, 510.26, 499.71, 490.63, 482.73, 475.69, 469.62, 464.47, 460.15, 456.39, 453.11, 450.21, 447.62, 445.80, 446.02, 446.61, 447.50, 448.68, 450.07, 451.64, 453.37, 455.29, 457.32, 459.47, 461.89, 464.50, 467.22, 470.64, 474.79, 479.55, 484.92, 490.41, 496.00, 501.79, 507.88, 514.37, 521.55, 529.58, 538.43, 547.82, 557.48, 567.46, 577.79, 588.65, 600.07, 612.11, 624.80, 638.24, 652.46, 667.20, 682.31, 697.72, 713.37, 729.21, 745.22, 761.45, 777.91, 794.59, 811.45, 828.46, 845.57, 862.73, 879.89, 896.99, 913.30, 929.38, 945.39, 961.34, 976.83, 992.08,1007.36,1022.69,1038.08,1053.31,1068.49,1083.97,1099.68,1115.68,1132.04,1148.65,1165.67,1183.19,1201.45,1220.53,1240.63,1262.03,99999.00,99999.00,99999.00,99999.00,99999.00,99999.00,99999.00,99999.00,99999.00,99999.00,99999.00,99999.00,99999.00,99999.00,99999.00,99999.00,99999.00,99999.00,99999.00,99999.00,99999.00,99999.00,99999.00,99999.00,99999.00,99999.00,99999.00,99999.00,99999.00,99999.00,99999.00,99999.00,99999.00,99999.00,99999.00,99999.00,99999.00,99999.00,99999.00
99999.00,99999.00,99999.00,99999.00,99999.00,99999.00,99999.00,99999.00,99999.00,99999.00,99999.00,99999.00,99999.00,99999.00,99999.00, 531.58, 519.32, 508.89, 499.95, 492.10, 485.04, 479.06, 473.95, 469.60, 465.80, 462.55, 459.60, 457.01, 455.08, 455.22, 455.74, 456.60, 457.76, 459.14, 460.72, 462.47, 464.44, 466.53, 468.74, 471.22, 473.91, 476.73, 479.92, 483.77, 488.30, 493.48, 499.00, 504.55, 510.36, 516.34, 522.64, 529.36, 536.80, 545.09, 554.23, 563.90, 573.81, 584.01, 594.71, 605.93, 617.69, 630.04, 643.00, 656.53, 670.71, 685.51, 700.54, 715.74, 731.07, 746.54, 762.19, 778.00, 793.97, 810.07, 826.28, 842.57, 858.90, 875.24, 891.55, 907.82, 924.02, 939.73, 955.18, 970.61, 986.03,1001.47,1016.68,1031.79,1046.99,1062.33,1077.88,1093.70,1109.67,1125.90,1142.44,1159.50,1177.07,1195.27,1214.30,1234.23,1255.28,99999.00,99999.00,99999.00,99999.00,99999.00,99999.00,99999.00,99999.00,99999.00,99999.00,99999.00,99999.00,99999.00,99999.00,99999.00,99999.00,99999.00,99999.00,99999.00,99999.00,99999.00,99999.00,99999.00,99999.00,99999.00,99999.00,99999.00,99999.00,99999.00,99999.00,99999.00,99999.00,99999.00,99999.00,99999.00,99999.00,99999.00,99999.00,99999.00
99999.00,99999.00,99999.00,99999.00,99999.00,99999.00,99999.00,99999.00,99999.00,99999.00,99999.00,99999.00,99999.00,99999.00,99999.00, 540.64, 528.50, 518.20, 509.35, 501.49, 494.57, 488.54, 483.49, 479.12, 475.33, 471.99, 469.05, 466.47, 464.44, 464.50, 464.98, 465.80, 466.95, 468.35, 469.96, 471.75, 473.78, 475.94, 478.24, 480.81, 483.62, 486.58, 489.63, 493.34, 497.70, 502.60, 508.03, 513.59, 519.33, 525.32, 531.50, 538.01, 544.97, 552.65, 561.22, 570.65, 580.63, 590.86, 601.43, 612.44, 623.96, 636.01, 648.59, 661.65, 675.19, 689.19, 703.71, 718.57, 733.51, 748.56, 763.73, 779.02, 794.41, 809.89, 825.45, 841.06, 856.71, 872.37, 888.03, 903.66, 919.26, 934.83, 950.36, 965.87, 981.12, 996.20,1011.34,1026.55,1041.85,1057.26,1072.74,1088.41,1104.30,1120.55,1137.14,1154.12,1171.64,1189.77,1208.58,1228.26,1249.04,99999.00,99999.00,99999.00,99999.00,99999.00,99999.00,99999.00,99999.00,99999.00,99999.00,99999.00,99999.00,99999.00,99999.00,99999.00,99999.00,99999.00,99999.00,99999.00,99999.00,99999.00,99999.00,99999.00,99999.00,99999.00,99999.00,99999.00,99999.00,99999.00,99999.00,99999.00,99999.00,99999.00,99999.00,99999.00,99999.00,99999.00,99999.00,99999.00
99999.00,99999.00,99999.00,99999.00,99999.00,99999.00,99999.00,99999.00,99999.00,99999.00,99999.00,99999.00,99999.00,99999.00,99999.00, 549.82, 537.82, 527.64, 518.79, 511.07, 504.09, 498.11, 493.03, 488.62, 484.87, 481.50, 478.57, 475.99, 473.87, 473.86, 474.30, 475.10, 476.26, 477.69, 479.34, 481.21, 483.32, 485.58, 488.00, 490.69, 493.64, 496.77, 500.01, 503.56, 507.69, 512.38, 517.61, 523.19, 528.84, 534.86, 541.03, 547.41, 554.14, 561.33, 569.26, 578.09, 587.80, 598.07, 608.68, 619.71, 631.08, 642.84, 655.09, 667.72, 680.74, 694.09, 707.81, 721.88, 736.51, 751.24, 766.03, 780.88, 795.79, 810.76, 825.78, 840.83, 855.91, 871.01, 886.11, 901.21, 916.30, 931.39, 946.47, 961.56, 976.67, 991.80,1006.98,1022.22,1037.47,1052.69,1068.06,1083.73,1099.63,1115.80,1132.32,1149.25,1166.64,1184.58,1203.20,1222.69,1243.30,99999.00,99999.00,99999.00,99999.00,99999.00,99999.00,99999.00,99999.00,99999.00,99999.00,99999.00,99999.00,99999.00,99999.00,99999.00,99999.00,99999.00,99999.00,99999.00,99999.00,99999.00,99999.00,99999.00,99999.00,99999.00,99999.00,99999.00,99999.00,99999.00,99999.00,99999.00,99999.00,99999.00,99999.00,99999.00,99999.00,99999.00,99999.00,99999.00
99999.00,99999.00,99999.00,99999.00,99999.00,99999.00,99999.00,99999.00,99999.00,99999.00,99999.00,99999.00,99999.00,99999.00,99999.00, 559.14, 547.25, 537.11, 528.40, 520.62, 513.64, 507.72, 502.63, 498.24, 494.41, 491.06, 488.15, 485.57, 483.37, 483.30, 483.71, 484.51, 485.68, 487.15, 488.87, 490.83, 493.06, 495.46, 498.03, 500.89, 504.02, 507.36, 510.86, 514.39, 518.45, 523.02, 527.97, 533.44, 539.06, 545.00, 551.25, 557.62, 564.20, 571.13, 578.55, 586.72, 595.80, 605.76, 616.38, 627.41, 638.88, 650.68, 662.71, 674.93, 687.45, 700.19, 713.19, 726.49, 740.20, 754.26, 768.74, 783.24, 797.75, 812.29, 826.85, 841.43, 856.03, 870.65, 885.28, 899.93, 914.59, 929.26, 943.96, 958.70, 973.47, 988.31,1003.22,1018.22,1033.32,1048.54,1063.91,1079.47,1095.28,1111.39,1127.81,1144.61,1161.87,1179.69,1198.19,1217.57,1238.07,99999.00,99999.00,99999.00,99999.00,99999.00,99999.00,99999.00,99999.00,99999.00,99999.00,99999.00,99999.00,99999.00,99999.00,99999.00,99999.00,99999.00,99999.00,99999.00,99999.00,99999.00,99999.00,99999.00,99999.00,99999.00,99999.00,99999.00,99999.00,99999.00,99999.00,99999.00,99999.00,99999.00,99999.00,99999.00,99999.00,99999.00,99999.00,99999.00
99999.00,99999.00,99999.00,99999.00,99999.00,99999.00,99999.00,99999.00,99999.00,99999.00,99999.00,99999.00,99999.00,99999.00,99999.00, 568.57, 556.72, 546.75, 537.98, 530.20, 523.26, 517.32, 512.20, 507.86, 504.00, 500.68, 497.78, 495.21, 492.92, 492.81, 493.20, 494.00, 495.21, 496.74, 498.55, 500.63, 503.00, 505.57, 508.34, 511.43, 514.81, 518.37, 522.22, 526.05, 530.14, 534.53, 539.28, 544.54, 550.16, 555.92, 562.19, 568.62, 575.25, 582.02, 589.16, 596.79, 605.18, 614.49, 624.77, 635.77, 647.20, 659.06, 671.22, 683.46, 695.59, 707.69, 719.96, 732.51, 745.32, 758.45, 772.04, 786.01, 800.19, 814.36, 828.53, 842.71, 856.90, 871.11, 885.33, 899.59, 913.87, 928.19, 942.57, 957.00, 971.50, 986.10,1000.79,1015.60,1030.55,1045.64,1060.89,1076.34,1092.07,1108.09,1124.43,1141.17,1158.37,1176.13,1194.58,1213.91,1234.36,99999.00,99999.00,99999.00,99999.00,99999.00,99999.00,99999.00,99999.00,99999.00,99999.00,99999.00,99999.00,99999.00,99999.00,99999.00,99999.00,99999.00,99999.00,99999.00,99999.00,99999.00,99999.00,99999.00,99999.00,99999.00,99999.00,99999.00,99999.00,99999.00,99999.00,99999.00,99999.00,99999.00,99999.00,99999.00,99999.00,99999.00,99999.00,99999.00
99999.00,99999.00,99999.00,99999.00,99999.00,99999.00,99999.00,99999.00,99999.00,99999.00,99999.00,99999.00,99999.00,99999.00,99999.00, 578.04, 566.36, 556.36, 547.60, 539.86, 532.93, 526.98, 521.88, 517.47, 513.64, 510.34, 507.46, 504.89, 502.54, 502.39, 502.76, 503.58, 504.84, 506.45, 508.37, 510.58, 513.13, 515.92, 518.95, 522.33, 525.98, 529.90, 534.16, 538.43, 542.79, 547.25, 551.88, 556.85, 562.35, 568.02, 574.14, 580.64, 587.26, 594.11, 601.12, 608.45, 616.28, 624.88, 634.47, 645.11, 656.48, 668.27, 680.44, 692.69, 704.80, 716.65, 728.38, 740.07, 751.95, 764.17, 776.72, 789.65, 803.10, 816.96, 830.79, 844.61, 858.44, 872.29, 886.16, 900.07, 914.03, 928.05, 942.14, 956.32, 970.60, 984.99, 999.52,1014.19,1029.03,1044.04,1059.24,1074.65,1090.35,1106.36,1122.70,1139.43,1156.64,1174.41,1192.88,1212.23,1232.70,99999.00,99999.00,99999.00,99999.00,99999.00,99999.00,99999.00,99999.00,99999.00,99999.00,99999.00,99999.00,99999.00,99999.00,99999.00,99999.00,99999.00,99999.00,99999.00,99999.00,99999.00,99999.00,99999.00,99999.00,99999.00,99999.00,99999.00,99999.00,99999.00,99999.00,99999.00,99999.00,99999.00,99999.00,99999.00,99999.00,99999.00,99999.00,99999.00
99999.00,99999.00,99999.00,99999.00,99999.00,99999.00,99999.00,99999.00,99999.00,99999.00,99999.00,99999.00,99999.00,99999.00,99999.00, 587.68, 575.99, 565.99, 557.28, 549.55, 542.58, 536.61, 531.56, 527.12, 523.32, 520.05, 517.18, 514.62, 512.20, 512.01, 512.38, 513.23, 514.55, 516.25, 518.30, 520.69, 523.44, 526.49, 529.83, 533.50, 537.54, 541.99, 546.74, 551.70, 556.54, 561.30, 565.96, 570.77, 576.05, 581.71, 587.55, 594.03, 600.70, 607.57, 614.60, 621.90, 629.40, 637.41, 646.27, 656.20, 667.17, 678.87, 690.93, 703.00, 714.84, 726.39, 737.71, 748.98, 760.27, 771.49, 782.97, 794.88, 807.21, 819.99, 833.35, 846.86, 860.37, 873.90, 887.46, 901.07, 914.75, 928.50, 942.34, 956.30, 970.39, 984.63, 999.03,1013.62,1028.40,1043.39,1058.60,1074.04,1089.78,1105.85,1122.26,1139.07,1156.35,1174.20,1192.76,1212.19,1232.76,99999.00,99999.00,99999.00,99999.00,99999.00,99999.00,99999.00,99999.00,99999.00,99999.00,99999.00,99999.00,99999.00,99999.00,99999.00,99999.00,99999.00,99999.00,99999.00,99999.00,99999.00,99999.00,99999.00,99999.00,99999.00,99999.00,99999.00,99999.00,99999.00,99999.00,99999.00,99999.00,99999.00,99999.00,99999.00,99999.00,99999.00,99999.00,99999.00
99999.00,99999.00,99999.00,99999.00,99999.00,99999.00,99999.00,99999.00,99999.00,99999.00,99999.00,99999.00,99999.00,99999.00,99999.00, 597.31, 585.64, 575.69, 566.98, 559.22, 552.27, 546.32, 541.21, 536.81, 533.04, 529.79, 526.93, 524.37, 521.90, 521.69, 522.06, 522.95, 524.34, 526.15, 528.34, 530.92, 533.92, 537.22, 540.84, 544.86, 549.44, 554.53, 560.11, 566.05,99999.00,99999.00,99999.00,99999.00,99999.00,99999.00,99999.00,99999.00,99999.00,99999.00,99999.00,99999.00,99999.00,99999.00,99999.00,99999.00,99999.00,99999.00,99999.00,99999.00, 726.29, 737.13, 747.85, 758.47, 769.17, 780.01, 790.89, 801.75, 812.93, 824.63, 836.84, 849.56, 862.78, 876.02, 889.30, 902.64, 916.06, 929.57, 943.21, 956.98, 970.92, 985.03, 999.35,1013.89,1028.66,1043.69,1058.97,1074.52,1090.38,1106.59,1123.14,1140.10,1157.53,1175.55,1194.27,1213.87,1234.62,99999.00,99999.00,99999.00,99999.00,99999.00,99999.00,99999.00,99999.00,99999.00,99999.00,99999.00,99999.00,99999.00,99999.00,99999.00,99999.00,99999.00,99999.00,99999.00,99999.00,99999.00,99999.00,99999.00,99999.00,99999.00,99999.00,99999.00,99999.00,99999.00,99999.00,99999.00,99999.00,99999.00,99999.00,99999.00,99999.00,99999.00,99999.00,99999.00
99999.00,99999.00,99999.00,99999.00,99999.00,99999.00,99999.00,99999.00,99999.00,99999.00,99999.00,99999.00,99999.00,99999.00,99999.00, 606.96, 595.35, 585.41, 576.67, 568.91, 561.92, 556.03, 550.90, 546.53, 542.79, 539.55, 536.71, 534.09, 531.64, 531.40, 531.78, 532.71, 534.18, 536.11, 538.47, 541.26, 544.40, 547.91, 551.90, 556.41, 561.55, 567.43, 574.20,99999.00,99999.00,99999.00,99999.00,99999.00,99999.00,99999.00,99999.00,99999.00,99999.00,99999.00,99999.00,99999.00,99999.00,99999.00,99999.00,99999.00,99999.00,99999.00,99999.00,99999.00,99999.00, 749.43, 759.01, 768.76, 778.64, 788.77, 799.18, 809.74, 820.34, 830.95, 841.97, 853.60, 865.80, 878.57, 891.59, 904.68, 917.86, 931.17, 944.61, 958.23, 972.04, 986.06,1000.33,1014.86,1029.68,1044.80,1060.22,1075.95,1092.03,1108.46,1125.25,1142.46,1160.14,1178.41,1197.39,1217.26,1238.27,99999.00,99999.00,99999.00,99999.00,99999.00,99999.00,99999.00,99999.00,99999.00,99999.00,99999.00,99999.00,99999.00,99999.00,99999.00,99999.00,99999.00,99999.00,99999.00,99999.00,99999.00,99999.00,99999.00,99999.00,99999.00,99999.00,99999.00,99999.00,99999.00,99999.00,99999.00,99999.00,99999.00,99999.00,99999.00,99999.00,99999.00,99999.00,99999.00
99999.00,99999.00,99999.00,99999.00,99999.00,99999.00,99999.00,99999.00,99999.00,99999.00,99999.00,99999.00,99999.00,99999.00,99999.00, 616.67, 605.07, 595.10, 586.37, 578.59, 571.66, 565.70, 560.61, 556.28, 552.56, 549.34, 546.50, 543.83, 541.39, 541.13, 541.53, 542.51, 544.07, 546.12, 548.65, 551.62, 554.84, 558.66, 562.99, 567.92, 573.64, 580.47,99999.00,99999.00,99999.00,99999.00,99999.00,99999.00,99999.00,99999.00,99999.00,99999.00,99999.00,99999.00,99999.00,99999.00,99999.00,99999.00,99999.00,99999.00,99999.00,99999.00,99999.00,99999.00,99999.00,99999.00, 771.62, 779.97, 788.82, 798.03, 807.68, 817.73, 828.03, 838.39, 848.81, 859.34, 870.35, 882.04, 894.36, 907.22, 920.19, 933.30, 946.58, 960.05, 973.75, 987.71,1001.96,1016.52,1031.43,1046.71,1062.35,1078.35,1094.75,1111.53,1128.68,1146.24,1164.29,1182.92,1202.27,1222.52,1243.96,99999.00,99999.00,99999.00,99999.00,99999.00,99999.00,99999.00,99999.00,99999.00,99999.00,99999.00,99999.00,99999.00,99999.00,99999.00,99999.00,99999.00,99999.00,99999.00,99999.00,99999.00,99999.00,99999.00,99999.00,99999.00,99999.00,99999.00,99999.00,99999.00,99999.00,99999.00,99999.00,99999.00,99999.00,99999.00,99999.00,99999.00,99999.00,99999.00
99999.00,99999.00,99999.00,99999.00,99999.00,99999.00,99999.00,99999.00,99999.00,99999.00,99999.00,99999.00,99999.00,99999.00,99999.00, 626.39, 614.77, 604.81, 596.05, 588.28, 581.37, 575.40, 570.34, 566.03, 562.34, 559.14, 556.24, 553.59, 551.16, 550.88, 551.29, 552.33, 553.97, 556.16, 558.87, 561.83, 565.29, 569.28, 573.88, 579.26, 585.60, 593.23,99999.00,99999.00,99999.00,99999.00,99999.00,99999.00,99999.00,99999.00,99999.00,99999.00,99999.00,99999.00,99999.00,99999.00,99999.00,99999.00,99999.00,99999.00,99999.00,99999.00,99999.00,99999.00,99999.00,99999.00, 784.58, 791.95, 799.82, 807.94, 816.63, 825.89, 835.67, 845.79, 855.93, 866.20, 876.62, 887.23, 898.39, 910.30, 922.91, 935.83, 948.95, 962.30, 975.91, 989.82,1004.07,1018.70,1033.75,1049.24,1065.19,1081.58,1098.43,1115.71,1133.36,1151.43,1169.99,1189.07,1208.72,1229.46,1251.48,99999.00,99999.00,99999.00,99999.00,99999.00,99999.00,99999.00,99999.00,99999.00,99999.00,99999.00,99999.00,99999.00,99999.00,99999.00,99999.00,99999.00,99999.00,99999.00,99999.00,99999.00,99999.00,99999.00,99999.00,99999.00,99999.00,99999.00,99999.00,99999.00,99999.00,99999.00,99999.00,99999.00,99999.00,99999.00,99999.00,99999.00,99999.00,99999.00
99999.00,99999.00,99999.00,99999.00,99999.00,99999.00,99999.00,99999.00,99999.00,99999.00,99999.00,99999.00,99999.00,99999.00,99999.00, 636.09, 624.48, 614.49, 605.75, 598.02, 591.05, 585.11, 580.09, 575.80, 572.13, 568.92, 565.98, 563.35, 560.92, 560.63, 561.06, 562.14, 563.88, 566.20, 568.97, 572.03, 575.67, 579.74, 584.65, 590.39, 597.17, 605.41,99999.00,99999.00,99999.00,99999.00,99999.00,99999.00,99999.00,99999.00,99999.00,99999.00,99999.00,99999.00,99999.00,99999.00,99999.00,99999.00,99999.00,99999.00,99999.00,99999.00,99999.00,99999.00,99999.00,99999.00, 800.09, 804.04, 810.80, 818.50, 826.18, 834.48, 843.47, 853.06, 862.99, 873.04, 883.19, 893.56, 904.15, 915.01, 926.50, 938.81, 951.77, 965.00, 978.52, 992.40,1006.67,1021.40,1036.63,1052.40,1068.75,1085.67,1103.15,1121.13,1139.49,1157.71,1176.48,1195.87,1216.13,1237.35,1259.71,99999.00,99999.00,99999.00,99999.00,99999.00,99999.00,99999.00,99999.00,99999.00,99999.00,99999.00,99999.00,99999.00,99999.00,99999.00,99999.00,99999.00,99999.00,99999.00,99999.00,99999.00,99999.00,99999.00,99999.00,99999.00,99999.00,99999.00,99999.00,99999.00,99999.00,99999.00,99999.00,99999.00,99999.00,99999.00,99999.00,99999.00,99999.00,99999.00
99999.00,99999.00,99999.00,99999.00,99999.00,99999.00,99999.00,99999.00,99999.00,99999.00,99999.00,99999.00,99999.00,99999.00,99999.00, 645.81, 634.17, 624.19, 615.49, 607.72, 600.74, 594.85, 589.85, 585.59, 581.93, 578.66, 575.74, 573.11, 570.69, 570.38, 570.82, 571.96, 573.79, 576.24, 579.01, 582.24, 585.88, 590.19, 595.27, 601.27, 608.51, 617.26,99999.00,99999.00,99999.00,99999.00,99999.00,99999.00,99999.00,99999.00,99999.00,99999.00,99999.00,99999.00,99999.00,99999.00,99999.00,99999.00,99999.00,99999.00,99999.00,99999.00,99999.00,99999.00,99999.00,99999.00, 815.36, 816.46, 822.24, 828.94, 836.22, 843.68, 851.70, 860.51, 870.00, 879.77, 889.73, 899.89, 910.24, 920.88, 931.83, 943.13, 955.16, 968.12, 981.56, 995.41,1009.71,1024.55,1039.99,1056.11,1072.98,1090.60,1108.96,1127.94,1146.50,1165.43,1184.91,1204.54,1225.06,1246.60,1269.56,99999.00,99999.00,99999.00,99999.00,99999.00,99999.00,99999.00,99999.00,99999.00,99999.00,99999.00,99999.00,99999.00,99999.00,99999.00,99999.00,99999.00,99999.00,99999.00,99999.00,99999.00,99999.00,99999.00,99999.00,99999.00,99999.00,99999.00,99999.00,99999.00,99999.00,99999.00,99999.00,99999.00,99999.00,99999.00,99999.00,99999.00,99999.00,99999.00
99999.00,99999.00,99999.00,99999.00,99999.00,99999.00,99999.00,99999.00,99999.00,99999.00,99999.00,99999.00,99999.00,99999.00,99999.00, 655.49, 643.86, 633.95, 625.22, 617.47, 610.55, 604.69, 599.71, 595.47, 591.80, 588.50, 585.59, 582.97, 580.50, 580.17, 580.63, 581.82, 583.73, 586.30, 589.08, 592.34, 596.07, 600.57, 605.73, 612.04, 619.63, 628.60,99999.00,99999.00,99999.00,99999.00,99999.00,99999.00,99999.00,99999.00,99999.00,99999.00,99999.00,99999.00,99999.00,99999.00,99999.00,99999.00,99999.00,99999.00,99999.00,99999.00,99999.00,99999.00,99999.00,99999.00, 830.40, 830.49, 833.80, 839.40, 846.24, 853.31, 860.56, 868.41, 877.11, 886.56, 896.22, 906.13, 916.30, 926.76, 937.50, 948.63, 960.17, 972.18, 985.04, 998.85,1013.18,1028.12,1043.79,1060.30,1077.79,1096.34,99999.00,99999.00,99999.00,99999.00,99999.00,99999.00,99999.00,99999.00,99999.00,99999.00,99999.00,99999.00,99999.00,99999.00,99999.00,99999.00,99999.00,99999.00,99999.00,99999.00,99999.00,99999.00,99999.00,99999.00,99999.00,99999.00,99999.00,99999.00,99999.00,99999.00,99999.00,99999.00,99999.00,99999.00,99999.00,99999.00,99999.00,99999.00,99999.00,99999.00,99999.00,99999.00,99999.00,99999.00,99999.00,99999.00,99999.00,99999.00
99999.00,99999.00,99999.00,99999.00,99999.00,99999.00,99999.00,99999.00,99999.00,99999.00,99999.00,99999.00,99999.00,99999.00,99999.00, 665.27, 653.73, 643.80, 635.09, 627.38, 620.47, 614.64, 609.69, 605.46, 601.74, 598.45, 595.55, 592.92, 590.39, 590.05, 590.52, 591.76, 593.75, 596.45, 599.31, 602.57, 606.43, 610.88, 616.23, 622.67, 630.52, 639.73,99999.00,99999.00,99999.00,99999.00,99999.00,99999.00,99999.00,99999.00,99999.00,99999.00,99999.00,99999.00,99999.00,99999.00,99999.00,99999.00,99999.00,99999.00,99999.00,99999.00,99999.00,99999.00,99999.00,99999.00, 845.23, 844.30, 845.73, 850.33, 856.18, 862.85, 869.87, 876.95, 884.69, 893.36, 902.84, 912.44, 922.34, 932.56, 943.15, 954.13, 965.50, 977.38, 989.83,1002.92,1017.08,1032.10,1047.97,1064.88,1083.05,99999.00,99999.00,99999.00,99999.00,99999.00,99999.00,99999.00,99999.00,99999.00,99999.00,99999.00,99999.00,99999.00,99999.00,99999.00,99999.00,99999.00,99999.00,99999.00,99999.00,99999.00,99999.00,99999.00,99999.00,99999.00,99999.00,99999.00,99999.00,99999.00,99999.00,99999.00,99999.00,99999.00,99999.00,99999.00,99999.00,99999.00,99999.00,99999.00,99999.00,99999.00,99999.00,99999.00,99999.00,99999.00,99999.00,99999.00,99999.00,99999.00
99999.00,99999.00,99999.00,99999.00,99999.00,99999.00,99999.00,99999.00,99999.00,99999.00,99999.00,99999.00,99999.00,99999.00,99999.00, 675.27, 663.71, 653.79, 645.13, 637.38, 630.52, 624.71, 619.78, 615.55, 611.79, 608.51, 605.62, 602.95, 600.38, 600.02, 600.51, 601.80, 603.87, 606.62, 609.57, 612.83, 616.73, 621.26, 626.79, 633.30, 641.23, 650.64,99999.00,99999.00,99999.00,99999.00,99999.00,99999.00,99999.00,99999.00,99999.00,99999.00,99999.00,99999.00,99999.00,99999.00,99999.00,99999.00,99999.00,99999.00,99999.00,99999.00,99999.00,99999.00,99999.00,99999.00, 859.86, 857.90, 858.61, 861.42, 866.16, 872.39, 879.02, 885.95, 892.93, 900.64, 909.34, 918.78, 928.50, 938.44, 948.77, 959.53, 970.78, 982.55, 994.88,1007.91,1021.76,1036.56,1052.55,1069.76,99999.00,99999.00,99999.00,99999.00,99999.00,99999.00,99999.00,99999.00,99999.00,99999.00,99999.00,99999.00,99999.00,99999.00,99999.00,99999.00,99999.00,99999.00,99999.00,99999.00,99999.00,99999.00,99999.00,99999.00,99999.00,99999.00,99999.00,99999.00,99999.00,99999.00,99999.00,99999.00,99999.00,99999.00,99999.00,99999.00,99999.00,99999.00,99999.00,99999.00,99999.00,99999.00,99999.00,99999.00,99999.00,99999.00,99999.00,99999.00,99999.00,99999.00
99999.00,99999.00,99999.00,99999.00,99999.00,99999.00,99999.00,99999.00,99999.00,99999.00,99999.00,99999.00,99999.00,99999.00,99999.00, 685.38, 673.84, 663.97, 655.27, 647.53, 640.69, 634.91, 629.99, 625.70, 621.96, 618.69, 615.79, 613.06, 610.47, 610.08, 610.59, 611.93, 614.09, 616.87, 619.93, 623.27, 627.16, 631.82, 637.29, 643.98, 651.98, 661.46,99999.00,99999.00,99999.00,99999.00,99999.00,99999.00,99999.00,99999.00,99999.00,99999.00,99999.00,99999.00,99999.00,99999.00,99999.00,99999.00,99999.00,99999.00,99999.00,99999.00,99999.00,99999.00,99999.00,99999.00, 874.28, 871.30, 871.28, 872.89, 876.63, 881.86, 888.09, 894.80, 901.63, 908.58, 916.33, 925.13, 934.55, 944.33, 954.49, 964.99, 975.99, 987.58, 999.81,1012.77,1026.55,1041.39,1057.37,1074.69,99999.00,99999.00,99999.00,99999.00,99999.00,99999.00,99999.00,99999.00,99999.00,99999.00,99999.00,99999.00,99999.00,99999.00,99999.00,99999.00,99999.00,99999.00,99999.00,99999.00,99999.00,99999.00,99999.00,99999.00,99999.00,99999.00,99999.00,99999.00,99999.00,99999.00,99999.00,99999.00,99999.00,99999.00,99999.00,99999.00,99999.00,99999.00,99999.00,99999.00,99999.00,99999.00,99999.00,99999.00,99999.00,99999.00,99999.00,99999.00,99999.00,99999.00
99999.00,99999.00,99999.00,99999.00,99999.00,99999.00,99999.00,99999.00,99999.00,99999.00,99999.00,99999.00,99999.00,99999.00,99999.00, 695.64, 684.15, 674.25, 665.55, 657.80, 650.99, 645.23, 640.31, 635.98, 632.25, 628.99, 626.05, 623.28, 620.66, 620.26, 620.78, 622.16, 624.40, 627.21, 630.33, 633.75, 637.64, 642.33, 647.88, 654.74, 662.78, 672.32,99999.00,99999.00,99999.00,99999.00,99999.00,99999.00,99999.00,99999.00,99999.00,99999.00,99999.00,99999.00,99999.00,99999.00,99999.00,99999.00,99999.00,99999.00,99999.00,99999.00,99999.00,99999.00,99999.00,99999.00, 888.52, 884.51, 883.76, 884.84, 887.27, 891.39, 897.17, 903.52, 910.19, 916.99, 923.97, 931.82, 940.78, 950.22, 960.09, 970.43, 981.28, 992.60,1004.60,1017.39,1031.09,1045.87,1061.70,1078.87,99999.00,99999.00,99999.00,99999.00,99999.00,99999.00,99999.00,99999.00,99999.00,99999.00,99999.00,99999.00,99999.00,99999.00,99999.00,99999.00,99999.00,99999.00,99999.00,99999.00,99999.00,99999.00,99999.00,99999.00,99999.00,99999.00,99999.00,99999.00,99999.00,99999.00,99999.00,99999.00,99999.00,99999.00,99999.00,99999.00,99999.00,99999.00,99999.00,99999.00,99999.00,99999.00,99999.00,99999.00,99999.00,99999.00,99999.00,99999.00,99999.00,99999.00
99999.00,99999.00,99999.00,99999.00,99999.00,99999.00,99999.00,99999.00,99999.00,99999.00,99999.00,99999.00,99999.00,99999.00,99999.00, 706.09, 694.58, 684.68, 675.98, 668.22, 661.43, 655.68, 650.71, 646.40, 642.67, 639.40, 636.41, 633.62, 630.96, 630.54, 631.08, 632.51, 634.83, 637.66, 640.80, 644.34, 648.30, 652.97, 658.66, 665.45, 673.67, 683.25,99999.00,99999.00,99999.00,99999.00,99999.00,99999.00,99999.00,99999.00,99999.00,99999.00,99999.00,99999.00,99999.00,99999.00,99999.00,99999.00,99999.00,99999.00,99999.00,99999.00,99999.00,99999.00,99999.00,99999.00, 902.57, 897.53, 896.05, 896.60, 898.31, 901.43, 906.21, 912.15, 918.63, 925.28, 932.11, 939.19, 947.20, 956.38, 965.89, 975.90, 986.46, 997.63,1009.48,1022.01,1035.48,1050.09,1065.76,1082.82,99999.00,99999.00,99999.00,99999.00,99999.00,99999.00,99999.00,99999.00,99999.00,99999.00,99999.00,99999.00,99999.00,99999.00,99999.00,99999.00,99999.00,99999.00,99999.00,99999.00,99999.00,99999.00,99999.00,99999.00,99999.00,99999.00,99999.00,99999.00,99999.00,99999.00,99999.00,99999.00,99999.00,99999.00,99999.00,99999.00,99999.00,99999.00,99999.00,99999.00,99999.00,99999.00,99999.00,99999.00,99999.00,99999.00,99999.00,99999.00,99999.00,99999.00
99999.00,99999.00,99999.00,99999.00,99999.00,99999.00,99999.00,99999.00,99999.00,99999.00,99999.00,99999.00,99999.00,99999.00,99999.00, 716.67, 705.17, 695.27, 686.55, 678.77, 672.01, 666.26, 661.25, 656.94, 653.23, 649.92, 646.89, 644.07, 641.37, 640.94, 641.49, 642.97, 645.37, 648.24, 651.40, 654.99, 659.02, 663.68, 669.38, 676.26, 684.51, 694.27,99999.00,99999.00,99999.00,99999.00,99999.00,99999.00,99999.00,99999.00,99999.00,99999.00,99999.00,99999.00,99999.00,99999.00,99999.00,99999.00,99999.00,99999.00,99999.00,99999.00,99999.00,99999.00,99999.00,99999.00, 915.55, 910.38, 908.16, 908.18, 909.50, 911.66, 915.33, 920.82, 927.00, 933.45, 940.14, 947.07, 954.31, 962.54, 971.91, 981.65, 991.86,1002.70,1014.26,1026.66,1040.05,1054.46,1070.04,1087.01,99999.00,99999.00,99999.00,99999.00,99999.00,99999.00,99999.00,99999.00,99999.00,99999.00,99999.00,99999.00,99999.00,99999.00,99999.00,99999.00,99999.00,99999.00,99999.00,99999.00,99999.00,99999.00,99999.00,99999.00,99999.00,99999.00,99999.00,99999.00,99999.00,99999.00,99999.00,99999.00,99999.00,99999.00,99999.00,99999.00,99999.00,99999.00,99999.00,99999.00,99999.00,99999.00,99999.00,99999.00,99999.00,99999.00,99999.00,99999.00,99999.00,99999.00
99999.00,99999.00,99999.00,99999.00,99999.00,99999.00,99999.00,99999.00,99999.00,99999.00,99999.00,99999.00,99999.00,99999.00,99999.00, 727.42, 715.91, 706.01, 697.28, 689.49, 682.74, 676.94, 671.94, 667.65, 663.92, 660.56, 657.50, 654.64, 651.91, 651.46, 652.03, 653.55, 656.03, 658.93, 662.12, 665.72, 669.86, 674.59, 680.27, 687.26, 695.46, 705.24,99999.00,99999.00,99999.00,99999.00,99999.00,99999.00,99999.00,99999.00,99999.00,99999.00,99999.00,99999.00,99999.00,99999.00,99999.00,99999.00,99999.00,99999.00,99999.00,99999.00,99999.00,99999.00,99999.00,99999.00, 928.38, 923.12, 920.14, 919.60, 920.52, 922.31, 924.98, 929.47, 935.24, 941.58, 948.07, 954.85, 961.94, 969.41, 977.92, 987.43, 997.53,1008.16,1019.42,1031.53,1044.63,1058.92,1074.41,1091.29,99999.00,99999.00,99999.00,99999.00,99999.00,99999.00,99999.00,99999.00,99999.00,99999.00,99999.00,99999.00,99999.00,99999.00,99999.00,99999.00,99999.00,99999.00,99999.00,99999.00,99999.00,99999.00,99999.00,99999.00,99999.00,99999.00,99999.00,99999.00,99999.00,99999.00,99999.00,99999.00,99999.00,99999.00,99999.00,99999.00,99999.00,99999.00,99999.00,99999.00,99999.00,99999.00,99999.00,99999.00,99999.00,99999.00,99999.00,99999.00,99999.00,99999.00
99999.00,99999.00,99999.00,99999.00,99999.00,99999.00,99999.00,99999.00,99999.00,99999.00,99999.00,99999.00,99999.00,99999.00,99999.00, 738.33, 726.83, 716.92, 708.18, 700.36, 693.62, 687.77, 682.78, 678.50, 674.74, 671.34, 668.24, 665.36, 662.59, 662.11, 662.70, 664.27, 666.83, 669.76, 672.97, 676.59, 680.77, 685.57, 691.23, 698.23, 706.60, 716.32,99999.00,99999.00,99999.00,99999.00,99999.00,99999.00,99999.00,99999.00,99999.00,99999.00,99999.00,99999.00,99999.00,99999.00,99999.00,99999.00,99999.00,99999.00,99999.00,99999.00,99999.00,99999.00,99999.00,99999.00, 941.14, 935.81, 932.08, 930.99, 931.50, 932.99, 935.06, 938.42, 943.73, 949.70, 956.07, 962.66, 969.61, 976.94, 984.71, 993.61,1003.45,1013.85,1025.00,1036.89,1049.70,1063.70,1079.15,1095.98,99999.00,99999.00,99999.00,99999.00,99999.00,99999.00,99999.00,99999.00,99999.00,99999.00,99999.00,99999.00,99999.00,99999.00,99999.00,99999.00,99999.00,99999.00,99999.00,99999.00,99999.00,99999.00,99999.00,99999.00,99999.00,99999.00,99999.00,99999.00,99999.00,99999.00,99999.00,99999.00,99999.00,99999.00,99999.00,99999.00,99999.00,99999.00,99999.00,99999.00,99999.00,99999.00,99999.00,99999.00,99999.00,99999.00,99999.00,99999.00,99999.00,99999.00
99999.00,99999.00,99999.00,99999.00,99999.00,99999.00,99999.00,99999.00,99999.00,99999.00,99999.00,99999.00,99999.00,99999.00,99999.00, 749.43, 737.92, 728.00, 719.24, 711.40, 704.61, 698.78, 693.80, 689.51, 685.69, 682.27, 679.14, 676.21, 673.40, 672.91, 673.51, 675.13, 677.76, 680.73, 683.97, 687.60, 691.79, 696.69, 702.40, 709.36, 717.73, 727.62,99999.00,99999.00,99999.00,99999.00,99999.00,99999.00,99999.00,99999.00,99999.00,99999.00,99999.00,99999.00,99999.00,99999.00,99999.00,99999.00,99999.00,99999.00,99999.00,99999.00,99999.00,99999.00,99999.00,99999.00, 953.88, 948.51, 944.02, 942.37, 942.48, 943.67, 945.53, 948.07, 952.38, 958.10, 964.19, 970.66, 977.43, 984.61, 992.24,1000.40,1009.76,1020.02,1030.92,1042.58,1055.28,1069.06,1084.24,1101.08,99999.00,99999.00,99999.00,99999.00,99999.00,99999.00,99999.00,99999.00,99999.00,99999.00,99999.00,99999.00,99999.00,99999.00,99999.00,99999.00,99999.00,99999.00,99999.00,99999.00,99999.00,99999.00,99999.00,99999.00,99999.00,99999.00,99999.00,99999.00,99999.00,99999.00,99999.00,99999.00,99999.00,99999.00,99999.00,99999.00,99999.00,99999.00,99999.00,99999.00,99999.00,99999.00,99999.00,99999.00,99999.00,99999.00,99999.00,99999.00,99999.00,99999.00
99999.00,99999.00,99999.00,99999.00,99999.00,99999.00,99999.00,99999.00,99999.00,99999.00,99999.00,99999.00,99999.00,99999.00,99999.00, 760.77, 749.27, 739.33, 730.56, 722.71, 715.88, 710.07, 705.10, 700.77, 696.91, 693.45, 690.29, 687.28, 684.41, 683.90, 684.52, 686.18, 688.89, 691.95, 695.21, 698.86, 703.06, 707.98, 713.75, 720.69, 729.08, 738.95,99999.00,99999.00,99999.00,99999.00,99999.00,99999.00,99999.00,99999.00,99999.00,99999.00,99999.00,99999.00,99999.00,99999.00,99999.00,99999.00,99999.00,99999.00,99999.00,99999.00,99999.00,99999.00,99999.00,99999.00, 966.57, 960.47, 955.96, 953.76, 953.45, 954.35, 956.00, 958.15, 961.33, 966.59, 972.59, 978.79, 985.43, 992.43, 999.92,1007.93,1016.54,1026.46,1037.22,1048.76,1061.20,1074.75,1089.82,1106.66,99999.00,99999.00,99999.00,99999.00,99999.00,99999.00,99999.00,99999.00,99999.00,99999.00,99999.00,99999.00,99999.00,99999.00,99999.00,99999.00,99999.00,99999.00,99999.00,99999.00,99999.00,99999.00,99999.00,99999.00,99999.00,99999.00,99999.00,99999.00,99999.00,99999.00,99999.00,99999.00,99999.00,99999.00,99999.00,99999.00,99999.00,99999.00,99999.00,99999.00,99999.00,99999.00,99999.00,99999.00,99999.00,99999.00,99999.00,99999.00,99999.00,99999.00
99999.00,99999.00,99999.00,99999.00,99999.00,99999.00,99999.00,99999.00,99999.00,99999.00,99999.00,99999.00,99999.00,99999.00,99999.00, 772.45, 760.93, 750.99, 742.21, 734.26, 727.45, 721.65, 716.67, 712.29, 708.40, 704.91, 701.69, 698.59, 695.68, 695.15, 695.78, 697.48, 700.26, 703.43, 706.72, 710.39, 714.59, 719.51, 725.36, 732.33, 740.69, 750.59,99999.00,99999.00,99999.00,99999.00,99999.00,99999.00,99999.00,99999.00,99999.00,99999.00,99999.00,99999.00,99999.00,99999.00,99999.00,99999.00,99999.00,99999.00,99999.00,99999.00,99999.00,99999.00,99999.00,99999.00, 979.27, 972.41, 967.89, 965.14, 964.43, 965.03, 966.46, 968.48, 970.98, 975.24, 981.01, 987.19, 993.55,1000.43,1007.73,1015.60,1024.08,1033.25,1043.83,1055.20,1067.50,1080.92,1095.74,1112.39,99999.00,99999.00,99999.00,99999.00,99999.00,99999.00,99999.00,99999.00,99999.00,99999.00,99999.00,99999.00,99999.00,99999.00,99999.00,99999.00,99999.00,99999.00,99999.00,99999.00,99999.00,99999.00,99999.00,99999.00,99999.00,99999.00,99999.00,99999.00,99999.00,99999.00,99999.00,99999.00,99999.00,99999.00,99999.00,99999.00,99999.00,99999.00,99999.00,99999.00,99999.00,99999.00,99999.00,99999.00,99999.00,99999.00,99999.00,99999.00,99999.00,99999.00
99999.00,99999.00,99999.00,99999.00,99999.00,99999.00,99999.00,99999.00,99999.00,99999.00,99999.00,99999.00,99999.00,99999.00,99999.00, 784.46, 772.94, 763.00, 754.13, 746.13, 739.34, 733.55, 728.53, 724.11, 720.19, 716.67, 713.36, 710.18, 707.21, 706.66, 707.31, 709.05, 711.91, 715.15, 718.52, 722.20, 726.40, 731.31, 737.17, 744.19, 752.65, 762.49,99999.00,99999.00,99999.00,99999.00,99999.00,99999.00,99999.00,99999.00,99999.00,99999.00,99999.00,99999.00,99999.00,99999.00,99999.00,99999.00,99999.00,99999.00,99999.00,99999.00,99999.00,99999.00,99999.00,99999.00, 991.23, 984.34, 979.83, 976.53, 975.41, 975.70, 976.93, 978.81, 981.07, 984.19, 989.51, 995.61,1001.95,1008.55,1015.73,1023.41,1031.75,1040.78,1050.62,1061.98,1074.11,1087.36,1102.04,1118.57,99999.00,99999.00,99999.00,99999.00,99999.00,99999.00,99999.00,99999.00,99999.00,99999.00,99999.00,99999.00,99999.00,99999.00,99999.00,99999.00,99999.00,99999.00,99999.00,99999.00,99999.00,99999.00,99999.00,99999.00,99999.00,99999.00,99999.00,99999.00,99999.00,99999.00,99999.00,99999.00,99999.00,99999.00,99999.00,99999.00,99999.00,99999.00,99999.00,99999.00,99999.00,99999.00,99999.00,99999.00,99999.00,99999.00,99999.00,99999.00,99999.00,99999.00
99999.00,99999.00,99999.00,99999.00,99999.00,99999.00,99999.00,99999.00,99999.00,99999.00,99999.00,99999.00,99999.00,99999.00,99999.00, 796.84, 785.34, 775.32, 766.32, 758.34, 751.58, 745.78, 740.71, 736.26, 732.31, 728.73, 725.33, 722.06, 719.04, 718.47, 719.14, 720.92, 723.84, 727.16, 730.62, 734.32, 738.51, 743.41, 749.25, 756.32, 764.82, 774.76,99999.00,99999.00,99999.00,99999.00,99999.00,99999.00,99999.00,99999.00,99999.00,99999.00,99999.00,99999.00,99999.00,99999.00,99999.00,99999.00,99999.00,99999.00,99999.00,99999.00,99999.00,99999.00,99999.00,99999.00,1003.17, 996.28, 991.77, 987.91, 986.38, 986.38, 987.40, 989.13, 991.31, 993.84, 998.15,1004.09,1010.37,1016.95,1023.86,1031.42,1039.56,1048.45,1058.15,1068.79,1080.89,1094.15,1108.65,1125.01,99999.00,99999.00,99999.00,99999.00,99999.00,99999.00,99999.00,99999.00,99999.00,99999.00,99999.00,99999.00,99999.00,99999.00,99999.00,99999.00,99999.00,99999.00,99999.00,99999.00,99999.00,99999.00,99999.00,99999.00,99999.00,99999.00,99999.00,99999.00,99999.00,99999.00,99999.00,99999.00,99999.00,99999.00,99999.00,99999.00,99999.00,99999.00,99999.00,99999.00,99999.00,99999.00,99999.00,99999.00,99999.00,99999.00,99999.00,99999.00,99999.00,99999.00
99999.00,99999.00,99999.00,99999.00,99999.00,99999.00,99999.00,99999.00,99999.00,99999.00,99999.00,99999.00,99999.00,99999.00,99999.00, 809.64, 798.07, 787.93, 778.87, 770.93, 764.18, 758.35, 753.24, 748.76, 744.78, 741.11, 737.62, 734.26, 731.19, 730.60, 731.28, 733.10, 736.08, 739.48, 743.01, 746.76, 750.95, 755.82, 761.63, 768.72, 777.33, 787.31,99999.00,99999.00,99999.00,99999.00,99999.00,99999.00,99999.00,99999.00,99999.00,99999.00,99999.00,99999.00,99999.00,99999.00,99999.00,99999.00,99999.00,99999.00,99999.00,99999.00,99999.00,99999.00,99999.00,99999.00,1015.11,1008.22,1003.22, 999.30, 997.36, 997.06, 997.86, 999.46,1001.56,1003.93,1007.10,1012.58,1018.86,1025.37,1032.26,1039.54,1047.56,1056.27,1065.82,1076.33,1087.94,1100.96,1115.44,1131.79,99999.00,99999.00,99999.00,99999.00,99999.00,99999.00,99999.00,99999.00,99999.00,99999.00,99999.00,99999.00,99999.00,99999.00,99999.00,99999.00,99999.00,99999.00,99999.00,99999.00,99999.00,99999.00,99999.00,99999.00,99999.00,99999.00,99999.00,99999.00,99999.00,99999.00,99999.00,99999.00,99999.00,99999.00,99999.00,99999.00,99999.00,99999.00,99999.00,99999.00,99999.00,99999.00,99999.00,99999.00,99999.00,99999.00,99999.00,99999.00,99999.00,99999.00
99999.00,99999.00,99999.00,99999.00,99999.00,99999.00,99999.00,99999.00,99999.00,99999.00,99999.00,99999.00,99999.00,99999.00,99999.00, 822.79, 811.12, 800.93, 791.82, 783.92, 777.18, 771.30, 766.16, 761.65, 757.61, 753.85, 750.25, 746.80, 743.68, 743.08, 743.77, 745.62, 748.66, 752.14, 755.73, 759.60, 763.83, 768.72, 774.53, 781.58, 790.21, 800.28,99999.00,99999.00,99999.00,99999.00,99999.00,99999.00,99999.00,99999.00,99999.00,99999.00,99999.00,99999.00,99999.00,99999.00,99999.00,99999.00,99999.00,99999.00,99999.00,99999.00,99999.00,99999.00,99999.00,99999.00,1027.05,1020.16,1014.61,1010.68,1008.33,1007.74,1008.33,1009.78,1011.81,1014.15,1016.76,1021.23,1027.35,1033.86,1040.68,1047.94,1055.69,1064.27,1073.64,1084.00,1095.47,1108.28,1122.48,1138.60,99999.00,99999.00,99999.00,99999.00,99999.00,99999.00,99999.00,99999.00,99999.00,99999.00,99999.00,99999.00,99999.00,99999.00,99999.00,99999.00,99999.00,99999.00,99999.00,99999.00,99999.00,99999.00,99999.00,99999.00,99999.00,99999.00,99999.00,99999.00,99999.00,99999.00,99999.00,99999.00,99999.00,99999.00,99999.00,99999.00,99999.00,99999.00,99999.00,99999.00,99999.00,99999.00,99999.00,99999.00,99999.00,99999.00,99999.00,99999.00,99999.00,99999.00
99999.00,99999.00,99999.00,99999.00,99999.00,99999.00,99999.00,99999.00,99999.00,99999.00,99999.00,99999.00,99999.00,99999.00,99999.00, 836.29, 824.59, 814.38, 805.21, 797.34, 790.58, 784.68, 779.51, 774.96, 770.84, 766.98, 763.26, 759.72, 756.55, 755.93, 756.63, 758.52, 761.62, 765.21, 768.94, 772.92, 777.19, 782.04, 787.80, 794.79, 803.50, 813.65,99999.00,99999.00,99999.00,99999.00,99999.00,99999.00,99999.00,99999.00,99999.00,99999.00,99999.00,99999.00,99999.00,99999.00,99999.00,99999.00,99999.00,99999.00,99999.00,99999.00,99999.00,99999.00,99999.00,99999.00,1038.98,1031.61,1025.99,1022.07,1019.31,1018.42,1018.79,1020.11,1022.06,1024.37,1026.84,1030.18,1035.93,1042.35,1049.16,1056.36,1064.09,1072.39,1081.64,1091.81,1103.15,1115.82,1130.02,1145.93,99999.00,99999.00,99999.00,99999.00,99999.00,99999.00,99999.00,99999.00,99999.00,99999.00,99999.00,99999.00,99999.00,99999.00,99999.00,99999.00,99999.00,99999.00,99999.00,99999.00,99999.00,99999.00,99999.00,99999.00,99999.00,99999.00,99999.00,99999.00,99999.00,99999.00,99999.00,99999.00,99999.00,99999.00,99999.00,99999.00,99999.00,99999.00,99999.00,99999.00,99999.00,99999.00,99999.00,99999.00,99999.00,99999.00,99999.00,99999.00,99999.00,99999.00
99999.00,99999.00,99999.00,99999.00,99999.00,99999.00,99999.00,99999.00,99999.00,99999.00,99999.00,99999.00,99999.00,99999.00,99999.00, 850.25, 838.55, 828.30, 819.08, 811.24, 804.45, 798.53, 793.33, 788.72, 784.51, 780.53, 776.68, 773.06, 769.83, 769.19, 769.94, 771.89, 775.07, 778.76, 782.61, 786.65, 791.00, 795.87, 801.60, 808.56, 817.19, 827.45,99999.00,99999.00,99999.00,99999.00,99999.00,99999.00,99999.00,99999.00,99999.00,99999.00,99999.00,99999.00,99999.00,99999.00,99999.00,99999.00,99999.00,99999.00,99999.00,99999.00,99999.00,99999.00,99999.00,99999.00,1050.92,1043.00,1037.38,1033.45,1030.29,1029.09,1029.26,1030.44,1032.30,1034.59,1037.06,1039.83,1044.58,1050.93,1057.65,1064.85,1072.51,1080.79,1089.76,1099.81,1110.96,1123.49,1137.66,1153.46,99999.00,99999.00,99999.00,99999.00,99999.00,99999.00,99999.00,99999.00,99999.00,99999.00,99999.00,99999.00,99999.00,99999.00,99999.00,99999.00,99999.00,99999.00,99999.00,99999.00,99999.00,99999.00,99999.00,99999.00,99999.00,99999.00,99999.00,99999.00,99999.00,99999.00,99999.00,99999.00,99999.00,99999.00,99999.00,99999.00,99999.00,99999.00,99999.00,99999.00,99999.00,99999.00,99999.00,99999.00,99999.00,99999.00,99999.00,99999.00,99999.00,99999.00
99999.00,99999.00,99999.00,99999.00,99999.00,99999.00,99999.00,99999.00,99999.00,99999.00,99999.00,99999.00,99999.00,99999.00,99999.00, 864.74, 853.03, 842.64, 833.47, 825.65, 818.85, 812.91, 807.68, 802.99, 798.67, 794.54, 790.57, 786.86, 783.59, 782.98, 783.78, 785.79, 789.04, 792.82, 796.77, 800.94, 805.36, 810.22, 815.88, 822.75, 831.29, 841.68,99999.00,99999.00,99999.00,99999.00,99999.00,99999.00,99999.00,99999.00,99999.00,99999.00,99999.00,99999.00,99999.00,99999.00,99999.00,99999.00,99999.00,99999.00,99999.00,99999.00,99999.00,99999.00,99999.00,99999.00,1062.50,1054.41,1048.76,1044.77,1041.26,1039.77,1039.73,1040.76,1042.55,1044.82,1047.29,1049.92,1053.53,1059.58,1066.23,1073.34,1080.99,1089.21,1098.16,1107.94,1118.96,1131.30,1145.34,1161.14,99999.00,99999.00,99999.00,99999.00,99999.00,99999.00,99999.00,99999.00,99999.00,99999.00,99999.00,99999.00,99999.00,99999.00,99999.00,99999.00,99999.00,99999.00,99999.00,99999.00,99999.00,99999.00,99999.00,99999.00,99999.00,99999.00,99999.00,99999.00,99999.00,99999.00,99999.00,99999.00,99999.00,99999.00,99999.00,99999.00,99999.00,99999.00,99999.00,99999.00,99999.00,99999.00,99999.00,99999.00,99999.00,99999.00,99999.00,99999.00,99999.00,99999.00
99999.00,99999.00,99999.00,99999.00,99999.00,99999.00,99999.00,99999.00,99999.00,99999.00,99999.00,99999.00,99999.00,99999.00,99999.00, 879.78, 867.97, 857.52, 848.43, 840.62, 833.84, 827.89, 822.60, 817.82, 813.36, 809.07, 804.97, 801.22, 797.95, 797.36, 798.22, 800.29, 803.60, 807.44, 811.49, 815.77, 820.21, 825.10, 830.72, 837.53, 845.99, 856.34,99999.00,99999.00,99999.00,99999.00,99999.00,99999.00,99999.00,99999.00,99999.00,99999.00,99999.00,99999.00,99999.00,99999.00,99999.00,99999.00,99999.00,99999.00,99999.00,99999.00,99999.00,99999.00,99999.00,99999.00,1074.05,1065.96,1060.23,1055.75,1052.24,1050.45,1050.19,1051.09,1052.80,1055.04,1057.51,1060.14,1063.18,1068.29,1074.88,1081.92,1089.48,1097.70,1106.59,1116.34,1127.08,1139.31,1153.15,1168.95,99999.00,99999.00,99999.00,99999.00,99999.00,99999.00,99999.00,99999.00,99999.00,99999.00,99999.00,99999.00,99999.00,99999.00,99999.00,99999.00,99999.00,99999.00,99999.00,99999.00,99999.00,99999.00,99999.00,99999.00,99999.00,99999.00,99999.00,99999.00,99999.00,99999.00,99999.00,99999.00,99999.00,99999.00,99999.00,99999.00,99999.00,99999.00,99999.00,99999.00,99999.00,99999.00,99999.00,99999.00,99999.00,99999.00,99999.00,99999.00,99999.00,99999.00
99999.00,99999.00,99999.00,99999.00,99999.00,99999.00,99999.00,99999.00,99999.00,99999.00,99999.00,99999.00,99999.00,99999.00,99999.00, 895.33, 883.51, 873.02, 864.01, 856.26, 849.51, 843.54, 838.17, 833.29, 828.64, 824.19, 820.03, 816.24, 812.96, 812.41, 813.32, 815.45, 818.80, 822.69, 826.79, 831.17, 835.69, 840.59, 846.15, 852.83, 861.16, 871.64,99999.00,99999.00,99999.00,99999.00,99999.00,99999.00,99999.00,99999.00,99999.00,99999.00,99999.00,99999.00,99999.00,99999.00,99999.00,99999.00,99999.00,99999.00,99999.00,99999.00,99999.00,99999.00,99999.00,99999.00,1085.65,1077.51,1071.71,1066.85,1063.22,1061.13,1060.66,1061.41,1063.04,1065.26,1067.73,1070.36,1073.26,1077.24,1083.59,1090.56,1098.06,1106.18,1115.06,1124.75,1135.47,1147.41,1161.12,1176.86,99999.00,99999.00,99999.00,99999.00,99999.00,99999.00,99999.00,99999.00,99999.00,99999.00,99999.00,99999.00,99999.00,99999.00,99999.00,99999.00,99999.00,99999.00,99999.00,99999.00,99999.00,99999.00,99999.00,99999.00,99999.00,99999.00,99999.00,99999.00,99999.00,99999.00,99999.00,99999.00,99999.00,99999.00,99999.00,99999.00,99999.00,99999.00,99999.00,99999.00,99999.00,99999.00,99999.00,99999.00,99999.00,99999.00,99999.00,99999.00,99999.00,99999.00
99999.00,99999.00,99999.00,99999.00,99999.00,99999.00,99999.00,99999.00,99999.00,99999.00,99999.00,99999.00,99999.00,99999.00,99999.00, 911.53, 899.72, 889.21, 880.31, 872.66, 865.95, 859.96, 854.51, 849.45, 844.61, 840.06, 835.82, 832.00, 828.73, 828.21, 829.19, 831.35, 834.72, 838.62, 842.75, 847.18, 851.81, 856.65, 862.17, 868.75, 876.96, 887.42,99999.00,99999.00,99999.00,99999.00,99999.00,99999.00,99999.00,99999.00,99999.00,99999.00,99999.00,99999.00,99999.00,99999.00,99999.00,99999.00,99999.00,99999.00,99999.00,99999.00,99999.00,99999.00,99999.00,99999.00,1097.37,1089.15,1082.84,1077.98,1074.27,1071.82,1071.12,1071.73,1073.28,1075.47,1077.93,1080.56,1083.45,1086.85,1092.44,1099.24,1106.66,1114.70,1123.48,1133.13,1143.76,1155.62,1168.96,1184.30,99999.00,99999.00,99999.00,99999.00,99999.00,99999.00,99999.00,99999.00,99999.00,99999.00,99999.00,99999.00,99999.00,99999.00,99999.00,99999.00,99999.00,99999.00,99999.00,99999.00,99999.00,99999.00,99999.00,99999.00,99999.00,99999.00,99999.00,99999.00,99999.00,99999.00,99999.00,99999.00,99999.00,99999.00,99999.00,99999.00,99999.00,99999.00,99999.00,99999.00,99999.00,99999.00,99999.00,99999.00,99999.00,99999.00,99999.00,99999.00,99999.00,99999.00
99999.00,99999.00,99999.00,99999.00,99999.00,99999.00,99999.00,99999.00,99999.00,99999.00,99999.00,99999.00,99999.00,99999.00,99999.00, 928.45, 916.48, 906.15, 897.44, 889.93, 883.31, 877.29, 871.71, 866.42, 861.43, 856.77, 852.48, 848.63, 845.36, 844.88, 845.92, 848.11, 851.46, 855.33, 859.42, 863.86, 868.54, 873.41, 878.86, 885.31, 893.34, 903.72,99999.00,99999.00,99999.00,99999.00,99999.00,99999.00,99999.00,99999.00,99999.00,99999.00,99999.00,99999.00,99999.00,99999.00,99999.00,99999.00,99999.00,99999.00,99999.00,99999.00,99999.00,99999.00,99999.00,99999.00,1109.09,1100.79,1094.10,1089.10,1085.37,1082.56,1081.59,1082.04,1083.50,1085.67,1088.10,1090.72,1093.61,1096.86,1101.30,1108.02,1115.26,1123.20,1131.87,1141.38,1151.91,1163.59,1176.71,1191.39,1207.68,99999.00,99999.00,99999.00,99999.00,99999.00,99999.00,99999.00,99999.00,99999.00,99999.00,99999.00,99999.00,99999.00,99999.00,99999.00,99999.00,99999.00,99999.00,99999.00,99999.00,99999.00,99999.00,99999.00,99999.00,99999.00,99999.00,99999.00,99999.00,99999.00,99999.00,99999.00,99999.00,99999.00,99999.00,99999.00,99999.00,99999.00,99999.00,99999.00,99999.00,99999.00,99999.00,99999.00,99999.00,99999.00,99999.00,99999.00,99999.00,99999.00
99999.00,99999.00,99999.00,99999.00,99999.00,99999.00,99999.00,99999.00,99999.00,99999.00,99999.00,99999.00,99999.00,99999.00,99999.00, 945.97, 934.01, 923.96, 915.52, 908.24, 901.73, 895.71, 889.86, 884.38, 879.26, 874.50, 870.14, 866.27, 863.01, 862.58, 863.68, 865.86, 869.14, 872.89, 876.89, 881.25, 885.93, 890.88, 896.18, 902.51, 910.38, 920.59,99999.00,99999.00,99999.00,99999.00,99999.00,99999.00,99999.00,99999.00,99999.00,99999.00,99999.00,99999.00,99999.00,99999.00,99999.00,99999.00,99999.00,99999.00,99999.00,99999.00,99999.00,99999.00,99999.00,99999.00,1120.93,1112.08,1105.37,1100.28,1096.53,1093.35,1092.10,1092.34,1093.70,1095.83,1098.24,1100.84,1103.71,1106.94,1110.78,1116.78,1123.92,1131.65,1140.18,1149.53,1159.84,1171.32,1184.09,1198.01,1213.42,1230.59,99999.00,99999.00,99999.00,99999.00,99999.00,99999.00,99999.00,99999.00,99999.00,99999.00,99999.00,99999.00,99999.00,99999.00,99999.00,99999.00,99999.00,99999.00,99999.00,99999.00,99999.00,99999.00,99999.00,99999.00,99999.00,99999.00,99999.00,99999.00,99999.00,99999.00,99999.00,99999.00,99999.00,99999.00,99999.00,99999.00,99999.00,99999.00,99999.00,99999.00,99999.00,99999.00,99999.00,99999.00,99999.00,99999.00,99999.00,99999.00
99999.00,99999.00,99999.00,99999.00,99999.00,99999.00,99999.00,99999.00,99999.00,99999.00,99999.00,99999.00,99999.00,99999.00,99999.00, 964.30, 952.41, 942.76, 934.72, 927.78, 921.48, 915.30, 909.23, 903.56, 898.30, 893.44, 889.03, 885.14, 881.90, 881.52, 882.68, 884.79, 887.90, 891.43, 895.21, 899.42, 904.01, 909.00, 914.26, 920.44, 928.11, 938.09,99999.00,99999.00,99999.00,99999.00,99999.00,99999.00,99999.00,99999.00,99999.00,99999.00,99999.00,99999.00,99999.00,99999.00,99999.00,99999.00,99999.00,99999.00,99999.00,99999.00,99999.00,99999.00,99999.00,99999.00,1132.39,1123.53,1116.64,1111.51,1107.62,1104.19,1102.66,1102.68,1103.89,1105.96,1108.35,1110.91,1113.75,1116.96,1120.63,1125.58,1132.52,1140.13,1148.40,1157.56,1167.63,1178.77,1191.18,1204.37,1218.93,1234.68,1251.88,1269.75,1288.08,1306.90,1326.28,1346.32,1367.14,1388.92,1411.90,99999.00,99999.00,99999.00,99999.00,99999.00,99999.00,99999.00,99999.00,99999.00,99999.00,99999.00,99999.00,99999.00,99999.00,99999.00,99999.00,99999.00,99999.00,99999.00,99999.00,99999.00,99999.00,99999.00,99999.00,99999.00,99999.00,99999.00,99999.00,99999.00,99999.00,99999.00,99999.00,99999.00,99999.00,99999.00,99999.00,99999.00,99999.00,99999.00
99999.00,99999.00,99999.00,99999.00,99999.00,99999.00,99999.00,99999.00,99999.00,99999.00,99999.00,99999.00,99999.00,99999.00,99999.00, 983.22, 971.76, 962.68, 955.22, 948.81, 942.58, 936.39, 930.12, 924.27, 918.87, 913.93, 909.46, 905.56, 902.34, 902.02, 903.23, 905.17, 907.93, 911.07, 914.49, 918.41, 922.83, 927.77, 933.10, 939.04, 946.53, 956.29,99999.00,99999.00,99999.00,99999.00,99999.00,99999.00,99999.00,99999.00,99999.00,99999.00,99999.00,99999.00,99999.00,99999.00,99999.00,99999.00,99999.00,99999.00,99999.00,99999.00,99999.00,99999.00,99999.00,99999.00,1144.01,1135.05,1127.96,1122.79,1118.52,1115.07,1113.24,1113.05,1114.09,1116.06,1118.41,1120.93,1123.73,1126.89,1130.51,1134.83,1141.15,1148.53,1156.62,1165.46,1175.26,1186.06,1197.99,1210.52,1224.36,1238.96,1254.91,1271.56,1288.67,1306.26,1324.40,1343.21,1362.80,1383.34,1405.09,99999.00,99999.00,99999.00,99999.00,99999.00,99999.00,99999.00,99999.00,99999.00,99999.00,99999.00,99999.00,99999.00,99999.00,99999.00,99999.00,99999.00,99999.00,99999.00,99999.00,99999.00,99999.00,99999.00,99999.00,99999.00,99999.00,99999.00,99999.00,99999.00,99999.00,99999.00,99999.00,99999.00,99999.00,99999.00,99999.00,99999.00,99999.00,99999.00
99999.00,99999.00,99999.00,99999.00,99999.00,99999.00,99999.00,99999.00,99999.00,99999.00,99999.00,99999.00,99999.00,99999.00,99999.00,1002.96, 992.15, 983.83, 977.22, 971.26,99999.00,99999.00,99999.00,99999.00,99999.00,99999.00,99999.00,99999.00,99999.00,99999.00,99999.00,99999.00, 929.48, 931.93, 934.76, 938.24, 942.39, 947.21, 952.58, 958.40, 965.66, 975.15,99999.00,99999.00,99999.00,99999.00,99999.00,99999.00,99999.00,99999.00,99999.00,99999.00,99999.00,99999.00,99999.00,99999.00,99999.00,99999.00,99999.00,99999.00,99999.00,99999.00,99999.00,99999.00,99999.00,99999.00,1155.65,1146.51,1139.34,1133.98,1129.44,1125.98,1123.85,1123.43,1124.30,1126.16,1128.41,1130.89,1133.64,1136.75,1140.31,1144.42,1149.90,1156.92,1164.75,1173.35,1182.76,1193.19,1204.66,1216.61,1229.72,1243.40,1258.40,1274.13,1290.29,1306.95,1324.16,1342.03,1360.68,1380.29,1401.11,99999.00,99999.00,99999.00,99999.00,99999.00,99999.00,99999.00,99999.00,99999.00,99999.00,99999.00,99999.00,99999.00,99999.00,99999.00,99999.00,99999.00,99999.00,99999.00,99999.00,99999.00,99999.00,99999.00,99999.00,99999.00,99999.00,99999.00,99999.00,99999.00,99999.00,99999.00,99999.00,99999.00,99999.00,99999.00,99999.00,99999.00,99999.00,99999.00
99999.00,99999.00,99999.00,99999.00,99999.00,99999.00,99999.00,99999.00,99999.00,99999.00,99999.00,99999.00,99999.00,99999.00,99999.00,1023.63,1013.64,1006.32,1000.52,99999.00,99999.00,99999.00,99999.00,99999.00,99999.00,99999.00,99999.00,99999.00,99999.00,99999.00,99999.00,99999.00,99999.00, 954.09, 956.04, 958.90, 962.64, 967.26, 972.57, 978.31, 985.15, 994.17,99999.00,99999.00,99999.00,99999.00,99999.00,99999.00,99999.00,99999.00,99999.00,99999.00,99999.00,99999.00,99999.00,99999.00,99999.00,99999.00,99999.00,99999.00,99999.00,99999.00,99999.00,99999.00,99999.00,99999.00,1166.86,1157.65,1150.56,1144.79,1140.27,1136.87,1134.44,1133.79,1134.50,1136.23,1138.41,1140.76,1143.45,1146.50,1149.99,1154.01,1158.81,1165.42,1172.85,1181.13,1190.24,1200.20,1211.22,1222.66,1235.13,1248.06,1262.20,1276.92,1292.34,1308.25,1324.73,1341.85,1359.76,1378.63,1398.71,99999.00,99999.00,99999.00,99999.00,99999.00,99999.00,99999.00,99999.00,99999.00,99999.00,99999.00,99999.00,99999.00,99999.00,99999.00,99999.00,99999.00,99999.00,99999.00,99999.00,99999.00,99999.00,99999.00,99999.00,99999.00,99999.00,99999.00,99999.00,99999.00,99999.00,99999.00,99999.00,99999.00,99999.00,99999.00,99999.00,99999.00,99999.00,99999.00
99999.00,99999.00,99999.00,99999.00,99999.00,99999.00,99999.00,99999.00,99999.00,99999.00,99999.00,99999.00,99999.00,99999.00,99999.00,1045.27,1036.26,1030.00,99999.00,99999.00,99999.00,99999.00,99999.00,99999.00,99999.00,99999.00,99999.00,99999.00,99999.00,99999.00,99999.00,99999.00,99999.00,99999.00, 978.24, 980.29, 983.52, 987.86, 993.07, 998.67,1005.13,1013.51,1024.65,99999.00,99999.00,99999.00,99999.00,99999.00,99999.00,99999.00,99999.00,99999.00,99999.00,99999.00,99999.00,99999.00,99999.00,99999.00,99999.00,99999.00,99999.00,99999.00,99999.00,99999.00,99999.00,1188.33,1177.47,1168.54,1161.45,1155.49,1150.99,1147.70,1144.99,1144.11,1144.64,1146.25,1148.35,1150.56,1153.16,1156.13,1159.55,1163.48,1168.03,1174.03,1181.05,1188.89,1197.62,1207.21,1217.69,1228.70,1240.58,1252.89,1266.31,1280.23,1295.05,1310.35,1326.21,1342.73,1360.04,1378.30,1397.77,99999.00,99999.00,99999.00,99999.00,99999.00,99999.00,99999.00,99999.00,99999.00,99999.00,99999.00,99999.00,99999.00,99999.00,99999.00,99999.00,99999.00,99999.00,99999.00,99999.00,99999.00,99999.00,99999.00,99999.00,99999.00,99999.00,99999.00,99999.00,99999.00,99999.00,99999.00,99999.00,99999.00,99999.00,99999.00,99999.00,99999.00,99999.00,99999.00
99999.00,99999.00,99999.00,99999.00,99999.00,99999.00,99999.00,99999.00,99999.00,99999.00,99999.00,99999.00,99999.00,99999.00,99999.00,1067.88,1059.98,1054.34,99999.00,99999.00,99999.00,99999.00,99999.00,99999.00,99999.00,99999.00,99999.00,99999.00,99999.00,99999.00,99999.00,99999.00,99999.00,99999.00,1001.18,1002.31,1004.96,1008.94,1014.01,1019.42,1025.53,1033.07,1043.08,1056.27,99999.00,99999.00,99999.00,99999.00,99999.00,99999.00,99999.00,99999.00,99999.00,99999.00,99999.00,99999.00,99999.00,99999.00,99999.00,99999.00,99999.00,99999.00,99999.00,99999.00,1210.17,1197.85,1187.66,1179.06,1171.80,1166.00,1161.59,1158.42,1155.44,1154.35,1154.72,1156.21,1158.22,1160.38,1162.75,1165.65,1168.97,1172.81,1177.24,1182.52,1189.35,1196.74,1204.99,1214.15,1224.21,1234.83,1246.08,1257.88,1270.66,1283.93,1298.24,1313.03,1328.39,1344.40,1361.20,1378.95,1397.91,99999.00,99999.00,99999.00,99999.00,99999.00,99999.00,99999.00,99999.00,99999.00,99999.00,99999.00,99999.00,99999.00,99999.00,99999.00,99999.00,99999.00,99999.00,99999.00,99999.00,99999.00,99999.00,99999.00,99999.00,99999.00,99999.00,99999.00,99999.00,99999.00,99999.00,99999.00,99999.00,99999.00,99999.00,99999.00,99999.00,99999.00,99999.00,99999.00
99999.00,99999.00,99999.00,99999.00,99999.00,99999.00,99999.00,99999.00,99999.00,99999.00,99999.00,99999.00,99999.00,99999.00,99999.00,1091.49,1084.42,1079.16,99999.00,99999.00,99999.00,99999.00,99999.00,99999.00,99999.00,99999.00,99999.00,99999.00,99999.00,99999.00,99999.00,99999.00,99999.00,99999.00,1024.65,1024.84,1026.87,1030.48,1035.34,1040.66,1046.40,1053.22,1062.10,1073.65,1087.35,1105.07,1126.47,1147.42,1167.92,1187.98,1207.62,1226.85,1245.69,1264.13,1282.17,1299.82,1317.07,1326.55,1309.70,1293.18,1276.93,1260.92,1245.09,1231.60,1218.34,1207.08,1197.47,1189.15,1181.93,1176.30,1172.04,1168.66,1165.78,1164.49,1164.70,1166.07,1168.00,1170.11,1172.28,1175.03,1178.27,1182.00,1186.31,1191.30,1197.53,1204.71,1212.47,1221.10,1230.68,1240.97,1251.73,1263.09,1275.22,1287.94,1301.69,1316.04,1330.97,1346.54,1362.91,1380.22,1398.75,99999.00,99999.00,99999.00,99999.00,99999.00,99999.00,99999.00,99999.00,99999.00,99999.00,99999.00,99999.00,99999.00,99999.00,99999.00,99999.00,99999.00,99999.00,99999.00,99999.00,99999.00,99999.00,99999.00,99999.00,99999.00,99999.00,99999.00,99999.00,99999.00,99999.00,99999.00,99999.00,99999.00,99999.00,99999.00,99999.00,99999.00,99999.00,99999.00
99999.00,99999.00,99999.00,99999.00,99999.00,99999.00,99999.00,99999.00,99999.00,99999.00,99999.00,99999.00,99999.00,99999.00,99999.00,1116.35,1109.36,1104.52,99999.00,99999.00,99999.00,99999.00,99999.00,99999.00,99999.00,99999.00,99999.00,99999.00,99999.00,99999.00,99999.00,99999.00,99999.00,99999.00,1048.68,1047.91,1049.31,1052.52,1057.14,1062.34,1067.87,1074.08,1081.77,1091.76,1104.24,1117.51,1133.97,1150.57,1170.43,1189.82,1208.74,1227.23,1245.30,1262.95,1280.17,1296.97,1313.35,1325.53,1309.58,1293.99,1278.70,1264.75,1251.00,1238.47,1226.50,1216.06,1206.91,1198.70,1191.82,1186.42,1182.37,1178.75,1175.98,1174.50,1174.56,1175.82,1177.67,1179.73,1181.85,1184.27,1187.42,1191.05,1195.23,1200.06,1205.78,1212.56,1220.07,1228.19,1237.21,1247.18,1257.43,1268.40,1280.05,1292.31,1305.41,1319.22,1333.77,1348.97,1364.95,1381.90,1400.05,99999.00,99999.00,99999.00,99999.00,99999.00,99999.00,99999.00,99999.00,99999.00,99999.00,99999.00,99999.00,99999.00,99999.00,99999.00,99999.00,99999.00,99999.00,99999.00,99999.00,99999.00,99999.00,99999.00,99999.00,99999.00,99999.00,99999.00,99999.00,99999.00,99999.00,99999.00,99999.00,99999.00,99999.00,99999.00,99999.00,99999.00,99999.00,99999.00
99999.00,99999.00,99999.00,99999.00,99999.00,99999.00,99999.00,99999.00,99999.00,99999.00,99999.00,99999.00,99999.00,99999.00,99999.00,1142.15,1134.92,1130.50,99999.00,99999.00,99999.00,99999.00,99999.00,99999.00,99999.00,99999.00,99999.00,99999.00,99999.00,99999.00,99999.00,99999.00,99999.00,99999.00,1073.36,1071.62,1072.38,1075.17,1079.52,1084.56,1090.00,1095.81,1102.55,1111.10,1122.02,1134.23,1146.74,1162.42,1177.75,1193.18,1211.73,1229.82,1247.45,1264.64,1281.37,1297.64,1313.46,1327.54,1312.17,1297.48,1283.09,1270.05,1257.55,1245.67,1234.64,1224.80,1215.87,1208.06,1201.50,1196.37,1192.19,1188.69,1186.02,1184.37,1184.30,1185.44,1187.22,1189.23,1191.30,1193.48,1196.43,1199.95,1204.02,1208.70,1214.09,1220.49,1227.58,1235.42,1243.89,1253.28,1263.25,1273.92,1285.03,1296.90,1309.50,1322.85,1337.07,1351.94,1367.60,1384.21,1402.03,99999.00,99999.00,99999.00,99999.00,99999.00,99999.00,99999.00,99999.00,99999.00,99999.00,99999.00,99999.00,99999.00,99999.00,99999.00,99999.00,99999.00,99999.00,99999.00,99999.00,99999.00,99999.00,99999.00,99999.00,99999.00,99999.00,99999.00,99999.00,99999.00,99999.00,99999.00,99999.00,99999.00,99999.00,99999.00,99999.00,99999.00,99999.00,99999.00
99999.00,99999.00,99999.00,99999.00,99999.00,99999.00,99999.00,99999.00,99999.00,99999.00,99999.00,99999.00,99999.00,99999.00,99999.00,1168.71,1161.25,1157.24,99999.00,99999.00,99999.00,99999.00,99999.00,99999.00,99999.00,99999.00,99999.00,99999.00,99999.00,99999.00,99999.00,99999.00,99999.00,99999.00,1098.82,1096.12,1096.23,1098.58,1102.64,1107.50,1112.81,1118.52,1124.62,1131.75,1140.83,1152.11,1163.63,1175.25,1190.07,1204.58,1218.95,1233.24,1250.68,1267.63,1284.10,1300.07,1315.56,1330.58,1315.66,1301.78,1288.58,1276.12,1264.52,1253.09,1242.71,1233.19,1224.75,1217.24,1211.02,1206.19,1201.85,1198.46,1195.89,1194.09,1193.89,1194.94,1196.64,1198.60,1200.62,1202.74,1205.29,1208.71,1212.65,1217.18,1222.40,1228.49,1235.18,1242.58,1250.75,1259.58,1269.29,1279.39,1290.20,1301.76,1313.82,1326.78,1340.64,1355.22,1370.58,1386.90,1404.43,99999.00,99999.00,99999.00,99999.00,99999.00,99999.00,99999.00,99999.00,99999.00,99999.00,99999.00,99999.00,99999.00,99999.00,99999.00,99999.00,99999.00,99999.00,99999.00,99999.00,99999.00,99999.00,99999.00,99999.00,99999.00,99999.00,99999.00,99999.00,99999.00,99999.00,99999.00,99999.00,99999.00,99999.00,99999.00,99999.00,99999.00,99999.00,99999.00
99999.00,99999.00,99999.00,99999.00,99999.00,99999.00,99999.00,99999.00,99999.00,99999.00,99999.00,99999.00,99999.00,99999.00,99999.00,1196.20,1188.55,1184.92,99999.00,99999.00,99999.00,99999.00,99999.00,99999.00,99999.00,99999.00,99999.00,99999.00,99999.00,99999.00,99999.00,99999.00,99999.00,99999.00,1125.26,1121.59,1121.06,1122.97,1126.74,1131.39,1136.55,1142.14,1148.08,1154.22,1161.54,1170.96,1181.52,1192.40,1203.15,1217.06,1230.72,1244.32,1257.88,1271.04,1287.30,1303.12,1318.44,1333.27,1320.66,1307.17,1294.79,1282.71,1271.42,1260.60,1250.57,1241.58,1233.50,1226.30,1220.39,1215.51,1211.34,1208.07,1205.59,1203.65,1203.33,1204.28,1205.91,1207.83,1209.81,1211.88,1214.11,1217.32,1221.13,1225.53,1230.58,1236.38,1242.86,1249.85,1257.56,1266.08,1275.27,1285.13,1295.66,1306.65,1318.41,1331.06,1344.37,1358.69,1373.80,1389.85,1407.12,99999.00,99999.00,99999.00,99999.00,99999.00,99999.00,99999.00,99999.00,99999.00,99999.00,99999.00,99999.00,99999.00,99999.00,99999.00,99999.00,99999.00,99999.00,99999.00,99999.00,99999.00,99999.00,99999.00,99999.00,99999.00,99999.00,99999.00,99999.00,99999.00,99999.00,99999.00,99999.00,99999.00,99999.00,99999.00,99999.00,99999.00,99999.00,99999.00
99999.00,99999.00,99999.00,99999.00,99999.00,99999.00,99999.00,99999.00,99999.00,99999.00,99999.00,99999.00,99999.00,99999.00,99999.00,1224.95,1217.11,1213.84,99999.00,99999.00,99999.00,99999.00,99999.00,99999.00,99999.00,99999.00,99999.00,99999.00,99999.00,99999.00,99999.00,99999.00,99999.00,99999.00,1152.99,1148.36,1147.18,1148.66,1152.14,1156.60,1161.62,1167.08,1172.83,1178.48,1184.31,1191.43,1200.70,1210.30,1220.16,1230.54,1243.53,1256.35,1269.17,1281.97,1294.36,1306.65,1321.64,1336.20,1326.64,1313.36,1301.17,1289.62,1278.51,1268.02,1258.53,1249.93,1242.20,1235.30,1229.67,1224.67,1220.68,1217.54,1215.11,1213.04,1212.61,1213.48,1215.04,1216.91,1218.85,1220.87,1223.02,1225.77,1229.48,1233.74,1238.62,1244.23,1250.45,1257.21,1264.51,1272.55,1281.42,1291.10,1301.12,1311.86,1323.35,1335.42,1348.44,1362.52,1377.39,1393.21,1410.24,99999.00,99999.00,99999.00,99999.00,99999.00,99999.00,99999.00,99999.00,99999.00,99999.00,99999.00,99999.00,99999.00,99999.00,99999.00,99999.00,99999.00,99999.00,99999.00,99999.00,99999.00,99999.00,99999.00,99999.00,99999.00,99999.00,99999.00,99999.00,99999.00,99999.00,99999.00,99999.00,99999.00,99999.00,99999.00,99999.00,99999.00,99999.00,99999.00
99999.00,99999.00,99999.00,99999.00,99999.00,99999.00,99999.00,99999.00,99999.00,99999.00,99999.00,99999.00,99999.00,99999.00,99999.00,99999.00,99999.00,99999.00,99999.00,99999.00,99999.00,99999.00,99999.00,99999.00,99999.00,99999.00,99999.00,99999.00,99999.00,99999.00,99999.00,99999.00,99999.00,99999.00,99999.00,99999.00,99999.00,99999.00,99999.00,99999.00,99999.00,99999.00,99999.00,99999.00,1209.14,1214.42,1221.30,1229.59,1238.45,1247.42,1257.53,1269.63,1281.68,1293.69,1305.64,1317.13,1328.53,1339.83,1332.98,1320.11,1307.89,1296.58,1285.61,1275.63,1266.53,1258.28,1250.87,1244.20,1238.53,1233.69,1229.84,1226.83,1224.45,1222.26,1221.73,1222.52,1224.02,1225.84,1227.75,1229.72,1231.81,1234.19,1237.68,1241.81,1246.54,1251.96,1258.01,1264.50,1271.57,1279.18,1287.61,1296.96,1306.80,1317.35,1328.33,1340.15,1352.90,1366.43,1381.08,1396.69,1413.51,99999.00,99999.00,99999.00,99999.00,99999.00,99999.00,99999.00,99999.00,99999.00,99999.00,99999.00,99999.00,99999.00,99999.00,99999.00,99999.00,99999.00,99999.00,99999.00,99999.00,99999.00,99999.00,99999.00,99999.00,99999.00,99999.00,99999.00,99999.00,99999.00,99999.00,99999.00,99999.00,99999.00,99999.00,99999.00,99999.00,99999.00,99999.00,99999.00
99999.00,99999.00,99999.00,99999.00,99999.00,99999.00,99999.00,99999.00,99999.00,99999.00,99999.00,99999.00,99999.00,99999.00,99999.00,99999.00,99999.00,99999.00,99999.00,99999.00,99999.00,99999.00,99999.00,99999.00,99999.00,99999.00,99999.00,99999.00,99999.00,99999.00,99999.00,99999.00,99999.00,99999.00,99999.00,99999.00,99999.00,99999.00,99999.00,99999.00,99999.00,99999.00,99999.00,99999.00,99999.00,1239.33,1243.94,1250.51,1257.84,1265.74,1274.48,1284.43,1295.71,1306.87,1317.90,1328.83,1339.30,1349.69,1339.81,1327.04,1314.79,1303.46,1292.96,1283.34,1274.58,1266.66,1259.47,1253.05,1247.30,1242.57,1238.87,1235.93,1233.51,1231.30,1230.68,1231.39,1232.84,1234.62,1236.49,1238.42,1240.46,1242.71,1245.73,1249.74,1254.33,1259.58,1265.47,1271.78,1278.56,1285.94,1293.97,1302.88,1312.56,1322.78,1333.58,1345.21,1357.44,1370.72,1385.18,1400.59,1417.22,99999.00,99999.00,99999.00,99999.00,99999.00,99999.00,99999.00,99999.00,99999.00,99999.00,99999.00,99999.00,99999.00,99999.00,99999.00,99999.00,99999.00,99999.00,99999.00,99999.00,99999.00,99999.00,99999.00,99999.00,99999.00,99999.00,99999.00,99999.00,99999.00,99999.00,99999.00,99999.00,99999.00,99999.00,99999.00,99999.00,99999.00,99999.00,99999.00
99999.00,99999.00,99999.00,99999.00,99999.00,99999.00,99999.00,99999.00,99999.00,99999.00,99999.00,99999.00,99999.00,99999.00,99999.00,99999.00,99999.00,99999.00,99999.00,99999.00,99999.00,99999.00,99999.00,99999.00,99999.00,99999.00,99999.00,99999.00,99999.00,99999.00,99999.00,99999.00,99999.00,99999.00,99999.00,99999.00,99999.00,99999.00,99999.00,99999.00,99999.00,99999.00,99999.00,99999.00,99999.00,99999.00,1268.53,1273.21,1279.01,1285.87,1293.13,1301.76,1311.54,1321.82,1331.84,1341.68,1351.41,1360.72,1346.93,1333.98,1321.88,1310.64,1300.45,1291.14,1282.69,1274.98,1267.95,1261.52,1255.94,1251.39,1247.73,1244.86,1242.32,1240.17,1239.47,1240.11,1241.50,1243.25,1245.07,1246.96,1248.96,1251.11,1253.75,1257.54,1261.99,1267.08,1272.81,1278.96,1285.56,1292.68,1300.49,1309.00,1318.41,1328.30,1338.93,1350.23,1362.28,1375.38,1389.36,1404.60,1421.04,99999.00,99999.00,99999.00,99999.00,99999.00,99999.00,99999.00,99999.00,99999.00,99999.00,99999.00,99999.00,99999.00,99999.00,99999.00,99999.00,99999.00,99999.00,99999.00,99999.00,99999.00,99999.00,99999.00,99999.00,99999.00,99999.00,99999.00,99999.00,99999.00,99999.00,99999.00,99999.00,99999.00,99999.00,99999.00,99999.00,99999.00,99999.00,99999.00
99999.00,99999.00,99999.00,99999.00,99999.00,99999.00,99999.00,99999.00,99999.00,99999.00,99999.00,99999.00,99999.00,99999.00,99999.00,99999.00,99999.00,99999.00,99999.00,99999.00,99999.00,99999.00,99999.00,99999.00,99999.00,99999.00,99999.00,99999.00,99999.00,99999.00,99999.00,99999.00,99999.00,99999.00,99999.00,99999.00,99999.00,99999.00,99999.00,99999.00,99999.00,99999.00,99999.00,99999.00,99999.00,99999.00,1294.34,1297.57,1302.23,1307.69,1313.83,1321.05,1329.57,1338.92,1347.80,1356.36,1364.77,1368.35,1354.29,1341.24,1329.04,1318.02,1308.06,1299.03,1290.78,1283.22,1276.29,1269.91,1264.47,1260.08,1256.50,1253.50,1250.96,1248.87,1248.08,1248.66,1250.00,1251.71,1253.50,1255.35,1257.30,1259.40,1261.89,1265.21,1269.53,1274.47,1280.06,1286.05,1292.48,1299.45,1307.01,1315.29,1324.29,1334.04,1344.41,1355.38,1367.27,1380.04,1393.84,1408.91,1425.18,99999.00,99999.00,99999.00,99999.00,99999.00,99999.00,99999.00,99999.00,99999.00,99999.00,99999.00,99999.00,99999.00,99999.00,99999.00,99999.00,99999.00,99999.00,99999.00,99999.00,99999.00,99999.00,99999.00,99999.00,99999.00,99999.00,99999.00,99999.00,99999.00,99999.00,99999.00,99999.00,99999.00,99999.00,99999.00,99999.00,99999.00,99999.00,99999.00
99999.00,99999.00,99999.00,99999.00,99999.00,99999.00,99999.00,99999.00,99999.00,99999.00,99999.00,99999.00,99999.00,99999.00,99999.00,99999.00,99999.00,99999.00,99999.00,99999.00,99999.00,99999.00,99999.00,99999.00,99999.00,99999.00,99999.00,99999.00,99999.00,99999.00,99999.00,99999.00,99999.00,99999.00,99999.00,99999.00,99999.00,99999.00,99999.00,99999.00,99999.00,99999.00,99999.00,99999.00,99999.00,99999.00,99999.00,99999.00,99999.00,99999.00,99999.00,99999.00,99999.00,99999.00,1364.98,1372.02,1379.08,1376.15,1361.74,1348.47,1336.40,1325.55,1315.76,1306.90,1298.78,1291.33,1284.44,1278.18,1272.93,1268.60,1265.11,1261.98,1259.43,1257.39,1256.53,1257.04,1258.34,1260.01,1261.77,1263.59,1265.50,1267.54,1269.91,1272.85,1276.95,1281.75,1287.20,1293.05,1299.34,1306.17,1313.57,1321.59,1330.37,1339.92,1349.95,1360.78,1372.40,1384.84,1398.48,1413.39,1429.52,99999.00,99999.00,99999.00,99999.00,99999.00,99999.00,99999.00,99999.00,99999.00,99999.00,99999.00,99999.00,99999.00,99999.00,99999.00,99999.00,99999.00,99999.00,99999.00,99999.00,99999.00,99999.00,99999.00,99999.00,99999.00,99999.00,99999.00,99999.00,99999.00,99999.00,99999.00,99999.00,99999.00,99999.00,99999.00,99999.00,99999.00,99999.00,99999.00
99999.00,99999.00,99999.00,99999.00,99999.00,99999.00,99999.00,99999.00,99999.00,99999.00,99999.00,99999.00,99999.00,99999.00,99999.00,99999.00,99999.00,99999.00,99999.00,99999.00,99999.00,99999.00,99999.00,99999.00,99999.00,99999.00,99999.00,99999.00,99999.00,99999.00,99999.00,99999.00,99999.00,99999.00,99999.00,99999.00,99999.00,99999.00,99999.00,99999.00,99999.00,99999.00,99999.00,99999.00,99999.00,99999.00,99999.00,99999.00,99999.00,99999.00,99999.00,99999.00,99999.00,99999.00,99999.00,1389.57,1394.68,1383.89,1369.30,1355.87,1343.91,1333.18,1323.47,1314.69,1306.66,1299.25,1292.49,1286.35,1281.27,1277.04,1273.44,1270.33,1267.80,1265.74,1264.81,1265.26,1266.51,1268.16,1269.88,1271.66,1273.54,1275.54,1277.83,1280.61,1284.24,1288.91,1294.22,1299.94,1306.15,1312.84,1320.10,1327.96,1336.47,1345.79,1355.71,1366.34,1377.62,1389.93,1403.30,1417.88,1433.86,99999.00,99999.00,99999.00,99999.00,99999.00,99999.00,99999.00,99999.00,99999.00,99999.00,99999.00,99999.00,99999.00,99999.00,99999.00,99999.00,99999.00,99999.00,99999.00,99999.00,99999.00,99999.00,99999.00,99999.00,99999.00,99999.00,99999.00,99999.00,99999.00,99999.00,99999.00,99999.00,99999.00,99999.00,99999.00,99999.00,99999.00,99999.00,99999.00
99999.00,99999.00,99999.00,99999.00,99999.00,99999.00,99999.00,99999.00,99999.00,99999.00,99999.00,99999.00,99999.00,99999.00,99999.00,99999.00,99999.00,99999.00,99999.00,99999.00,99999.00,99999.00,99999.00,99999.00,99999.00,99999.00,99999.00,99999.00,99999.00,99999.00,99999.00,99999.00,99999.00,99999.00,99999.00,99999.00,99999.00,99999.00,99999.00,99999.00,99999.00,99999.00,99999.00,99999.00,99999.00,99999.00,99999.00,99999.00,99999.00,99999.00,99999.00,99999.00,99999.00,99999.00,99999.00,99999.00,1408.37,1391.64,1376.78,1363.37,1351.48,1340.78,1331.13,1322.36,1314.35,1307.06,1300.42,1294.46,1289.45,1285.32,1281.61,1278.50,1276.05,1273.95,1272.91,1273.31,1274.52,1276.14,1277.83,1279.58,1281.42,1283.38,1285.61,1288.26,1291.52,1295.97,1301.13,1306.78,1312.87,1319.47,1326.58,1334.30,1342.65,1351.70,1361.51,1371.92,1383.08,1395.18,1408.22,1422.67,1438.51,99999.00,99999.00,99999.00,99999.00,99999.00,99999.00,99999.00,99999.00,99999.00,99999.00,99999.00,99999.00,99999.00,99999.00,99999.00,99999.00,99999.00,99999.00,99999.00,99999.00,99999.00,99999.00,99999.00,99999.00,99999.00,99999.00,99999.00,99999.00,99999.00,99999.00,99999.00,99999.00,99999.00,99999.00,99999.00,99999.00,99999.00,99999.00,99999.00
99999.00,99999.00,99999.00,99999.00,99999.00,99999.00,99999.00,99999.00,99999.00,99999.00,99999.00,99999.00,99999.00,99999.00,99999.00,99999.00,99999.00,99999.00,99999.00,99999.00,99999.00,99999.00,99999.00,99999.00,99999.00,99999.00,99999.00,99999.00,99999.00,99999.00,99999.00,99999.00,99999.00,99999.00,99999.00,99999.00,99999.00,99999.00,99999.00,99999.00,99999.00,99999.00,99999.00,99999.00,99999.00,99999.00,99999.00,99999.00,99999.00,99999.00,99999.00,99999.00,99999.00,99999.00,99999.00,99999.00,1416.17,1399.20,1384.23,1370.84,1358.97,1348.31,1338.64,1329.83,1321.93,1314.76,1308.24,1302.45,1297.55,1293.33,1289.64,1286.58,1284.12,1282.04,1280.89,1281.20,1282.36,1283.96,1285.61,1287.33,1289.14,1291.07,1293.25,1295.83,1298.93,1302.90,1307.96,1313.53,1319.54,1326.03,1333.05,1340.61,1348.82,1357.71,1367.37,1377.55,1388.61,1400.48,1413.40,1427.65,1443.37,99999.00,99999.00,99999.00,99999.00,99999.00,99999.00,99999.00,99999.00,99999.00,99999.00,99999.00,99999.00,99999.00,99999.00,99999.00,99999.00,99999.00,99999.00,99999.00,99999.00,99999.00,99999.00,99999.00,99999.00,99999.00,99999.00,99999.00,99999.00,99999.00,99999.00,99999.00,99999.00,99999.00,99999.00,99999.00,99999.00,99999.00,99999.00,99999.00
99999.00,99999.00,99999.00,99999.00,99999.00,99999.00,99999.00,99999.00,99999.00,99999.00,99999.00,99999.00,99999.00,99999.00,99999.00,99999.00,99999.00,99999.00,99999.00,99999.00,99999.00,99999.00,99999.00,99999.00,99999.00,99999.00,99999.00,99999.00,99999.00,99999.00,99999.00,99999.00,99999.00,99999.00,99999.00,99999.00,99999.00,99999.00,99999.00,99999.00,99999.00,99999.00,99999.00,99999.00,99999.00,99999.00,99999.00,99999.00,99999.00,99999.00,99999.00,99999.00,99999.00,99999.00,99999.00,99999.00,1423.40,1406.41,1391.52,1378.17,1366.33,1355.64,1345.93,1337.22,1329.39,1322.34,1315.98,1310.27,1305.49,1301.17,1297.51,1294.53,1292.05,1290.01,1288.76,1288.97,1290.06,1291.62,1293.24,1294.93,1296.71,1298.61,1300.75,1303.27,1306.25,1309.84,1314.79,1320.21,1326.14,1332.54,1339.44,1346.91,1354.96,1363.71,1373.21,1383.30,1394.21,1405.86,1418.67,1432.68,1448.29,99999.00,99999.00,99999.00,99999.00,99999.00,99999.00,99999.00,99999.00,99999.00,99999.00,99999.00,99999.00,99999.00,99999.00,99999.00,99999.00,99999.00,99999.00,99999.00,99999.00,99999.00,99999.00,99999.00,99999.00,99999.00,99999.00,99999.00,99999.00,99999.00,99999.00,99999.00,99999.00,99999.00,99999.00,99999.00,99999.00,99999.00,99999.00,99999.00
99999.00,99999.00,99999.00,99999.00,99999.00,99999.00,99999.00,99999.00,99999.00,99999.00,99999.00,99999.00,99999.00,99999.00,99999.00,99999.00,99999.00,99999.00,99999.00,99999.00,99999.00,99999.00,99999.00,99999.00,99999.00,99999.00,99999.00,99999.00,99999.00,99999.00,99999.00,99999.00,99999.00,99999.00,99999.00,99999.00,99999.00,99999.00,99999.00,99999.00,99999.00,99999.00,99999.00,99999.00,99999.00,99999.00,99999.00,99999.00,99999.00,99999.00,99999.00,99999.00,99999.00,99999.00,99999.00,99999.00,1430.40,1413.46,1398.67,1385.37,1373.50,1362.77,1353.16,1344.52,1336.74,1329.86,1323.63,1318.04,1313.18,1308.90,1305.29,1302.33,1299.87,1297.88,1296.52,1296.64,1297.65,1299.15,1300.71,1302.38,1304.13,1306.00,1308.11,1310.59,1313.48,1317.02,1321.50,1326.89,1332.67,1338.99,1345.80,1353.15,1361.11,1369.70,1379.05,1389.05,1399.81,1411.36,1424.02,1437.82,1453.32,99999.00,99999.00,99999.00,99999.00,99999.00,99999.00,99999.00,99999.00,99999.00,99999.00,99999.00,99999.00,99999.00,99999.00,99999.00,99999.00,99999.00,99999.00,99999.00,99999.00,99999.00,99999.00,99999.00,99999.00,99999.00,99999.00,99999.00,99999.00,99999.00,99999.00,99999.00,99999.00,99999.00,99999.00,99999.00,99999.00,99999.00,99999.00,99999.00
99999.00,99999.00,99999.00,99999.00,99999.00,99999.00,99999.00,99999.00,99999.00,99999.00,99999.00,99999.00,99999.00,99999.00,99999.00,99999.00,99999.00,99999.00,99999.00,99999.00,99999.00,99999.00,99999.00,99999.00,99999.00,99999.00,99999.00,99999.00,99999.00,99999.00,99999.00,99999.00,99999.00,99999.00,99999.00,99999.00,99999.00,99999.00,99999.00,99999.00,99999.00,99999.00,99999.00,99999.00,99999.00,99999.00,99999.00,99999.00,99999.00,99999.00,99999.00,99999.00,99999.00,99999.00,99999.00,99999.00,1437.29,1420.40,1405.66,1392.41,1380.49,1369.86,1360.31,1351.72,1344.09,1337.29,1331.13,1325.67,1320.72,1316.48,1312.97,1309.99,1307.60,1305.63,1304.18,1304.22,1305.16,1306.60,1308.11,1309.71,1311.40,1313.24,1315.33,1317.77,1320.69,1324.13,1328.23,1333.47,1339.22,1345.38,1352.11,1359.37,1367.21,1375.71,1384.90,1394.82,1405.42,1416.89,1429.39,1443.09,1458.45,99999.00,99999.00,99999.00,99999.00,99999.00,99999.00,99999.00,99999.00,99999.00,99999.00,99999.00,99999.00,99999.00,99999.00,99999.00,99999.00,99999.00,99999.00,99999.00,99999.00,99999.00,99999.00,99999.00,99999.00,99999.00,99999.00,99999.00,99999.00,99999.00,99999.00,99999.00,99999.00,99999.00,99999.00,99999.00,99999.00,99999.00,99999.00,99999.00
99999.00,99999.00,99999.00,99999.00,99999.00,99999.00,99999.00,99999.00,99999.00,99999.00,99999.00,99999.00,99999.00,99999.00,99999.00,99999.00,99999.00,99999.00,99999.00,99999.00,99999.00,99999.00,99999.00,99999.00,99999.00,99999.00,99999.00,99999.00,99999.00,99999.00,99999.00,99999.00,99999.00,99999.00,99999.00,99999.00,99999.00,99999.00,99999.00,99999.00,99999.00,99999.00,99999.00,99999.00,99999.00,99999.00,99999.00,99999.00,99999.00,99999.00,99999.00,99999.00,99999.00,99999.00,99999.00,99999.00,1444.04,1427.19,1412.41,1399.27,1387.45,1376.87,1367.38,1358.93,1351.39,1344.60,1338.60,1333.06,1328.16,1323.99,1320.50,1317.57,1315.22,1313.29,1311.75,1311.71,1312.58,1313.96,1315.44,1317.00,1318.64,1320.38,1322.40,1324.89,1327.81,1331.18,1335.21,1340.07,1345.67,1351.79,1358.37,1365.54,1373.28,1381.66,1390.76,1400.60,1411.05,1422.43,1434.78,1448.39,1463.60,99999.00,99999.00,99999.00,99999.00,99999.00,99999.00,99999.00,99999.00,99999.00,99999.00,99999.00,99999.00,99999.00,99999.00,99999.00,99999.00,99999.00,99999.00,99999.00,99999.00,99999.00,99999.00,99999.00,99999.00,99999.00,99999.00,99999.00,99999.00,99999.00,99999.00,99999.00,99999.00,99999.00,99999.00,99999.00,99999.00,99999.00,99999.00,99999.00
99999.00,99999.00,99999.00,99999.00,99999.00,99999.00,99999.00,99999.00,99999.00,99999.00,99999.00,99999.00,99999.00,99999.00,99999.00,99999.00,99999.00,99999.00,99999.00,99999.00,99999.00,99999.00,99999.00,99999.00,99999.00,99999.00,99999.00,99999.00,99999.00,99999.00,99999.00,99999.00,99999.00,99999.00,99999.00,99999.00,99999.00,99999.00,99999.00,99999.00,99999.00,99999.00,99999.00,99999.00,99999.00,99999.00,99999.00,99999.00,99999.00,99999.00,99999.00,99999.00,99999.00,99999.00,99999.00,99999.00,1450.57,1433.84,1419.21,1406.13,1394.36,1383.83,1374.48,1366.12,1358.58,1351.89,1345.88,1340.32,1335.47,1331.40,1327.91,1325.05,1322.75,1320.85,1319.22,1319.11,1319.92,1321.25,1322.68,1324.22,1325.82,1327.51,1329.55,1331.99,1334.82,1338.20,1342.14,1346.76,1352.14,1358.12,1364.65,1371.67,1379.32,1387.61,1396.59,1406.35,1416.70,1428.01,1440.21,1453.73,1468.78,99999.00,99999.00,99999.00,99999.00,99999.00,99999.00,99999.00,99999.00,99999.00,99999.00,99999.00,99999.00,99999.00,99999.00,99999.00,99999.00,99999.00,99999.00,99999.00,99999.00,99999.00,99999.00,99999.00,99999.00,99999.00,99999.00,99999.00,99999.00,99999.00,99999.00,99999.00,99999.00,99999.00,99999.00,99999.00,99999.00,99999.00,99999.00,99999.00
99999.00,99999.00,99999.00,99999.00,99999.00,99999.00,99999.00,99999.00,99999.00,99999.00,99999.00,99999.00,99999.00,99999.00,99999.00,99999.00,99999.00,99999.00,99999.00,99999.00,99999.00,99999.00,99999.00,99999.00,99999.00,99999.00,99999.00,99999.00,99999.00,99999.00,99999.00,99999.00,99999.00,99999.00,99999.00,99999.00,99999.00,99999.00,99999.00,99999.00,99999.00,99999.00,99999.00,99999.00,99999.00,99999.00,99999.00,99999.00,99999.00,99999.00,99999.00,99999.00,99999.00,99999.00,99999.00,99999.00,1457.17,1440.49,1425.98,1412.94,1401.22,1390.83,1381.55,1373.19,1365.75,1359.06,1352.98,1347.51,1342.73,1338.69,1335.25,1332.44,1330.18,1328.31,1326.60,1326.42,1327.17,1328.46,1329.86,1331.37,1332.96,1334.69,1336.69,1339.07,1341.94,1345.27,1349.08,1353.59,1358.71,1364.47,1370.85,1377.83,1385.33,1393.53,1402.41,1412.08,1422.34,1433.56,1445.67,1459.11,1474.01,99999.00,99999.00,99999.00,99999.00,99999.00,99999.00,99999.00,99999.00,99999.00,99999.00,99999.00,99999.00,99999.00,99999.00,99999.00,99999.00,99999.00,99999.00,99999.00,99999.00,99999.00,99999.00,99999.00,99999.00,99999.00,99999.00,99999.00,99999.00,99999.00,99999.00,99999.00,99999.00,99999.00,99999.00,99999.00,99999.00,99999.00,99999.00,99999.00
99999.00,99999.00,99999.00,99999.00,99999.00,99999.00,99999.00,99999.00,99999.00,99999.00,99999.00,99999.00,99999.00,99999.00,99999.00,99999.00,99999.00,99999.00,99999.00,99999.00,99999.00,99999.00,99999.00,99999.00,99999.00,99999.00,99999.00,99999.00,99999.00,99999.00,99999.00,99999.00,99999.00,99999.00,99999.00,99999.00,99999.00,99999.00,99999.00,99999.00,99999.00,99999.00,99999.00,99999.00,99999.00,99999.00,99999.00,99999.00,99999.00,99999.00,99999.00,99999.00,99999.00,99999.00,99999.00,99999.00,1463.84,1447.25,1432.81,1419.78,1408.19,1397.87,1388.60,1380.33,1372.89,1366.11,1360.06,1354.63,1349.94,1345.87,1342.51,1339.75,1337.53,1335.68,1333.89,1333.65,1334.35,1335.59,1336.96,1338.46,1340.09,1341.88,1343.82,1346.22,1349.04,1352.28,1356.10,1360.52,1365.55,1371.02,1377.17,1383.98,1391.43,1399.47,1408.27,1417.84,1428.06,1439.20,1451.20,1464.57,1479.38,99999.00,99999.00,99999.00,99999.00,99999.00,99999.00,99999.00,99999.00,99999.00,99999.00,99999.00,99999.00,99999.00,99999.00,99999.00,99999.00,99999.00,99999.00,99999.00,99999.00,99999.00,99999.00,99999.00,99999.00,99999.00,99999.00,99999.00,99999.00,99999.00,99999.00,99999.00,99999.00,99999.00,99999.00,99999.00,99999.00,99999.00,99999.00,99999.00
99999.00,99999.00,99999.00,99999.00,99999.00,99999.00,99999.00,99999.00,99999.00,99999.00,99999.00,99999.00,99999.00,99999.00,99999.00,99999.00,99999.00,99999.00,99999.00,99999.00,99999.00,99999.00,99999.00,99999.00,99999.00,99999.00,99999.00,99999.00,99999.00,99999.00,99999.00,99999.00,99999.00,99999.00,99999.00,99999.00,99999.00,99999.00,99999.00,99999.00,99999.00,99999.00,99999.00,99999.00,99999.00,99999.00,99999.00,99999.00,99999.00,99999.00,99999.00,99999.00,99999.00,99999.00,99999.00,99999.00,1470.69,1454.18,1439.81,1426.80,1415.28,1404.96,1395.78,1387.50,1379.97,1373.22,1367.15,1361.85,1357.18,1353.18,1349.84,1347.08,1344.84,1342.89,1341.11,1340.80,1341.44,1342.65,1344.02,1345.55,1347.22,1349.03,1351.00,1353.36,1356.12,1359.40,1363.17,1367.46,1372.47,1377.86,1383.72,1390.30,1397.59,1405.58,1414.22,1423.70,1433.92,1444.96,1456.93,1470.21,1484.91,99999.00,99999.00,99999.00,99999.00,99999.00,99999.00,99999.00,99999.00,99999.00,99999.00,99999.00,99999.00,99999.00,99999.00,99999.00,99999.00,99999.00,99999.00,99999.00,99999.00,99999.00,99999.00,99999.00,99999.00,99999.00,99999.00,99999.00,99999.00,99999.00,99999.00,99999.00,99999.00,99999.00,99999.00,99999.00,99999.00,99999.00,99999.00,99999.00
99999.00,99999.00,99999.00,99999.00,99999.00,99999.00,99999.00,99999.00,99999.00,99999.00,99999.00,99999.00,99999.00,99999.00,99999.00,99999.00,99999.00,99999.00,99999.00,99999.00,99999.00,99999.00,99999.00,99999.00,99999.00,99999.00,99999.00,99999.00,99999.00,99999.00,99999.00,99999.00,99999.00,99999.00,99999.00,99999.00,99999.00,99999.00,99999.00,99999.00,99999.00,99999.00,99999.00,99999.00,99999.00,99999.00,99999.00,99999.00,99999.00,99999.00,99999.00,99999.00,99999.00,99999.00,99999.00,99999.00,1477.70,1461.27,1446.89,1433.95,1422.42,1412.19,1403.00,1394.64,1387.13,1380.36,1374.40,1369.04,1364.35,1360.42,1357.14,1354.42,1352.20,1350.17,1348.28,1347.89,1348.49,1349.69,1351.08,1352.64,1354.35,1356.16,1358.19,1360.48,1363.27,1366.50,1370.18,1374.48,1379.41,1384.78,1390.56,1396.85,1403.91,1411.73,1420.32,1429.65,1439.87,1450.82,1462.79,1475.97,1490.64,99999.00,99999.00,99999.00,99999.00,99999.00,99999.00,99999.00,99999.00,99999.00,99999.00,99999.00,99999.00,99999.00,99999.00,99999.00,99999.00,99999.00,99999.00,99999.00,99999.00,99999.00,99999.00,99999.00,99999.00,99999.00,99999.00,99999.00,99999.00,99999.00,99999.00,99999.00,99999.00,99999.00,99999.00,99999.00,99999.00,99999.00,99999.00,99999.00
99999.00,99999.00,99999.00,99999.00,99999.00,99999.00,99999.00,99999.00,99999.00,99999.00,99999.00,99999.00,99999.00,99999.00,99999.00,99999.00,99999.00,99999.00,99999.00,99999.00,99999.00,99999.00,99999.00,99999.00,99999.00,99999.00,99999.00,99999.00,99999.00,99999.00,99999.00,99999.00,99999.00,99999.00,99999.00,99999.00,99999.00,99999.00,99999.00,99999.00,99999.00,99999.00,99999.00,99999.00,99999.00,99999.00,99999.00,99999.00,99999.00,99999.00,99999.00,99999.00,99999.00,99999.00,99999.00,99999.00,1484.27,1468.16,1453.95,1441.05,1429.64,1419.42,1410.15,1401.82,1394.30,1387.65,1381.63,1376.26,1371.64,1367.73,1364.45,1361.72,1359.41,1357.38,1355.48,1355.03,1355.58,1356.76,1358.14,1359.73,1361.48,1363.28,1365.34,1367.67,1370.41,1373.58,1377.30,1381.55,1386.36,1391.72,1397.48,1403.69,1410.46,1418.05,1426.48,1435.75,1445.87,1456.76,1468.73,1481.83,1496.50,99999.00,99999.00,99999.00,99999.00,99999.00,99999.00,99999.00,99999.00,99999.00,99999.00,99999.00,99999.00,99999.00,99999.00,99999.00,99999.00,99999.00,99999.00,99999.00,99999.00,99999.00,99999.00,99999.00,99999.00,99999.00,99999.00,99999.00,99999.00,99999.00,99999.00,99999.00,99999.00,99999.00,99999.00,99999.00,99999.00,99999.00,99999.00,99999.00
99999.00,99999.00,99999.00,99999.00,99999.00,99999.00,99999.00,99999.00,99999.00,99999.00,99999.00,99999.00,99999.00,99999.00,99999.00,99999.00,99999.00,99999.00,99999.00,99999.00,99999.00,99999.00,99999.00,99999.00,99999.00,99999.00,99999.00,99999.00,99999.00,99999.00,99999.00,99999.00,99999.00,99999.00,99999.00,99999.00,99999.00,99999.00,99999.00,99999.00,99999.00,99999.00,99999.00,99999.00,99999.00,99999.00,99999.00,99999.00,99999.00,99999.00,99999.00,99999.00,99999.00,99999.00,99999.00,1507.90,1490.39,1474.70,1460.84,1448.14,1436.79,1426.53,1417.31,1408.98,1401.60,1394.89,1388.88,1383.39,1378.86,1375.01,1371.78,1369.09,1366.76,1364.69,1362.75,1362.24,1362.75,1363.89,1365.25,1366.82,1368.57,1370.40,1372.47,1374.85,1377.53,1380.73,1384.41,1388.56,1393.38,1398.67,1404.42,1410.61,1417.29,1424.60,1432.80,1441.91,1451.97,1462.87,1474.74,1487.77,1502.44,99999.00,99999.00,99999.00,99999.00,99999.00,99999.00,99999.00,99999.00,99999.00,99999.00,99999.00,99999.00,99999.00,99999.00,99999.00,99999.00,99999.00,99999.00,99999.00,99999.00,99999.00,99999.00,99999.00,99999.00,99999.00,99999.00,99999.00,99999.00,99999.00,99999.00,99999.00,99999.00,99999.00,99999.00,99999.00,99999.00,99999.00,99999.00,99999.00
99999.00,99999.00,99999.00,99999.00,99999.00,99999.00,99999.00,99999.00,99999.00,99999.00,99999.00,99999.00,99999.00,99999.00,99999.00,99999.00,99999.00,99999.00,99999.00,99999.00,99999.00,99999.00,99999.00,99999.00,99999.00,99999.00,99999.00,99999.00,99999.00,99999.00,99999.00,99999.00,99999.00,99999.00,99999.00,99999.00,99999.00,99999.00,99999.00,99999.00,99999.00,99999.00,99999.00,99999.00,99999.00,99999.00,99999.00,99999.00,99999.00,99999.00,99999.00,99999.00,99999.00,99999.00,1530.92,1512.66,1496.14,1481.06,1467.60,1455.09,1443.77,1433.61,1424.42,1416.26,1408.84,1402.15,1396.03,1390.67,1386.18,1382.39,1379.20,1376.46,1374.13,1372.05,1370.09,1369.53,1369.99,1371.09,1372.42,1373.98,1375.72,1377.51,1379.59,1382.00,1384.72,1387.87,1391.48,1395.68,1400.45,1405.69,1411.37,1417.55,1424.22,1431.44,1439.35,1448.23,1458.13,1469.02,1480.84,1493.88,1508.45,99999.00,99999.00,99999.00,99999.00,99999.00,99999.00,99999.00,99999.00,99999.00,99999.00,99999.00,99999.00,99999.00,99999.00,99999.00,99999.00,99999.00,99999.00,99999.00,99999.00,99999.00,99999.00,99999.00,99999.00,99999.00,99999.00,99999.00,99999.00,99999.00,99999.00,99999.00,99999.00,99999.00,99999.00,99999.00,99999.00,99999.00,99999.00,99999.00
99999.00,99999.00,99999.00,99999.00,99999.00,99999.00,99999.00,99999.00,99999.00,99999.00,99999.00,99999.00,99999.00,99999.00,99999.00,99999.00,99999.00,99999.00,99999.00,99999.00,99999.00,99999.00,99999.00,99999.00,99999.00,99999.00,99999.00,99999.00,99999.00,99999.00,99999.00,99999.00,99999.00,99999.00,99999.00,99999.00,99999.00,99999.00,99999.00,99999.00,99999.00,99999.00,99999.00,99999.00,99999.00,99999.00,1702.97,1678.41,1655.25,1633.20,1612.05,1591.69,1572.00,1552.95,1534.74,1517.47,1501.85,1487.31,1474.12,1461.89,1450.75,1440.67,1431.69,1423.52,1416.15,1409.38,1403.42,1398.11,1393.60,1389.87,1386.72,1383.97,1381.61,1379.49,1377.51,1376.88,1377.29,1378.35,1379.65,1381.19,1382.93,1384.70,1386.73,1389.13,1391.90,1394.99,1398.63,1402.79,1407.46,1412.76,1418.39,1424.50,1431.16,1438.36,1446.18,1454.78,1464.45,1475.28,1487.00,1500.03,1514.55,99999.00,99999.00,99999.00,99999.00,99999.00,99999.00,99999.00,99999.00,99999.00,99999.00,99999.00,99999.00,99999.00,99999.00,99999.00,99999.00,99999.00,99999.00,99999.00,99999.00,99999.00,99999.00,99999.00,99999.00,99999.00,99999.00,99999.00,99999.00,99999.00,99999.00,99999.00,99999.00,99999.00,99999.00,99999.00,99999.00,99999.00,99999.00,99999.00
99999.00,99999.00,99999.00,99999.00,99999.00,99999.00,99999.00,99999.00,99999.00,99999.00,99999.00,99999.00,99999.00,99999.00,99999.00,99999.00,99999.00,99999.00,99999.00,99999.00,99999.00,99999.00,99999.00,99999.00,99999.00,99999.00,99999.00,99999.00,99999.00,99999.00,99999.00,99999.00,99999.00,99999.00,99999.00,99999.00,99999.00,99999.00,99999.00,99999.00,99999.00,99999.00,99999.00,99999.00,99999.00,99999.00,1697.87,1674.66,1652.73,1631.85,1611.85,1592.61,1574.04,1556.08,1538.80,1522.46,1507.47,1493.49,1480.69,1468.71,1457.74,1447.92,1438.98,1430.89,1423.46,1416.87,1410.97,1405.62,1401.11,1397.43,1394.24,1391.50,1389.13,1386.99,1384.99,1384.30,1384.66,1385.68,1386.95,1388.47,1390.20,1391.97,1393.98,1396.30,1399.05,1402.18,1405.77,1409.86,1414.58,1419.77,1425.46,1431.52,1438.11,1445.30,1453.10,1461.61,1471.00,1481.60,1493.32,1506.29,1520.71,99999.00,99999.00,99999.00,99999.00,99999.00,99999.00,99999.00,99999.00,99999.00,99999.00,99999.00,99999.00,99999.00,99999.00,99999.00,99999.00,99999.00,99999.00,99999.00,99999.00,99999.00,99999.00,99999.00,99999.00,99999.00,99999.00,99999.00,99999.00,99999.00,99999.00,99999.00,99999.00,99999.00,99999.00,99999.00,99999.00,99999.00,99999.00,99999.00
99999.00,99999.00,99999.00,99999.00,99999.00,99999.00,99999.00,99999.00,99999.00,99999.00,99999.00,99999.00,99999.00,99999.00,99999.00,99999.00,99999.00,99999.00,99999.00,99999.00,99999.00,99999.00,99999.00,99999.00,99999.00,99999.00,99999.00,99999.00,99999.00,99999.00,99999.00,99999.00,99999.00,99999.00,99999.00,99999.00,99999.00,99999.00,99999.00,99999.00,99999.00,99999.00,99999.00,99999.00,99999.00,1717.93,1694.62,1672.64,1651.78,1631.87,1612.78,1594.42,1576.69,1559.53,1543.08,1527.57,1513.22,1499.72,1487.27,1475.53,1464.89,1455.17,1446.35,1438.24,1431.02,1424.51,1418.59,1413.23,1408.71,1405.09,1401.89,1399.12,1396.73,1394.57,1392.55,1391.80,1392.10,1393.08,1394.31,1395.81,1397.52,1399.32,1401.33,1403.58,1406.24,1409.36,1412.90,1417.01,1421.69,1426.89,1432.47,1438.59,1445.12,1452.25,1460.05,1468.53,1477.83,1488.15,1499.86,1512.61,1527.03,99999.00,99999.00,99999.00,99999.00,99999.00,99999.00,99999.00,99999.00,99999.00,99999.00,99999.00,99999.00,99999.00,99999.00,99999.00,99999.00,99999.00,99999.00,99999.00,99999.00,99999.00,99999.00,99999.00,99999.00,99999.00,99999.00,99999.00,99999.00,99999.00,99999.00,99999.00,99999.00,99999.00,99999.00,99999.00,99999.00,99999.00,99999.00,99999.00
99999.00,99999.00,99999.00,99999.00,99999.00,99999.00,99999.00,99999.00,99999.00,99999.00,99999.00,99999.00,99999.00,99999.00,99999.00,99999.00,99999.00,99999.00,99999.00,99999.00,99999.00,99999.00,99999.00,99999.00,99999.00,99999.00,99999.00,99999.00,99999.00,99999.00,99999.00,99999.00,99999.00,99999.00,99999.00,99999.00,99999.00,99999.00,99999.00,99999.00,99999.00,99999.00,99999.00,99999.00,1737.75,1714.76,1692.86,1672.01,1652.09,1633.01,1614.68,1597.03,1579.96,1563.40,1547.76,1532.91,1519.10,1506.00,1493.97,1482.52,1472.04,1462.49,1453.70,1445.83,1438.71,1432.21,1426.27,1420.91,1416.41,1412.74,1409.56,1406.79,1404.40,1402.22,1400.18,1399.36,1399.61,1400.54,1401.74,1403.21,1404.91,1406.73,1408.75,1410.98,1413.54,1416.57,1420.08,1424.15,1428.76,1433.99,1439.59,1445.60,1452.20,1459.27,1466.99,1475.48,1484.76,1494.98,1506.41,1519.16,1533.57,99999.00,99999.00,99999.00,99999.00,99999.00,99999.00,99999.00,99999.00,99999.00,99999.00,99999.00,99999.00,99999.00,99999.00,99999.00,99999.00,99999.00,99999.00,99999.00,99999.00,99999.00,99999.00,99999.00,99999.00,99999.00,99999.00,99999.00,99999.00,99999.00,99999.00,99999.00,99999.00,99999.00,99999.00,99999.00,99999.00,99999.00,99999.00,99999.00
99999.00,99999.00,99999.00,99999.00,99999.00,99999.00,99999.00,99999.00,99999.00,99999.00,99999.00,99999.00,99999.00,99999.00,99999.00,2321.08,2298.66,2277.46,2257.50,2237.80,2218.27,2199.66,2181.01,2162.29,2144.24,2126.02,2107.64,2089.08,2070.25,2050.98,2031.53,2011.93,1992.18,1972.29,1952.28,1932.14,1911.04,1889.83,1868.56,1847.25,1824.94,1802.17,1779.41,1756.77,1734.56,1713.05,1692.35,1672.47,1653.38,1635.03,1617.36,1600.27,1583.71,1567.74,1552.76,1538.45,1525.19,1512.52,1500.74,1489.52,1479.26,1469.79,1461.28,1453.55,1446.47,1439.97,1434.03,1428.69,1424.25,1420.53,1417.33,1414.53,1412.14,1409.94,1407.88,1407.00,1407.19,1408.07,1409.23,1410.67,1412.35,1414.23,1416.26,1418.47,1420.96,1423.88,1427.31,1431.28,1435.91,1441.07,1446.69,1452.72,1459.21,1466.34,1474.01,1482.42,1491.70,1501.91,1513.24,1525.99,1540.12,99999.00,99999.00,99999.00,99999.00,99999.00,99999.00,99999.00,99999.00,99999.00,99999.00,99999.00,99999.00,99999.00,99999.00,99999.00,99999.00,99999.00,99999.00,99999.00,99999.00,99999.00,99999.00,99999.00,99999.00,99999.00,99999.00,99999.00,99999.00,99999.00,99999.00,99999.00,99999.00,99999.00,99999.00,99999.00,99999.00,99999.00,99999.00,99999.00
99999.00,99999.00,99999.00,99999.00,99999.00,99999.00,99999.00,99999.00,99999.00,99999.00,99999.00,99999.00,99999.00,99999.00,99999.00,2309.69,2288.06,2267.53,2247.40,2227.94,2209.32,2190.69,2172.00,2154.09,2135.99,2117.71,2099.24,2080.60,2061.78,2042.79,2023.51,2003.78,1983.87,1963.81,1943.60,1923.26,1902.82,1882.29,1860.84,1839.36,1817.86,1796.39,1774.99,1753.74,1732.84,1712.48,1692.76,1673.72,1655.35,1637.62,1620.46,1603.83,1587.82,1572.47,1558.13,1544.36,1531.45,1519.12,1507.54,1496.61,1486.49,1477.34,1469.00,1461.34,1454.29,1447.81,1441.87,1436.55,1432.09,1428.33,1425.14,1422.35,1419.97,1417.75,1415.66,1414.71,1414.84,1415.66,1416.78,1418.19,1419.85,1421.80,1423.83,1426.05,1428.50,1431.32,1434.64,1438.48,1443.05,1448.22,1453.77,1459.83,1466.33,1473.35,1481.09,1489.44,1498.65,1508.85,1520.16,1532.85,1546.95,99999.00,99999.00,99999.00,99999.00,99999.00,99999.00,99999.00,99999.00,99999.00,99999.00,99999.00,99999.00,99999.00,99999.00,99999.00,99999.00,99999.00,99999.00,99999.00,99999.00,99999.00,99999.00,99999.00,99999.00,99999.00,99999.00,99999.00,99999.00,99999.00,99999.00,99999.00,99999.00,99999.00,99999.00,99999.00,99999.00,99999.00,99999.00,99999.00
99999.00,99999.00,99999.00,99999.00,99999.00,99999.00,99999.00,99999.00,99999.00,99999.00,99999.00,99999.00,99999.00,99999.00,99999.00,2300.64,2279.22,2259.03,2239.70,2220.91,2202.13,2183.73,2165.96,2148.01,2129.87,2111.54,2093.03,2074.32,2055.43,2036.35,2017.10,1997.67,1977.94,1957.78,1937.46,1916.98,1896.40,1875.74,1855.05,1834.37,1813.73,1793.18,1772.75,1752.50,1732.57,1713.10,1694.17,1675.81,1658.04,1640.79,1624.05,1607.79,1592.48,1577.72,1563.81,1550.45,1537.85,1525.89,1514.49,1503.73,1493.97,1485.04,1476.81,1469.21,1462.20,1455.74,1449.81,1444.58,1440.07,1436.25,1433.03,1430.29,1427.88,1425.63,1423.52,1422.49,1422.56,1423.33,1424.40,1425.77,1427.44,1429.45,1431.49,1433.71,1436.14,1438.87,1442.08,1445.82,1450.18,1455.36,1460.92,1466.90,1473.43,1480.47,1488.09,1496.52,1505.66,1515.80,1527.11,1539.78,1553.87,99999.00,99999.00,99999.00,99999.00,99999.00,99999.00,99999.00,99999.00,99999.00,99999.00,99999.00,99999.00,99999.00,99999.00,99999.00,99999.00,99999.00,99999.00,99999.00,99999.00,99999.00,99999.00,99999.00,99999.00,99999.00,99999.00,99999.00,99999.00,99999.00,99999.00,99999.00,99999.00,99999.00,99999.00,99999.00,99999.00,99999.00,99999.00,99999.00
99999.00,99999.00,99999.00,99999.00,99999.00,99999.00,99999.00,99999.00,99999.00,99999.00,99999.00,99999.00,99999.00,99999.00,99999.00,2292.90,2271.99,2252.16,2233.10,2214.64,2196.65,2179.04,2161.24,2143.25,2125.07,2106.71,2088.15,2069.40,2050.45,2031.32,2012.00,1992.49,1972.81,1952.97,1932.98,1912.87,1892.66,1872.43,1852.21,1832.06,1812.00,1792.09,1772.34,1752.81,1733.60,1714.81,1696.50,1678.67,1661.33,1644.46,1628.14,1612.41,1597.58,1583.29,1569.74,1556.83,1544.47,1532.76,1521.49,1511.14,1501.64,1492.85,1484.71,1477.18,1470.22,1463.78,1457.86,1452.62,1448.09,1444.22,1441.02,1438.32,1435.89,1433.60,1431.46,1430.36,1430.35,1431.06,1432.08,1433.41,1435.11,1437.13,1439.22,1441.44,1443.86,1446.55,1449.64,1453.26,1457.46,1462.48,1468.06,1474.05,1480.51,1487.58,1495.21,1503.52,1512.74,1522.81,1534.05,1546.72,1560.82,99999.00,99999.00,99999.00,99999.00,99999.00,99999.00,99999.00,99999.00,99999.00,99999.00,99999.00,99999.00,99999.00,99999.00,99999.00,99999.00,99999.00,99999.00,99999.00,99999.00,99999.00,99999.00,99999.00,99999.00,99999.00,99999.00,99999.00,99999.00,99999.00,99999.00,99999.00,99999.00,99999.00,99999.00,99999.00,99999.00,99999.00,99999.00,99999.00
99999.00,99999.00,99999.00,99999.00,99999.00,99999.00,99999.00,99999.00,99999.00,99999.00,99999.00,99999.00,99999.00,99999.00,99999.00,2287.49,2267.21,2248.02,2229.62,2211.81,2194.47,2176.94,2159.23,2141.32,2123.21,2104.92,2086.42,2067.73,2048.85,2029.78,2010.52,1991.08,1971.47,1951.72,1931.82,1911.82,1891.76,1871.71,1851.74,1831.88,1812.19,1792.68,1773.41,1754.39,1735.70,1717.40,1699.51,1682.05,1665.04,1648.48,1632.70,1617.50,1603.07,1589.27,1576.02,1563.41,1551.24,1539.74,1528.83,1518.77,1509.44,1500.78,1492.73,1485.27,1478.36,1471.96,1466.10,1460.82,1456.23,1452.30,1449.14,1446.46,1443.99,1441.67,1439.49,1438.30,1438.22,1438.86,1439.82,1441.13,1442.87,1444.89,1447.04,1449.25,1451.65,1454.31,1457.31,1460.82,1464.91,1469.67,1475.18,1481.19,1487.66,1494.65,1502.32,1510.64,1519.74,1529.89,1541.07,1553.67,1567.76,99999.00,99999.00,99999.00,99999.00,99999.00,99999.00,99999.00,99999.00,99999.00,99999.00,99999.00,99999.00,99999.00,99999.00,99999.00,99999.00,99999.00,99999.00,99999.00,99999.00,99999.00,99999.00,99999.00,99999.00,99999.00,99999.00,99999.00,99999.00,99999.00,99999.00,99999.00,99999.00,99999.00,99999.00,99999.00,99999.00,99999.00,99999.00,99999.00
99999.00,99999.00,99999.00,99999.00,99999.00,99999.00,99999.00,99999.00,99999.00,99999.00,99999.00,99999.00,99999.00,99999.00,99999.00,2289.24,2269.48,2250.81,2232.96,2215.70,2198.25,2180.61,2162.77,2144.74,2126.50,2108.07,2089.43,2070.59,2051.56,2032.33,2012.91,1993.32,1973.56,1953.66,1933.64,1913.52,1893.38,1873.30,1853.36,1833.60,1814.08,1794.81,1775.83,1757.13,1738.75,1720.75,1703.15,1685.96,1669.24,1653.11,1637.78,1623.11,1609.01,1595.56,1582.54,1570.19,1558.43,1547.02,1536.43,1526.58,1517.40,1508.86,1500.91,1493.53,1486.66,1480.34,1474.39,1469.10,1464.46,1460.49,1457.39,1454.72,1452.20,1449.83,1447.60,1446.33,1446.16,1446.74,1447.64,1448.94,1450.71,1452.75,1454.89,1457.13,1459.53,1462.16,1465.11,1468.49,1472.46,1477.05,1482.37,1488.32,1494.80,1501.80,1509.39,1517.75,1526.86,1536.89,1548.15,1560.68,1574.78,99999.00,99999.00,99999.00,99999.00,99999.00,99999.00,99999.00,99999.00,99999.00,99999.00,99999.00,99999.00,99999.00,99999.00,99999.00,99999.00,99999.00,99999.00,99999.00,99999.00,99999.00,99999.00,99999.00,99999.00,99999.00,99999.00,99999.00,99999.00,99999.00,99999.00,99999.00,99999.00,99999.00,99999.00,99999.00,99999.00,99999.00,99999.00,99999.00
99999.00,99999.00,99999.00,99999.00,99999.00,99999.00,99999.00,99999.00,99999.00,99999.00,99999.00,99999.00,99999.00,99999.00,99999.00,2292.13,2272.82,2254.59,2237.54,2220.34,2202.95,2185.36,2167.58,2149.61,2131.44,2113.07,2094.50,2075.73,2056.76,2037.59,2018.23,1998.69,1978.78,1958.50,1938.10,1917.63,1897.17,1876.85,1856.74,1836.91,1817.38,1798.16,1779.26,1760.69,1742.47,1724.65,1707.23,1690.22,1673.98,1658.42,1643.45,1629.16,1615.33,1602.17,1589.60,1577.37,1565.71,1554.61,1544.26,1534.59,1525.56,1517.14,1509.29,1501.98,1495.21,1488.81,1482.88,1477.53,1472.83,1468.90,1465.82,1463.10,1460.52,1458.09,1455.82,1454.44,1454.19,1454.68,1455.53,1456.85,1458.64,1460.68,1462.82,1465.10,1467.48,1470.09,1472.99,1476.27,1480.11,1484.60,1489.78,1495.50,1501.92,1508.94,1516.55,1524.83,1533.97,1544.01,1555.15,1567.76,1581.86,99999.00,99999.00,99999.00,99999.00,99999.00,99999.00,99999.00,99999.00,99999.00,99999.00,99999.00,99999.00,99999.00,99999.00,99999.00,99999.00,99999.00,99999.00,99999.00,99999.00,99999.00,99999.00,99999.00,99999.00,99999.00,99999.00,99999.00,99999.00,99999.00,99999.00,99999.00,99999.00,99999.00,99999.00,99999.00,99999.00,99999.00,99999.00,99999.00
99999.00,99999.00,99999.00,99999.00,99999.00,99999.00,99999.00,99999.00,99999.00,99999.00,99999.00,99999.00,99999.00,99999.00,99999.00,2296.40,2277.45,2260.53,2243.46,2226.33,2209.01,2191.51,2173.81,2155.92,2137.84,2119.56,2101.08,2082.39,2063.50,2044.41,2024.90,2004.99,1984.90,1964.67,1944.37,1923.86,1902.99,1882.17,1861.66,1841.51,1821.75,1802.40,1783.44,1764.88,1746.71,1728.97,1711.80,1695.33,1679.47,1664.30,1649.63,1635.66,1622.30,1609.29,1596.85,1584.91,1573.33,1562.49,1552.34,1542.84,1533.96,1525.66,1517.90,1510.71,1503.88,1497.52,1491.50,1486.11,1481.36,1477.46,1474.41,1471.61,1468.96,1466.46,1464.14,1462.65,1462.30,1462.70,1463.53,1464.85,1466.66,1468.71,1470.83,1473.10,1475.50,1478.09,1480.96,1484.18,1487.88,1492.23,1497.27,1502.91,1509.11,1516.07,1523.69,1531.98,1541.05,1551.12,1562.27,1574.76,1588.86,99999.00,99999.00,99999.00,99999.00,99999.00,99999.00,99999.00,99999.00,99999.00,99999.00,99999.00,99999.00,99999.00,99999.00,99999.00,99999.00,99999.00,99999.00,99999.00,99999.00,99999.00,99999.00,99999.00,99999.00,99999.00,99999.00,99999.00,99999.00,99999.00,99999.00,99999.00,99999.00,99999.00,99999.00,99999.00,99999.00,99999.00,99999.00,99999.00
99999.00,99999.00,99999.00,99999.00,99999.00,99999.00,99999.00,99999.00,99999.00,99999.00,99999.00,99999.00,99999.00,99999.00,99999.00,2302.32,2285.51,2268.66,2251.62,2234.50,2217.27,2199.87,2182.28,2164.51,2146.54,2128.38,2110.01,2091.42,2072.41,2052.97,2033.32,2013.47,1993.49,1973.25,1952.50,1931.33,1910.04,1888.85,1867.83,1847.18,1827.06,1807.45,1788.34,1769.68,1751.51,1734.06,1717.25,1701.17,1685.61,1670.78,1656.60,1642.80,1629.59,1616.89,1604.56,1592.61,1581.30,1570.69,1560.74,1551.41,1542.66,1534.48,1526.86,1519.62,1512.85,1506.40,1500.36,1494.88,1490.15,1486.29,1483.15,1480.26,1477.52,1474.94,1472.56,1470.96,1470.49,1470.83,1471.64,1472.96,1474.77,1476.82,1478.93,1481.18,1483.60,1486.16,1488.99,1492.16,1495.76,1499.97,1504.89,1510.42,1516.52,1523.25,1530.81,1539.12,1548.20,1558.20,1569.38,1581.88,1595.98,99999.00,99999.00,99999.00,99999.00,99999.00,99999.00,99999.00,99999.00,99999.00,99999.00,99999.00,99999.00,99999.00,99999.00,99999.00,99999.00,99999.00,99999.00,99999.00,99999.00,99999.00,99999.00,99999.00,99999.00,99999.00,99999.00,99999.00,99999.00,99999.00,99999.00,99999.00,99999.00,99999.00,99999.00,99999.00,99999.00,99999.00,99999.00,99999.00
99999.00,99999.00,99999.00,99999.00,99999.00,99999.00,99999.00,99999.00,99999.00,99999.00,99999.00,99999.00,99999.00,99999.00,99999.00,99999.00,99999.00,99999.00,99999.00,99999.00,99999.00,99999.00,99999.00,99999.00,99999.00,99999.00,99999.00,99999.00,99999.00,99999.00,99999.00,99999.00,99999.00,99999.00,99999.00,99999.00,1918.73,1896.49,1874.72,1853.54,1832.96,1813.00,1793.63,1775.05,1757.17,1740.06,1723.53,1707.77,1692.71,1678.06,1664.03,1650.56,1637.48,1624.79,1612.50,1600.74,1589.68,1579.28,1569.52,1560.34,1551.73,1543.70,1536.06,1528.89,1522.05,1515.57,1509.43,1503.89,1499.16,1495.36,1492.08,1489.07,1486.22,1483.55,1481.10,1479.36,1478.78,1479.07,1479.85,1481.15,1482.97,1485.01,1487.11,1489.33,1491.73,1494.30,1497.10,1500.23,1503.76,1507.83,1512.60,1518.09,1524.03,1530.66,1537.99,1546.24,1555.34,1565.35,1576.45,1588.99,1603.09,99999.00,99999.00,99999.00,99999.00,99999.00,99999.00,99999.00,99999.00,99999.00,99999.00,99999.00,99999.00,99999.00,99999.00,99999.00,99999.00,99999.00,99999.00,99999.00,99999.00,99999.00,99999.00,99999.00,99999.00,99999.00,99999.00,99999.00,99999.00,99999.00,99999.00,99999.00,99999.00,99999.00,99999.00,99999.00,99999.00,99999.00,99999.00,99999.00
99999.00,99999.00,99999.00,99999.00,99999.00,99999.00,99999.00,99999.00,99999.00,99999.00,99999.00,99999.00,99999.00,99999.00,99999.00,99999.00,99999.00,99999.00,99999.00,99999.00,99999.00,99999.00,99999.00,99999.00,99999.00,99999.00,99999.00,99999.00,99999.00,99999.00,99999.00,99999.00,99999.00,99999.00,99999.00,99999.00,99999.00,99999.00,1882.42,1860.40,1839.25,1819.11,1799.86,1781.51,1763.82,1746.99,1730.93,1715.34,1700.43,1686.11,1672.23,1658.78,1645.76,1633.08,1620.87,1609.37,1598.54,1588.35,1578.76,1569.73,1561.30,1553.26,1545.70,1538.48,1531.62,1525.05,1518.81,1513.24,1508.54,1504.65,1501.19,1498.03,1495.05,1492.27,1489.75,1487.86,1487.20,1487.44,1488.17,1489.44,1491.24,1493.29,1495.37,1497.57,1499.93,1502.51,1505.27,1508.36,1511.83,1515.78,1520.42,1525.82,1531.70,1538.17,1545.41,1553.42,1562.46,1572.49,1583.61,1596.07,1610.16,99999.00,99999.00,99999.00,99999.00,99999.00,99999.00,99999.00,99999.00,99999.00,99999.00,99999.00,99999.00,99999.00,99999.00,99999.00,99999.00,99999.00,99999.00,99999.00,99999.00,99999.00,99999.00,99999.00,99999.00,99999.00,99999.00,99999.00,99999.00,99999.00,99999.00,99999.00,99999.00,99999.00,99999.00,99999.00,99999.00,99999.00,99999.00,99999.00
99999.00,99999.00,99999.00,99999.00,99999.00,99999.00,99999.00,99999.00,99999.00,99999.00,99999.00,99999.00,99999.00,99999.00,99999.00,99999.00,99999.00,99999.00,99999.00,99999.00,99999.00,99999.00,99999.00,99999.00,99999.00,99999.00,99999.00,99999.00,99999.00,99999.00,99999.00,99999.00,99999.00,99999.00,99999.00,99999.00,99999.00,99999.00,1890.71,1867.98,1846.59,1826.45,1807.24,1789.06,1771.78,1755.08,1739.14,1723.88,1709.11,1694.82,1681.00,1667.57,1654.44,1641.79,1629.86,1618.61,1607.99,1597.99,1588.56,1579.73,1571.30,1563.36,1555.77,1548.54,1541.61,1534.92,1528.56,1522.93,1518.30,1514.18,1510.51,1507.16,1504.02,1501.12,1498.52,1496.50,1495.76,1495.92,1496.60,1497.83,1499.60,1501.64,1503.71,1505.88,1508.20,1510.74,1513.51,1516.55,1519.97,1523.85,1528.34,1533.60,1539.46,1545.84,1552.91,1560.84,1569.65,1579.61,1590.74,1603.22,1617.32,99999.00,99999.00,99999.00,99999.00,99999.00,99999.00,99999.00,99999.00,99999.00,99999.00,99999.00,99999.00,99999.00,99999.00,99999.00,99999.00,99999.00,99999.00,99999.00,99999.00,99999.00,99999.00,99999.00,99999.00,99999.00,99999.00,99999.00,99999.00,99999.00,99999.00,99999.00,99999.00,99999.00,99999.00,99999.00,99999.00,99999.00,99999.00,99999.00
99999.00,99999.00,99999.00,99999.00,99999.00,99999.00,99999.00,99999.00,99999.00,99999.00,99999.00,99999.00,99999.00,99999.00,99999.00,99999.00,99999.00,99999.00,99999.00,99999.00,99999.00,99999.00,99999.00,99999.00,99999.00,99999.00,99999.00,99999.00,99999.00,99999.00,99999.00,99999.00,99999.00,99999.00,99999.00,99999.00,99999.00,99999.00,99999.00,1876.92,1855.27,1835.11,1816.16,1798.01,1780.78,1764.35,1748.54,1733.30,1718.59,1704.26,1690.33,1676.73,1663.64,1651.28,1639.60,1628.57,1618.16,1608.34,1599.12,1590.31,1581.99,1574.03,1566.45,1559.16,1552.11,1545.28,1538.83,1533.20,1528.38,1523.97,1520.03,1516.46,1513.13,1510.09,1507.44,1505.29,1504.44,1504.51,1505.12,1506.29,1508.04,1510.06,1512.12,1514.26,1516.54,1519.04,1521.81,1524.80,1528.17,1531.99,1536.35,1541.47,1547.27,1553.60,1560.58,1568.34,1577.06,1586.79,1597.87,1610.36,1624.45,99999.00,99999.00,99999.00,99999.00,99999.00,99999.00,99999.00,99999.00,99999.00,99999.00,99999.00,99999.00,99999.00,99999.00,99999.00,99999.00,99999.00,99999.00,99999.00,99999.00,99999.00,99999.00,99999.00,99999.00,99999.00,99999.00,99999.00,99999.00,99999.00,99999.00,99999.00,99999.00,99999.00,99999.00,99999.00,99999.00,99999.00,99999.00,99999.00
99999.00,99999.00,99999.00,99999.00,99999.00,99999.00,99999.00,99999.00,99999.00,99999.00,99999.00,99999.00,99999.00,99999.00,99999.00,99999.00,99999.00,99999.00,99999.00,99999.00,99999.00,99999.00,99999.00,99999.00,99999.00,99999.00,99999.00,99999.00,99999.00,99999.00,99999.00,99999.00,99999.00,99999.00,99999.00,99999.00,99999.00,99999.00,99999.00,1887.22,1865.65,1845.41,1826.45,1808.52,1791.39,1774.89,1758.97,1743.63,1728.71,1714.23,1700.15,1686.60,1673.80,1661.70,1650.27,1639.46,1629.25,1619.64,1610.46,1601.77,1593.45,1585.52,1577.89,1570.50,1563.31,1556.28,1549.67,1544.03,1538.82,1534.03,1529.77,1525.92,1522.37,1519.25,1516.53,1514.23,1513.24,1513.20,1513.73,1514.84,1516.54,1518.54,1520.60,1522.70,1524.95,1527.40,1530.12,1533.11,1536.43,1540.19,1544.47,1549.44,1555.17,1561.41,1568.35,1576.01,1584.57,1594.21,1605.05,1617.48,1631.58,99999.00,99999.00,99999.00,99999.00,99999.00,99999.00,99999.00,99999.00,99999.00,99999.00,99999.00,99999.00,99999.00,99999.00,99999.00,99999.00,99999.00,99999.00,99999.00,99999.00,99999.00,99999.00,99999.00,99999.00,99999.00,99999.00,99999.00,99999.00,99999.00,99999.00,99999.00,99999.00,99999.00,99999.00,99999.00,99999.00,99999.00,99999.00,99999.00
99999.00,99999.00,99999.00,99999.00,99999.00,99999.00,99999.00,99999.00,99999.00,99999.00,99999.00,99999.00,99999.00,99999.00,99999.00,99999.00,99999.00,99999.00,99999.00,99999.00,99999.00,99999.00,99999.00,99999.00,99999.00,99999.00,99999.00,99999.00,99999.00,99999.00,99999.00,99999.00,99999.00,99999.00,99999.00,99999.00,99999.00,99999.00,99999.00,1899.21,1877.59,1857.46,1838.43,1820.35,1803.02,1786.35,1770.33,1754.78,1739.72,1725.10,1711.03,1697.73,1685.19,1673.35,1662.14,1651.54,1641.56,1632.00,1622.96,1614.28,1606.00,1598.03,1590.31,1582.79,1575.41,1568.18,1561.46,1555.38,1549.63,1544.37,1539.70,1535.53,1531.82,1528.61,1525.79,1523.30,1522.16,1522.00,1522.42,1523.46,1525.11,1527.08,1529.12,1531.21,1533.42,1535.82,1538.49,1541.47,1544.74,1548.44,1552.66,1557.50,1563.16,1569.31,1576.16,1583.78,1592.23,1601.72,1612.47,1624.66,1638.76,99999.00,99999.00,99999.00,99999.00,99999.00,99999.00,99999.00,99999.00,99999.00,99999.00,99999.00,99999.00,99999.00,99999.00,99999.00,99999.00,99999.00,99999.00,99999.00,99999.00,99999.00,99999.00,99999.00,99999.00,99999.00,99999.00,99999.00,99999.00,99999.00,99999.00,99999.00,99999.00,99999.00,99999.00,99999.00,99999.00,99999.00,99999.00,99999.00
99999.00,99999.00,99999.00,99999.00,99999.00,99999.00,99999.00,99999.00,99999.00,99999.00,99999.00,99999.00,99999.00,99999.00,99999.00,99999.00,99999.00,99999.00,99999.00,99999.00,99999.00,99999.00,99999.00,99999.00,99999.00,99999.00,99999.00,99999.00,99999.00,99999.00,99999.00,99999.00,99999.00,99999.00,99999.00,99999.00,99999.00,99999.00,99999.00,1913.10,1891.28,1870.92,1851.73,1833.45,1815.94,1799.18,1782.96,1767.28,1752.07,1737.46,1723.66,1710.63,1698.32,1686.66,1675.64,1665.29,1655.36,1645.96,1636.94,1628.31,1620.00,1611.95,1604.12,1596.42,1588.82,1581.27,1574.18,1567.30,1560.83,1554.96,1549.81,1545.36,1541.48,1538.11,1535.19,1532.50,1531.19,1530.88,1531.19,1532.15,1533.73,1535.66,1537.69,1539.77,1541.94,1544.30,1546.91,1549.84,1553.10,1556.75,1560.90,1565.65,1571.17,1577.32,1584.05,1591.59,1600.00,1609.38,1619.97,1632.08,1645.98,99999.00,99999.00,99999.00,99999.00,99999.00,99999.00,99999.00,99999.00,99999.00,99999.00,99999.00,99999.00,99999.00,99999.00,99999.00,99999.00,99999.00,99999.00,99999.00,99999.00,99999.00,99999.00,99999.00,99999.00,99999.00,99999.00,99999.00,99999.00,99999.00,99999.00,99999.00,99999.00,99999.00,99999.00,99999.00,99999.00,99999.00,99999.00,99999.00
99999.00,99999.00,99999.00,99999.00,99999.00,99999.00,99999.00,99999.00,99999.00,99999.00,99999.00,99999.00,99999.00,99999.00,99999.00,99999.00,99999.00,99999.00,99999.00,99999.00,99999.00,99999.00,99999.00,99999.00,99999.00,99999.00,99999.00,99999.00,99999.00,99999.00,99999.00,99999.00,99999.00,99999.00,99999.00,99999.00,99999.00,99999.00,99999.00,99999.00,99999.00,99999.00,99999.00,99999.00,99999.00,99999.00,99999.00,99999.00,99999.00,99999.00,99999.00,99999.00,99999.00,99999.00,99999.00,99999.00,99999.00,99999.00,99999.00,99999.00,99999.00,99999.00,99999.00,99999.00,99999.00,99999.00,1587.87,1579.83,1572.38,1565.78,1560.16,1555.38,1551.29,1547.72,1544.62,1541.80,1540.30,1539.84,1540.03,1540.89,1542.40,1544.29,1546.30,1548.37,1550.51,1552.82,1555.38,1558.25,1561.50,1565.09,1569.19,1573.87,1579.26,1585.35,1592.07,1599.48,1607.81,1617.15,1627.64,1639.59,1653.40,99999.00,99999.00,99999.00,99999.00,99999.00,99999.00,99999.00,99999.00,99999.00,99999.00,99999.00,99999.00,99999.00,99999.00,99999.00,99999.00,99999.00,99999.00,99999.00,99999.00,99999.00,99999.00,99999.00,99999.00,99999.00,99999.00,99999.00,99999.00,99999.00,99999.00,99999.00,99999.00,99999.00,99999.00,99999.00,99999.00,99999.00,99999.00,99999.00
99999.00,99999.00,99999.00,99999.00,99999.00,99999.00,99999.00,99999.00,99999.00,99999.00,99999.00,99999.00,99999.00,99999.00,99999.00,99999.00,99999.00,99999.00,99999.00,99999.00,99999.00,99999.00,99999.00,99999.00,99999.00,99999.00,99999.00,99999.00,99999.00,99999.00,99999.00,99999.00,99999.00,99999.00,99999.00,99999.00,99999.00,99999.00,99999.00,99999.00,99999.00,99999.00,99999.00,99999.00,99999.00,99999.00,99999.00,99999.00,99999.00,99999.00,99999.00,99999.00,99999.00,99999.00,99999.00,99999.00,99999.00,99999.00,99999.00,99999.00,99999.00,99999.00,99999.00,99999.00,99999.00,99999.00,99999.00,1592.64,1584.23,1576.81,1570.65,1565.54,1561.16,1557.41,1554.04,1551.18,1549.48,1548.85,1548.91,1549.67,1551.11,1552.94,1554.93,1556.99,1559.11,1561.38,1563.89,1566.71,1569.90,1573.48,1577.52,1582.14,1587.44,1593.45,1600.09,1607.50,1615.71,1624.96,1635.41,1647.25,1660.91,99999.00,99999.00,99999.00,99999.00,99999.00,99999.00,99999.00,99999.00,99999.00,99999.00,99999.00,99999.00,99999.00,99999.00,99999.00,99999.00,99999.00,99999.00,99999.00,99999.00,99999.00,99999.00,99999.00,99999.00,99999.00,99999.00,99999.00,99999.00,99999.00,99999.00,99999.00,99999.00,99999.00,99999.00,99999.00,99999.00,99999.00,99999.00,99999.00
99999.00,99999.00,99999.00,99999.00,99999.00,99999.00,99999.00,99999.00,99999.00,99999.00,99999.00,99999.00,99999.00,99999.00,99999.00,99999.00,99999.00,99999.00,99999.00,99999.00,99999.00,99999.00,99999.00,99999.00,99999.00,99999.00,99999.00,99999.00,99999.00,99999.00,99999.00,99999.00,99999.00,99999.00,99999.00,99999.00,99999.00,99999.00,99999.00,99999.00,99999.00,99999.00,99999.00,99999.00,99999.00,99999.00,99999.00,99999.00,99999.00,99999.00,99999.00,99999.00,99999.00,99999.00,99999.00,99999.00,99999.00,99999.00,99999.00,99999.00,99999.00,99999.00,99999.00,99999.00,99999.00,99999.00,99999.00,99999.00,1596.04,1587.90,1581.18,1575.71,1571.04,1567.05,1563.51,1560.63,1558.71,1557.91,1557.82,1558.47,1559.84,1561.62,1563.58,1565.63,1567.74,1569.98,1572.44,1575.20,1578.33,1581.90,1585.88,1590.44,1595.67,1601.64,1608.19,1615.52,1623.72,1632.86,1643.22,1655.02,1668.57,99999.00,99999.00,99999.00,99999.00,99999.00,99999.00,99999.00,99999.00,99999.00,99999.00,99999.00,99999.00,99999.00,99999.00,99999.00,99999.00,99999.00,99999.00,99999.00,99999.00,99999.00,99999.00,99999.00,99999.00,99999.00,99999.00,99999.00,99999.00,99999.00,99999.00,99999.00,99999.00,99999.00,99999.00,99999.00,99999.00,99999.00,99999.00,99999.00
99999.00,99999.00,99999.00,99999.00,99999.00,99999.00,99999.00,99999.00,99999.00,99999.00,99999.00,99999.00,99999.00,99999.00,99999.00,99999.00,99999.00,99999.00,99999.00,99999.00,99999.00,99999.00,99999.00,99999.00,99999.00,99999.00,99999.00,99999.00,99999.00,99999.00,99999.00,99999.00,99999.00,99999.00,99999.00,99999.00,99999.00,99999.00,99999.00,99999.00,99999.00,99999.00,99999.00,99999.00,99999.00,99999.00,99999.00,99999.00,99999.00,99999.00,99999.00,99999.00,99999.00,99999.00,99999.00,99999.00,99999.00,99999.00,99999.00,99999.00,99999.00,99999.00,99999.00,99999.00,99999.00,99999.00,99999.00,99999.00,1607.54,1598.80,1591.61,1585.77,1580.88,1576.58,1572.98,1570.10,1567.96,1566.98,1566.76,1567.30,1568.58,1570.31,1572.24,1574.28,1576.38,1578.60,1581.01,1583.72,1586.79,1590.31,1594.27,1598.77,1603.94,1609.87,1616.38,1623.62,1631.75,1640.87,1651.11,1662.83,1676.34,99999.00,99999.00,99999.00,99999.00,99999.00,99999.00,99999.00,99999.00,99999.00,99999.00,99999.00,99999.00,99999.00,99999.00,99999.00,99999.00,99999.00,99999.00,99999.00,99999.00,99999.00,99999.00,99999.00,99999.00,99999.00,99999.00,99999.00,99999.00,99999.00,99999.00,99999.00,99999.00,99999.00,99999.00,99999.00,99999.00,99999.00,99999.00,99999.00
99999.00,99999.00,99999.00,99999.00,99999.00,99999.00,99999.00,99999.00,99999.00,99999.00,99999.00,99999.00,99999.00,99999.00,99999.00,99999.00,99999.00,99999.00,99999.00,99999.00,99999.00,99999.00,99999.00,99999.00,99999.00,99999.00,99999.00,99999.00,99999.00,99999.00,99999.00,99999.00,99999.00,99999.00,99999.00,99999.00,99999.00,99999.00,99999.00,99999.00,99999.00,99999.00,99999.00,99999.00,99999.00,99999.00,99999.00,99999.00,99999.00,99999.00,99999.00,99999.00,99999.00,99999.00,99999.00,99999.00,99999.00,99999.00,99999.00,99999.00,99999.00,99999.00,99999.00,99999.00,99999.00,99999.00,99999.00,99999.00,1618.50,1609.38,1601.82,1595.68,1590.53,1586.06,1582.43,1579.58,1577.21,1576.06,1575.69,1576.12,1577.32,1579.00,1580.90,1582.93,1585.02,1587.23,1589.61,1592.27,1595.29,1598.74,1602.69,1607.14,1612.25,1618.12,1624.61,1631.81,1639.85,1648.90,1659.13,1670.73,1684.15,99999.00,99999.00,99999.00,99999.00,99999.00,99999.00,99999.00,99999.00,99999.00,99999.00,99999.00,99999.00,99999.00,99999.00,99999.00,99999.00,99999.00,99999.00,99999.00,99999.00,99999.00,99999.00,99999.00,99999.00,99999.00,99999.00,99999.00,99999.00,99999.00,99999.00,99999.00,99999.00,99999.00,99999.00,99999.00,99999.00,99999.00,99999.00,99999.00
99999.00,99999.00,99999.00,99999.00,99999.00,99999.00,99999.00,99999.00,99999.00,99999.00,99999.00,99999.00,99999.00,99999.00,99999.00,99999.00,99999.00,99999.00,99999.00,99999.00,99999.00,99999.00,99999.00,99999.00,99999.00,99999.00,99999.00,99999.00,99999.00,99999.00,99999.00,99999.00,99999.00,99999.00,99999.00,99999.00,99999.00,99999.00,99999.00,99999.00,99999.00,99999.00,99999.00,99999.00,99999.00,99999.00,99999.00,99999.00,99999.00,99999.00,99999.00,99999.00,99999.00,99999.00,99999.00,99999.00,99999.00,99999.00,99999.00,99999.00,99999.00,99999.00,99999.00,99999.00,99999.00,99999.00,99999.00,99999.00,1629.08,1619.65,1611.88,1605.52,1600.07,1595.53,1591.90,1589.06,1586.47,1585.13,1584.62,1584.94,1586.06,1587.69,1589.56,1591.59,1593.67,1595.87,1598.23,1600.85,1603.81,1607.20,1611.10,1615.53,1620.58,1626.40,1632.87,1640.04,1648.03,1657.00,1667.15,1678.74,1692.05,99999.00,99999.00,99999.00,99999.00,99999.00,99999.00,99999.00,99999.00,99999.00,99999.00,99999.00,99999.00,99999.00,99999.00,99999.00,99999.00,99999.00,99999.00,99999.00,99999.00,99999.00,99999.00,99999.00,99999.00,99999.00,99999.00,99999.00,99999.00,99999.00,99999.00,99999.00,99999.00,99999.00,99999.00,99999.00,99999.00,99999.00,99999.00,99999.00
99999.00,99999.00,99999.00,99999.00,99999.00,99999.00,99999.00,99999.00,99999.00,99999.00,99999.00,99999.00,99999.00,99999.00,99999.00,99999.00,99999.00,99999.00,99999.00,99999.00,99999.00,99999.00,99999.00,99999.00,99999.00,99999.00,99999.00,99999.00,99999.00,99999.00,99999.00,99999.00,99999.00,99999.00,99999.00,99999.00,99999.00,99999.00,99999.00,99999.00,99999.00,99999.00,99999.00,99999.00,99999.00,99999.00,99999.00,99999.00,99999.00,99999.00,99999.00,99999.00,99999.00,99999.00,99999.00,99999.00,99999.00,99999.00,99999.00,99999.00,99999.00,99999.00,99999.00,99999.00,99999.00,99999.00,99999.00,99999.00,1639.35,1629.72,1621.79,1615.17,1609.55,1604.99,1601.38,1598.41,1595.72,1594.21,1593.56,1593.77,1594.81,1596.38,1598.22,1600.24,1602.33,1604.51,1606.86,1609.44,1612.36,1615.70,1619.53,1623.95,1628.94,1634.70,1641.14,1648.30,1656.27,1665.18,1675.25,1686.77,1700.06,99999.00,99999.00,99999.00,99999.00,99999.00,99999.00,99999.00,99999.00,99999.00,99999.00,99999.00,99999.00,99999.00,99999.00,99999.00,99999.00,99999.00,99999.00,99999.00,99999.00,99999.00,99999.00,99999.00,99999.00,99999.00,99999.00,99999.00,99999.00,99999.00,99999.00,99999.00,99999.00,99999.00,99999.00,99999.00,99999.00,99999.00,99999.00,99999.00
99999.00,99999.00,99999.00,99999.00,99999.00,99999.00,99999.00,99999.00,99999.00,99999.00,99999.00,99999.00,99999.00,99999.00,99999.00,99999.00,99999.00,99999.00,99999.00,99999.00,99999.00,99999.00,99999.00,99999.00,99999.00,99999.00,99999.00,99999.00,99999.00,99999.00,99999.00,99999.00,99999.00,99999.00,99999.00,99999.00,99999.00,99999.00,99999.00,99999.00,99999.00,99999.00,99999.00,99999.00,99999.00,99999.00,99999.00,99999.00,99999.00,99999.00,99999.00,99999.00,99999.00,99999.00,99999.00,99999.00,99999.00,99999.00,99999.00,99999.00,99999.00,99999.00,99999.00,99999.00,99999.00,99999.00,99999.00,99999.00,1649.42,1639.62,1631.63,1624.71,1619.01,1614.46,1610.86,1607.66,1604.98,1603.28,1602.49,1602.59,1603.55,1605.07,1606.88,1608.90,1610.98,1613.16,1615.50,1618.07,1620.94,1624.22,1628.00,1632.36,1637.34,1643.04,1649.45,1656.57,1664.52,1673.42,1683.44,1694.86,1708.09,99999.00,99999.00,99999.00,99999.00,99999.00,99999.00,99999.00,99999.00,99999.00,99999.00,99999.00,99999.00,99999.00,99999.00,99999.00,99999.00,99999.00,99999.00,99999.00,99999.00,99999.00,99999.00,99999.00,99999.00,99999.00,99999.00,99999.00,99999.00,99999.00,99999.00,99999.00,99999.00,99999.00,99999.00,99999.00,99999.00,99999.00,99999.00,99999.00
99999.00,99999.00,99999.00,99999.00,99999.00,99999.00,99999.00,99999.00,99999.00,99999.00,99999.00,99999.00,99999.00,99999.00,99999.00,99999.00,99999.00,99999.00,99999.00,99999.00,99999.00,99999.00,99999.00,99999.00,99999.00,99999.00,99999.00,99999.00,99999.00,99999.00,99999.00,99999.00,99999.00,99999.00,99999.00,99999.00,99999.00,99999.00,99999.00,99999.00,99999.00,99999.00,99999.00,99999.00,99999.00,99999.00,99999.00,99999.00,99999.00,99999.00,99999.00,99999.00,99999.00,99999.00,99999.00,99999.00,99999.00,99999.00,99999.00,99999.00,99999.00,99999.00,99999.00,99999.00,99999.00,99999.00,99999.00,99999.00,1659.34,1649.46,1641.22,1634.18,1628.47,1623.94,1620.21,1616.92,1614.23,1612.36,1611.43,1611.42,1612.30,1613.76,1615.54,1617.55,1619.64,1621.81,1624.14,1626.69,1629.53,1632.80,1636.55,1640.87,1645.85,1651.49,1657.84,1664.94,1672.85,1681.73,1691.73,1703.11,1716.24,99999.00,99999.00,99999.00,99999.00,99999.00,99999.00,99999.00,99999.00,99999.00,99999.00,99999.00,99999.00,99999.00,99999.00,99999.00,99999.00,99999.00,99999.00,99999.00,99999.00,99999.00,99999.00,99999.00,99999.00,99999.00,99999.00,99999.00,99999.00,99999.00,99999.00,99999.00,99999.00,99999.00,99999.00,99999.00,99999.00,99999.00,99999.00,99999.00
99999.00,99999.00,99999.00,99999.00,99999.00,99999.00,99999.00,99999.00,99999.00,99999.00,99999.00,99999.00,99999.00,99999.00,99999.00,99999.00,99999.00,99999.00,99999.00,99999.00,99999.00,99999.00,99999.00,99999.00,99999.00,99999.00,99999.00,99999.00,99999.00,99999.00,99999.00,99999.00,99999.00,99999.00,99999.00,99999.00,99999.00,99999.00,99999.00,99999.00,99999.00,99999.00,99999.00,99999.00,99999.00,99999.00,99999.00,99999.00,99999.00,99999.00,99999.00,99999.00,99999.00,99999.00,99999.00,99999.00,99999.00,99999.00,99999.00,99999.00,99999.00,99999.00,99999.00,99999.00,99999.00,99999.00,99999.00,99999.00,1669.30,1659.17,1650.79,1643.75,1637.99,1633.41,1629.46,1626.17,1623.49,1621.44,1620.36,1620.24,1621.04,1622.44,1624.20,1626.21,1628.29,1630.52,1632.89,1635.48,1638.34,1641.56,1645.26,1649.53,1654.45,1660.08,1666.42,1673.45,1681.34,1690.19,1700.17,1711.53,1724.62,99999.00,99999.00,99999.00,99999.00,99999.00,99999.00,99999.00,99999.00,99999.00,99999.00,99999.00,99999.00,99999.00,99999.00,99999.00,99999.00,99999.00,99999.00,99999.00,99999.00,99999.00,99999.00,99999.00,99999.00,99999.00,99999.00,99999.00,99999.00,99999.00,99999.00,99999.00,99999.00,99999.00,99999.00,99999.00,99999.00,99999.00,99999.00,99999.00
99999.00,99999.00,99999.00,99999.00,99999.00,99999.00,99999.00,99999.00,99999.00,99999.00,99999.00,99999.00,99999.00,99999.00,99999.00,99999.00,99999.00,99999.00,99999.00,99999.00,99999.00,99999.00,99999.00,99999.00,99999.00,99999.00,99999.00,99999.00,99999.00,99999.00,99999.00,99999.00,99999.00,99999.00,99999.00,99999.00,99999.00,99999.00,99999.00,99999.00,99999.00,99999.00,99999.00,99999.00,99999.00,99999.00,99999.00,99999.00,99999.00,99999.00,99999.00,99999.00,99999.00,99999.00,99999.00,99999.00,99999.00,99999.00,99999.00,99999.00,99999.00,99999.00,99999.00,99999.00,99999.00,99999.00,99999.00,99999.00,1679.14,1668.87,1660.48,1653.40,1647.65,1642.94,1638.83,1635.46,1632.75,1630.51,1629.29,1629.06,1629.78,1631.13,1632.88,1634.91,1637.04,1639.34,1641.74,1644.32,1647.17,1650.36,1654.04,1658.28,1663.16,1668.80,1675.14,1682.17,1689.99,1698.81,1708.76,1720.10,1733.16,99999.00,99999.00,99999.00,99999.00,99999.00,99999.00,99999.00,99999.00,99999.00,99999.00,99999.00,99999.00,99999.00,99999.00,99999.00,99999.00,99999.00,99999.00,99999.00,99999.00,99999.00,99999.00,99999.00,99999.00,99999.00,99999.00,99999.00,99999.00,99999.00,99999.00,99999.00,99999.00,99999.00,99999.00,99999.00,99999.00,99999.00,99999.00,99999.00
99999.00,99999.00,99999.00,99999.00,99999.00,99999.00,99999.00,99999.00,99999.00,99999.00,99999.00,99999.00,99999.00,99999.00,99999.00,99999.00,99999.00,99999.00,99999.00,99999.00,99999.00,99999.00,99999.00,99999.00,99999.00,99999.00,99999.00,99999.00,99999.00,99999.00,99999.00,99999.00,99999.00,99999.00,99999.00,99999.00,99999.00,99999.00,99999.00,99999.00,99999.00,99999.00,99999.00,99999.00,99999.00,99999.00,99999.00,99999.00,99999.00,99999.00,99999.00,99999.00,99999.00,99999.00,99999.00,99999.00,99999.00,99999.00,99999.00,99999.00,99999.00,99999.00,99999.00,99999.00,99999.00,99999.00,99999.00,99999.00,1688.96,1678.69,1670.25,1663.12,1657.33,1652.38,1648.27,1644.90,1642.06,1639.61,1638.23,1637.89,1638.55,1639.88,1641.63,1643.70,1645.88,1648.21,1650.64,1653.27,1656.16,1659.38,1663.02,1667.21,1672.04,1677.62,1683.99,1691.02,1698.84,1707.59,1717.52,1728.82,1741.87,99999.00,99999.00,99999.00,99999.00,99999.00,99999.00,99999.00,99999.00,99999.00,99999.00,99999.00,99999.00,99999.00,99999.00,99999.00,99999.00,99999.00,99999.00,99999.00,99999.00,99999.00,99999.00,99999.00,99999.00,99999.00,99999.00,99999.00,99999.00,99999.00,99999.00,99999.00,99999.00,99999.00,99999.00,99999.00,99999.00,99999.00,99999.00,99999.00
99999.00,99999.00,99999.00,99999.00,99999.00,99999.00,99999.00,99999.00,99999.00,99999.00,99999.00,99999.00,99999.00,99999.00,99999.00,99999.00,99999.00,99999.00,99999.00,99999.00,99999.00,99999.00,99999.00,99999.00,99999.00,99999.00,99999.00,99999.00,99999.00,99999.00,99999.00,99999.00,99999.00,99999.00,99999.00,99999.00,99999.00,99999.00,99999.00,99999.00,99999.00,99999.00,99999.00,99999.00,99999.00,99999.00,99999.00,99999.00,99999.00,99999.00,99999.00,99999.00,99999.00,99999.00,99999.00,99999.00,99999.00,99999.00,99999.00,99999.00,99999.00,99999.00,99999.00,99999.00,99999.00,99999.00,99999.00,99999.00,1698.93,1688.60,1680.11,1672.99,1667.05,1661.94,1657.75,1654.34,1651.45,1648.79,1647.23,1646.78,1647.39,1648.71,1650.47,1652.57,1654.80,1657.16,1659.67,1662.32,1665.21,1668.43,1672.05,1676.22,1681.02,1686.56,1692.96,1700.02,1707.85,1716.59,1726.45,1737.73,1750.74,99999.00,99999.00,99999.00,99999.00,99999.00,99999.00,99999.00,99999.00,99999.00,99999.00,99999.00,99999.00,99999.00,99999.00,99999.00,99999.00,99999.00,99999.00,99999.00,99999.00,99999.00,99999.00,99999.00,99999.00,99999.00,99999.00,99999.00,99999.00,99999.00,99999.00,99999.00,99999.00,99999.00,99999.00,99999.00,99999.00,99999.00,99999.00,99999.00
99999.00,99999.00,99999.00,99999.00,99999.00,99999.00,99999.00,99999.00,99999.00,99999.00,99999.00,99999.00,99999.00,99999.00,99999.00,99999.00,99999.00,99999.00,99999.00,99999.00,99999.00,99999.00,99999.00,99999.00,99999.00,99999.00,99999.00,99999.00,99999.00,99999.00,99999.00,99999.00,99999.00,99999.00,99999.00,99999.00,99999.00,99999.00,99999.00,99999.00,99999.00,99999.00,99999.00,99999.00,99999.00,99999.00,99999.00,99999.00,99999.00,99999.00,99999.00,99999.00,99999.00,99999.00,99999.00,99999.00,99999.00,99999.00,99999.00,99999.00,99999.00,99999.00,99999.00,99999.00,99999.00,99999.00,99999.00,99999.00,1708.99,1698.60,1690.12,1682.88,1676.71,1671.59,1667.38,1663.84,1660.80,1658.08,1656.38,1655.83,1656.35,1657.62,1659.39,1661.53,1663.82,1666.21,1668.76,1671.45,1674.40,1677.66,1681.31,1685.44,1690.20,1695.68,1702.06,1709.15,1717.00,1725.75,1735.60,1746.81,1759.80,99999.00,99999.00,99999.00,99999.00,99999.00,99999.00,99999.00,99999.00,99999.00,99999.00,99999.00,99999.00,99999.00,99999.00,99999.00,99999.00,99999.00,99999.00,99999.00,99999.00,99999.00,99999.00,99999.00,99999.00,99999.00,99999.00,99999.00,99999.00,99999.00,99999.00,99999.00,99999.00,99999.00,99999.00,99999.00,99999.00,99999.00,99999.00,99999.00
99999.00,99999.00,99999.00,99999.00,99999.00,99999.00,99999.00,99999.00,99999.00,99999.00,99999.00,99999.00,99999.00,99999.00,99999.00,99999.00,99999.00,99999.00,99999.00,99999.00,99999.00,99999.00,99999.00,99999.00,99999.00,99999.00,99999.00,99999.00,99999.00,99999.00,99999.00,99999.00,99999.00,99999.00,99999.00,99999.00,99999.00,99999.00,99999.00,99999.00,99999.00,99999.00,99999.00,99999.00,99999.00,99999.00,99999.00,99999.00,99999.00,99999.00,99999.00,99999.00,99999.00,99999.00,99999.00,99999.00,99999.00,99999.00,99999.00,99999.00,99999.00,99999.00,99999.00,99999.00,99999.00,99999.00,99999.00,99999.00,1719.09,1708.74,1700.14,1692.82,1686.47,1681.27,1677.02,1673.45,1670.30,1667.52,1665.69,1665.02,1665.46,1666.68,1668.42,1670.58,1672.93,1675.36,1677.94,1680.72,1683.70,1686.96,1690.61,1694.72,1699.47,1704.93,1711.33,1718.41,1726.29,1735.07,1744.92,1756.13,1769.05,99999.00,99999.00,99999.00,99999.00,99999.00,99999.00,99999.00,99999.00,99999.00,99999.00,99999.00,99999.00,99999.00,99999.00,99999.00,99999.00,99999.00,99999.00,99999.00,99999.00,99999.00,99999.00,99999.00,99999.00,99999.00,99999.00,99999.00,99999.00,99999.00,99999.00,99999.00,99999.00,99999.00,99999.00,99999.00,99999.00,99999.00,99999.00,99999.00
99999.00,99999.00,99999.00,99999.00,99999.00,99999.00,99999.00,99999.00,99999.00,99999.00,99999.00,99999.00,99999.00,99999.00,99999.00,99999.00,99999.00,99999.00,99999.00,99999.00,99999.00,99999.00,99999.00,99999.00,99999.00,99999.00,99999.00,99999.00,99999.00,99999.00,99999.00,99999.00,99999.00,99999.00,99999.00,99999.00,99999.00,99999.00,99999.00,99999.00,99999.00,99999.00,99999.00,99999.00,99999.00,99999.00,99999.00,99999.00,99999.00,99999.00,99999.00,99999.00,99999.00,99999.00,99999.00,99999.00,99999.00,99999.00,99999.00,99999.00,99999.00,99999.00,99999.00,99999.00,99999.00,99999.00,99999.00,99999.00,1728.98,1718.78,1710.18,1702.52,1696.21,1691.02,1686.70,1683.09,1679.89,1677.11,1675.14,1674.36,1674.72,1675.88,1677.59,1679.74,1682.11,1684.59,1687.22,1690.05,1693.08,1696.40,1700.10,1704.25,1708.96,1714.37,1720.73,1727.85,1735.72,1744.53,1754.42,1765.63,1778.54,99999.00,99999.00,99999.00,99999.00,99999.00,99999.00,99999.00,99999.00,99999.00,99999.00,99999.00,99999.00,99999.00,99999.00,99999.00,99999.00,99999.00,99999.00,99999.00,99999.00,99999.00,99999.00,99999.00,99999.00,99999.00,99999.00,99999.00,99999.00,99999.00,99999.00,99999.00,99999.00,99999.00,99999.00,99999.00,99999.00,99999.00,99999.00,99999.00
99999.00,99999.00,99999.00,99999.00,99999.00,99999.00,99999.00,99999.00,99999.00,99999.00,99999.00,99999.00,99999.00,99999.00,99999.00,99999.00,99999.00,99999.00,99999.00,99999.00,99999.00,99999.00,99999.00,99999.00,99999.00,99999.00,99999.00,99999.00,99999.00,99999.00,99999.00,99999.00,99999.00,99999.00,99999.00,99999.00,99999.00,99999.00,99999.00,99999.00,99999.00,99999.00,99999.00,99999.00,99999.00,99999.00,99999.00,99999.00,99999.00,99999.00,99999.00,99999.00,99999.00,99999.00,99999.00,99999.00,99999.00,99999.00,99999.00,99999.00,99999.00,99999.00,99999.00,99999.00,99999.00,99999.00,99999.00,1750.56,1738.61,1728.66,1719.87,1712.39,1705.88,1700.75,1696.52,1692.82,1689.60,1686.82,1684.71,1683.84,1684.12,1685.23,1686.91,1689.05,1691.43,1693.93,1696.60,1699.48,1702.60,1705.96,1709.67,1713.82,1718.52,1723.92,1730.27,1737.44,1745.36,1754.16,1764.07,1775.31,1788.23,99999.00,99999.00,99999.00,99999.00,99999.00,99999.00,99999.00,99999.00,99999.00,99999.00,99999.00,99999.00,99999.00,99999.00,99999.00,99999.00,99999.00,99999.00,99999.00,99999.00,99999.00,99999.00,99999.00,99999.00,99999.00,99999.00,99999.00,99999.00,99999.00,99999.00,99999.00,99999.00,99999.00,99999.00,99999.00,99999.00,99999.00,99999.00,99999.00
99999.00,99999.00,99999.00,99999.00,99999.00,99999.00,99999.00,99999.00,99999.00,99999.00,99999.00,99999.00,99999.00,99999.00,99999.00,99999.00,99999.00,99999.00,99999.00,99999.00,99999.00,99999.00,99999.00,99999.00,99999.00,99999.00,99999.00,99999.00,99999.00,99999.00,99999.00,99999.00,99999.00,99999.00,99999.00,99999.00,99999.00,99999.00,99999.00,99999.00,99999.00,99999.00,99999.00,99999.00,99999.00,99999.00,99999.00,99999.00,99999.00,99999.00,99999.00,99999.00,99999.00,99999.00,99999.00,99999.00,99999.00,99999.00,99999.00,99999.00,99999.00,99999.00,99999.00,99999.00,99999.00,99999.00,1772.65,1759.29,1747.99,1738.07,1729.62,1722.11,1715.78,1710.53,1706.31,1702.61,1699.41,1696.64,1694.41,1693.44,1693.66,1694.72,1696.37,1698.51,1700.91,1703.39,1706.08,1709.01,1712.19,1715.61,1719.39,1723.60,1728.34,1733.72,1740.03,1747.18,1755.14,1763.99,1773.90,1785.16,1798.11,99999.00,99999.00,99999.00,99999.00,99999.00,99999.00,99999.00,99999.00,99999.00,99999.00,99999.00,99999.00,99999.00,99999.00,99999.00,99999.00,99999.00,99999.00,99999.00,99999.00,99999.00,99999.00,99999.00,99999.00,99999.00,99999.00,99999.00,99999.00,99999.00,99999.00,99999.00,99999.00,99999.00,99999.00,99999.00,99999.00,99999.00,99999.00,99999.00
99999.00,99999.00,99999.00,99999.00,99999.00,99999.00,99999.00,99999.00,99999.00,99999.00,99999.00,99999.00,99999.00,99999.00,99999.00,99999.00,99999.00,99999.00,99999.00,99999.00,99999.00,99999.00,99999.00,99999.00,99999.00,99999.00,99999.00,99999.00,99999.00,99999.00,99999.00,99999.00,99999.00,99999.00,99999.00,99999.00,99999.00,99999.00,99999.00,2319.49,2290.81,2263.43,2237.25,2212.15,2188.02,2164.49,2141.72,2119.68,2098.31,2077.57,2057.40,2037.77,2018.64,1999.99,1981.30,1962.60,1944.26,1926.26,1908.58,1891.20,1874.09,1857.25,1840.66,1824.30,1808.17,1793.68,1780.17,1767.87,1756.91,1747.52,1739.20,1731.75,1725.68,1720.61,1716.16,1712.48,1709.32,1706.56,1704.23,1703.17,1703.33,1704.35,1705.98,1708.12,1710.54,1713.06,1715.69,1718.65,1721.89,1725.42,1729.25,1733.48,1738.23,1743.59,1749.92,1757.16,1765.10,1773.99,1783.94,1795.21,1808.18,99999.00,99999.00,99999.00,99999.00,99999.00,99999.00,99999.00,99999.00,99999.00,99999.00,99999.00,99999.00,99999.00,99999.00,99999.00,99999.00,99999.00,99999.00,99999.00,99999.00,99999.00,99999.00,99999.00,99999.00,99999.00,99999.00,99999.00,99999.00,99999.00,99999.00,99999.00,99999.00,99999.00,99999.00,99999.00,99999.00,99999.00,99999.00,99999.00
99999.00,99999.00,99999.00,99999.00,99999.00,99999.00,99999.00,99999.00,99999.00,99999.00,99999.00,99999.00,99999.00,99999.00,99999.00,99999.00,99999.00,99999.00,99999.00,99999.00,99999.00,99999.00,99999.00,99999.00,99999.00,99999.00,99999.00,99999.00,99999.00,99999.00,99999.00,99999.00,99999.00,99999.00,99999.00,99999.00,99999.00,99999.00,99999.00,2310.83,2282.54,2255.40,2229.27,2204.09,2179.88,2156.61,2134.19,2112.26,2090.99,2070.35,2050.28,2030.75,2011.72,1993.16,1975.03,1957.31,1939.96,1922.96,1906.28,1889.91,1873.82,1858.00,1842.44,1827.44,1813.40,1800.44,1787.84,1776.13,1765.93,1756.81,1748.69,1741.69,1735.62,1730.65,1726.26,1722.43,1719.32,1716.58,1714.15,1713.02,1713.12,1714.11,1715.73,1717.88,1720.32,1722.89,1725.53,1728.41,1731.71,1735.31,1739.22,1743.53,1748.34,1753.75,1760.09,1767.29,1775.32,1784.18,1794.18,1805.49,1818.46,99999.00,99999.00,99999.00,99999.00,99999.00,99999.00,99999.00,99999.00,99999.00,99999.00,99999.00,99999.00,99999.00,99999.00,99999.00,99999.00,99999.00,99999.00,99999.00,99999.00,99999.00,99999.00,99999.00,99999.00,99999.00,99999.00,99999.00,99999.00,99999.00,99999.00,99999.00,99999.00,99999.00,99999.00,99999.00,99999.00,99999.00,99999.00,99999.00
99999.00,99999.00,99999.00,99999.00,99999.00,99999.00,99999.00,99999.00,99999.00,99999.00,99999.00,99999.00,99999.00,99999.00,99999.00,99999.00,99999.00,99999.00,99999.00,99999.00,99999.00,99999.00,99999.00,99999.00,99999.00,99999.00,99999.00,99999.00,99999.00,99999.00,99999.00,99999.00,99999.00,99999.00,99999.00,99999.00,99999.00,99999.00,99999.00,2304.08,2275.68,2248.44,2222.25,2197.11,2172.96,2149.76,2127.43,2105.91,2085.12,2065.01,2045.51,2026.57,2008.16,1990.24,1972.78,1955.72,1939.06,1922.75,1906.77,1891.11,1875.73,1860.63,1846.05,1832.58,1819.70,1807.46,1795.46,1784.66,1774.88,1766.07,1758.45,1751.64,1745.86,1740.74,1736.44,1732.70,1729.41,1726.69,1724.17,1722.97,1723.03,1724.00,1725.62,1727.79,1730.27,1732.89,1735.58,1738.42,1741.65,1745.34,1749.36,1753.74,1758.58,1764.04,1770.37,1777.70,1785.70,1794.65,1804.63,1815.98,1829.00,99999.00,99999.00,99999.00,99999.00,99999.00,99999.00,99999.00,99999.00,99999.00,99999.00,99999.00,99999.00,99999.00,99999.00,99999.00,99999.00,99999.00,99999.00,99999.00,99999.00,99999.00,99999.00,99999.00,99999.00,99999.00,99999.00,99999.00,99999.00,99999.00,99999.00,99999.00,99999.00,99999.00,99999.00,99999.00,99999.00,99999.00,99999.00,99999.00
99999.00,99999.00,99999.00,99999.00,99999.00,99999.00,99999.00,99999.00,99999.00,99999.00,99999.00,99999.00,99999.00,99999.00,99999.00,99999.00,99999.00,99999.00,99999.00,99999.00,99999.00,99999.00,99999.00,99999.00,99999.00,99999.00,99999.00,99999.00,99999.00,99999.00,99999.00,99999.00,99999.00,99999.00,99999.00,99999.00,99999.00,99999.00,99999.00,2303.18,2274.18,2246.33,2219.66,2194.18,2169.89,2146.69,2124.48,2103.18,2082.67,2062.89,2043.76,2025.22,2007.24,1989.76,1972.75,1956.18,1939.99,1924.17,1908.70,1893.54,1878.67,1864.61,1851.18,1838.68,1826.40,1814.74,1803.53,1793.26,1783.89,1775.73,1768.36,1761.67,1756.08,1751.10,1746.71,1743.07,1739.81,1736.88,1734.29,1733.04,1733.07,1734.02,1735.65,1737.84,1740.37,1743.05,1745.81,1748.66,1751.81,1755.49,1759.61,1764.08,1769.01,1774.59,1780.96,1788.26,1796.39,1805.31,1815.37,1826.70,1839.77,99999.00,99999.00,99999.00,99999.00,99999.00,99999.00,99999.00,99999.00,99999.00,99999.00,99999.00,99999.00,99999.00,99999.00,99999.00,99999.00,99999.00,99999.00,99999.00,99999.00,99999.00,99999.00,99999.00,99999.00,99999.00,99999.00,99999.00,99999.00,99999.00,99999.00,99999.00,99999.00,99999.00,99999.00,99999.00,99999.00,99999.00,99999.00,99999.00
99999.00,99999.00,99999.00,99999.00,99999.00,99999.00,99999.00,99999.00,99999.00,99999.00,99999.00,99999.00,99999.00,99999.00,99999.00,99999.00,99999.00,99999.00,99999.00,99999.00,99999.00,99999.00,99999.00,99999.00,99999.00,99999.00,99999.00,99999.00,99999.00,99999.00,99999.00,99999.00,99999.00,99999.00,99999.00,99999.00,99999.00,99999.00,99999.00,99999.00,99999.00,99999.00,2220.77,2194.63,2169.94,2146.56,2124.34,2103.11,2082.76,2063.18,2044.29,2026.02,2008.32,1991.15,1974.46,1958.21,1942.37,1926.90,1911.77,1897.04,1882.99,1869.90,1857.33,1845.40,1833.91,1822.49,1811.86,1802.06,1793.43,1785.64,1778.37,1772.06,1766.40,1761.57,1757.32,1753.54,1750.36,1747.28,1744.50,1743.21,1743.22,1744.18,1745.82,1748.05,1750.63,1753.38,1756.21,1759.15,1762.28,1765.83,1770.03,1774.63,1779.64,1785.31,1791.73,1799.14,1807.25,1816.30,1826.33,1837.75,1850.79,99999.00,99999.00,99999.00,99999.00,99999.00,99999.00,99999.00,99999.00,99999.00,99999.00,99999.00,99999.00,99999.00,99999.00,99999.00,99999.00,99999.00,99999.00,99999.00,99999.00,99999.00,99999.00,99999.00,99999.00,99999.00,99999.00,99999.00,99999.00,99999.00,99999.00,99999.00,99999.00,99999.00,99999.00,99999.00,99999.00,99999.00,99999.00,99999.00
99999.00,99999.00,99999.00,99999.00,99999.00,99999.00,99999.00,99999.00,99999.00,99999.00,99999.00,99999.00,99999.00,99999.00,99999.00,99999.00,99999.00,99999.00,99999.00,99999.00,99999.00,99999.00,99999.00,99999.00,99999.00,99999.00,99999.00,99999.00,99999.00,99999.00,99999.00,99999.00,99999.00,99999.00,99999.00,99999.00,99999.00,99999.00,99999.00,99999.00,99999.00,99999.00,99999.00,2197.15,2171.91,2148.27,2125.95,2104.73,2084.45,2064.99,2046.25,2028.15,2010.64,1993.67,1977.20,1961.17,1945.56,1930.32,1915.54,1901.77,1888.57,1876.33,1864.55,1852.85,1841.52,1830.64,1820.52,1811.50,1803.34,1795.70,1788.55,1782.49,1777.03,1772.16,1768.05,1764.34,1760.99,1757.88,1754.94,1753.50,1753.49,1754.46,1756.13,1758.41,1761.06,1763.88,1766.80,1769.82,1773.00,1776.50,1780.61,1785.33,1790.45,1796.27,1802.81,1810.26,1818.46,1827.50,1837.66,1849.05,1862.17,99999.00,99999.00,99999.00,99999.00,99999.00,99999.00,99999.00,99999.00,99999.00,99999.00,99999.00,99999.00,99999.00,99999.00,99999.00,99999.00,99999.00,99999.00,99999.00,99999.00,99999.00,99999.00,99999.00,99999.00,99999.00,99999.00,99999.00,99999.00,99999.00,99999.00,99999.00,99999.00,99999.00,99999.00,99999.00,99999.00,99999.00,99999.00,99999.00
99999.00,99999.00,99999.00,99999.00,99999.00,99999.00,99999.00,99999.00,99999.00,99999.00,99999.00,99999.00,99999.00,99999.00,99999.00,99999.00,99999.00,99999.00,99999.00,99999.00,99999.00,99999.00,99999.00,99999.00,99999.00,99999.00,99999.00,99999.00,99999.00,99999.00,99999.00,99999.00,99999.00,99999.00,99999.00,99999.00,99999.00,99999.00,99999.00,99999.00,99999.00,99999.00,99999.00,99999.00,2175.04,2151.14,2128.72,2107.49,2087.25,2067.86,2049.21,2031.21,2013.82,1996.97,1980.63,1964.74,1949.28,1934.72,1920.78,1907.85,1895.74,1883.72,1872.09,1860.68,1849.63,1839.27,1829.95,1821.45,1813.51,1805.98,1799.18,1793.10,1787.83,1783.14,1778.93,1775.33,1771.85,1768.70,1765.61,1764.02,1763.89,1764.87,1766.59,1768.93,1771.66,1774.56,1777.57,1780.70,1783.98,1787.49,1791.47,1796.24,1801.58,1807.48,1814.11,1821.61,1829.95,1839.08,1849.22,1860.74,1873.84,99999.00,99999.00,99999.00,99999.00,99999.00,99999.00,99999.00,99999.00,99999.00,99999.00,99999.00,99999.00,99999.00,99999.00,99999.00,99999.00,99999.00,99999.00,99999.00,99999.00,99999.00,99999.00,99999.00,99999.00,99999.00,99999.00,99999.00,99999.00,99999.00,99999.00,99999.00,99999.00,99999.00,99999.00,99999.00,99999.00,99999.00,99999.00,99999.00
99999.00,99999.00,99999.00,99999.00,99999.00,99999.00,99999.00,99999.00,99999.00,99999.00,99999.00,99999.00,99999.00,99999.00,99999.00,99999.00,99999.00,99999.00,99999.00,99999.00,99999.00,99999.00,99999.00,99999.00,99999.00,99999.00,99999.00,99999.00,99999.00,99999.00,99999.00,99999.00,99999.00,99999.00,99999.00,99999.00,99999.00,99999.00,99999.00,99999.00,99999.00,99999.00,99999.00,99999.00,2178.85,2154.82,2132.37,2111.15,2090.95,2071.61,2053.00,2035.06,2017.71,2000.93,1984.65,1969.15,1954.36,1940.63,1927.78,1915.39,1903.42,1891.69,1880.11,1868.88,1858.35,1848.79,1840.00,1831.79,1823.97,1816.47,1809.96,1804.10,1798.82,1794.29,1790.17,1786.43,1782.94,1779.65,1776.51,1774.79,1774.54,1775.42,1777.19,1779.61,1782.43,1785.41,1788.53,1791.79,1795.20,1798.79,1802.74,1807.38,1812.93,1818.95,1825.72,1833.34,1841.72,1850.98,1861.22,1872.72,1885.95,99999.00,99999.00,99999.00,99999.00,99999.00,99999.00,99999.00,99999.00,99999.00,99999.00,99999.00,99999.00,99999.00,99999.00,99999.00,99999.00,99999.00,99999.00,99999.00,99999.00,99999.00,99999.00,99999.00,99999.00,99999.00,99999.00,99999.00,99999.00,99999.00,99999.00,99999.00,99999.00,99999.00,99999.00,99999.00,99999.00,99999.00,99999.00,99999.00
99999.00,99999.00,99999.00,99999.00,99999.00,99999.00,99999.00,99999.00,99999.00,99999.00,99999.00,99999.00,99999.00,99999.00,99999.00,99999.00,99999.00,99999.00,99999.00,99999.00,99999.00,99999.00,99999.00,99999.00,99999.00,99999.00,99999.00,99999.00,99999.00,99999.00,99999.00,99999.00,99999.00,99999.00,99999.00,99999.00,99999.00,99999.00,99999.00,99999.00,99999.00,99999.00,99999.00,99999.00,2183.06,2159.10,2136.71,2115.56,2095.39,2076.07,2057.48,2039.53,2022.19,2005.56,1989.74,1975.08,1961.36,1948.18,1935.81,1923.67,1911.72,1899.93,1888.52,1877.82,1868.08,1859.06,1850.57,1842.51,1834.73,1827.53,1821.00,1815.35,1810.25,1805.64,1801.65,1797.78,1794.28,1790.85,1787.67,1785.82,1785.46,1786.25,1787.94,1790.45,1793.39,1796.45,1799.70,1803.10,1806.66,1810.40,1814.40,1818.94,1824.56,1830.81,1837.67,1845.38,1853.92,1863.22,1873.59,1885.18,1898.39,99999.00,99999.00,99999.00,99999.00,99999.00,99999.00,99999.00,99999.00,99999.00,99999.00,99999.00,99999.00,99999.00,99999.00,99999.00,99999.00,99999.00,99999.00,99999.00,99999.00,99999.00,99999.00,99999.00,99999.00,99999.00,99999.00,99999.00,99999.00,99999.00,99999.00,99999.00,99999.00,99999.00,99999.00,99999.00,99999.00,99999.00,99999.00,99999.00
99999.00,99999.00,99999.00,99999.00,99999.00,99999.00,99999.00,99999.00,99999.00,99999.00,99999.00,99999.00,99999.00,99999.00,99999.00,99999.00,99999.00,99999.00,99999.00,99999.00,99999.00,99999.00,99999.00,99999.00,99999.00,99999.00,99999.00,99999.00,99999.00,99999.00,99999.00,99999.00,99999.00,99999.00,99999.00,99999.00,99999.00,99999.00,99999.00,99999.00,99999.00,99999.00,99999.00,99999.00,2188.07,2164.17,2141.82,2120.67,2100.50,2081.13,2062.48,2044.53,2027.46,2011.67,1996.93,1982.81,1969.53,1956.88,1944.50,1932.31,1920.31,1908.70,1897.80,1887.89,1878.70,1869.97,1861.67,1853.64,1845.90,1838.86,1832.54,1826.86,1821.93,1817.40,1813.27,1809.40,1805.76,1802.31,1799.07,1797.12,1796.66,1797.37,1798.99,1801.45,1804.51,1807.69,1811.07,1814.63,1818.38,1822.30,1826.43,1831.07,1836.52,1842.99,1849.98,1857.84,1866.49,1875.95,1886.36,1898.08,1911.38,99999.00,99999.00,99999.00,99999.00,99999.00,99999.00,99999.00,99999.00,99999.00,99999.00,99999.00,99999.00,99999.00,99999.00,99999.00,99999.00,99999.00,99999.00,99999.00,99999.00,99999.00,99999.00,99999.00,99999.00,99999.00,99999.00,99999.00,99999.00,99999.00,99999.00,99999.00,99999.00,99999.00,99999.00,99999.00,99999.00,99999.00,99999.00,99999.00
99999.00,99999.00,99999.00,99999.00,99999.00,99999.00,99999.00,99999.00,99999.00,99999.00,99999.00,99999.00,99999.00,99999.00,99999.00,99999.00,99999.00,99999.00,99999.00,99999.00,99999.00,99999.00,99999.00,99999.00,99999.00,99999.00,99999.00,99999.00,99999.00,99999.00,99999.00,99999.00,99999.00,99999.00,99999.00,99999.00,99999.00,99999.00,99999.00,99999.00,99999.00,99999.00,99999.00,99999.00,2193.74,2169.86,2147.49,2126.29,2106.03,2086.56,2068.11,2051.02,2035.04,2019.78,2005.48,1991.68,1978.73,1966.06,1953.63,1941.39,1929.56,1918.46,1908.36,1898.99,1890.09,1881.54,1873.29,1865.29,1857.68,1850.58,1844.43,1838.91,1833.86,1829.45,1825.19,1821.30,1817.53,1814.04,1810.75,1808.69,1808.15,1808.79,1810.36,1812.79,1815.77,1819.12,1822.65,1826.40,1830.36,1834.51,1838.91,1843.69,1849.02,1855.59,1862.81,1870.76,1879.55,1889.13,1899.70,1911.46,1924.90,99999.00,99999.00,99999.00,99999.00,99999.00,99999.00,99999.00,99999.00,99999.00,99999.00,99999.00,99999.00,99999.00,99999.00,99999.00,99999.00,99999.00,99999.00,99999.00,99999.00,99999.00,99999.00,99999.00,99999.00,99999.00,99999.00,99999.00,99999.00,99999.00,99999.00,99999.00,99999.00,99999.00,99999.00,99999.00,99999.00,99999.00,99999.00,99999.00
99999.00,99999.00,99999.00,99999.00,99999.00,99999.00,99999.00,99999.00,99999.00,99999.00,99999.00,99999.00,99999.00,99999.00,99999.00,99999.00,99999.00,99999.00,99999.00,99999.00,99999.00,99999.00,99999.00,99999.00,99999.00,99999.00,99999.00,99999.00,99999.00,99999.00,99999.00,99999.00,99999.00,99999.00,99999.00,99999.00,99999.00,99999.00,99999.00,99999.00,99999.00,99999.00,99999.00,99999.00,2199.84,2175.93,2153.50,2132.19,2112.09,2093.55,2076.25,2059.74,2044.20,2029.26,2014.80,2001.52,1988.55,1975.84,1963.34,1951.28,1939.97,1929.67,1920.11,1911.03,1902.30,1893.82,1885.57,1877.49,1869.87,1862.93,1856.69,1851.28,1846.29,1841.70,1837.41,1833.39,1829.59,1826.05,1822.69,1820.54,1819.92,1820.51,1822.06,1824.47,1827.46,1830.72,1834.44,1838.42,1842.63,1847.07,1851.83,1856.82,1862.30,1868.69,1876.13,1884.20,1893.19,1902.92,1913.60,1925.52,1939.00,99999.00,99999.00,99999.00,99999.00,99999.00,99999.00,99999.00,99999.00,99999.00,99999.00,99999.00,99999.00,99999.00,99999.00,99999.00,99999.00,99999.00,99999.00,99999.00,99999.00,99999.00,99999.00,99999.00,99999.00,99999.00,99999.00,99999.00,99999.00,99999.00,99999.00,99999.00,99999.00,99999.00,99999.00,99999.00,99999.00,99999.00,99999.00,99999.00
99999.00,99999.00,99999.00,99999.00,99999.00,99999.00,99999.00,99999.00,99999.00,99999.00,99999.00,99999.00,99999.00,99999.00,99999.00,99999.00,99999.00,99999.00,99999.00,99999.00,99999.00,99999.00,99999.00,99999.00,99999.00,99999.00,99999.00,99999.00,99999.00,99999.00,99999.00,99999.00,99999.00,99999.00,99999.00,99999.00,99999.00,99999.00,99999.00,99999.00,99999.00,99999.00,99999.00,99999.00,2206.56,2182.59,2160.08,2139.67,2120.84,2103.00,2086.24,2070.02,2054.30,2039.13,2025.47,2012.17,1999.16,1986.39,1974.07,1962.52,1952.01,1942.25,1932.98,1924.08,1915.41,1906.94,1898.56,1890.40,1882.62,1875.75,1869.58,1863.99,1859.05,1854.29,1849.96,1845.78,1841.93,1838.34,1834.92,1832.68,1832.00,1832.55,1834.08,1836.51,1839.54,1842.86,1846.45,1850.68,1855.20,1860.05,1865.19,1870.56,1876.27,1882.53,1890.09,1898.39,1907.49,1917.41,1928.25,1940.28,1953.91,99999.00,99999.00,99999.00,99999.00,99999.00,99999.00,99999.00,99999.00,99999.00,99999.00,99999.00,99999.00,99999.00,99999.00,99999.00,99999.00,99999.00,99999.00,99999.00,99999.00,99999.00,99999.00,99999.00,99999.00,99999.00,99999.00,99999.00,99999.00,99999.00,99999.00,99999.00,99999.00,99999.00,99999.00,99999.00,99999.00,99999.00,99999.00,99999.00
99999.00,99999.00,99999.00,99999.00,99999.00,99999.00,99999.00,99999.00,99999.00,99999.00,99999.00,99999.00,99999.00,99999.00,99999.00,99999.00,99999.00,99999.00,99999.00,99999.00,99999.00,99999.00,99999.00,99999.00,99999.00,99999.00,99999.00,99999.00,99999.00,99999.00,99999.00,99999.00,99999.00,99999.00,99999.00,99999.00,99999.00,99999.00,99999.00,99999.00,99999.00,99999.00,99999.00,99999.00,2213.88,2190.39,2169.30,2149.76,2131.64,2114.23,2097.33,2080.89,2064.94,2050.87,2037.20,2023.85,2010.78,1998.19,1986.39,1975.64,1965.66,1956.19,1947.10,1938.26,1929.60,1920.97,1912.33,1903.97,1896.18,1889.07,1882.89,1877.25,1872.06,1867.23,1862.72,1858.48,1854.58,1850.92,1847.44,1845.12,1844.38,1844.91,1846.45,1848.92,1852.01,1855.44,1859.13,1863.19,1868.10,1873.45,1879.05,1884.95,1891.01,1897.46,1904.84,1913.37,1922.69,1932.76,1943.79,1955.98,1969.72,99999.00,99999.00,99999.00,99999.00,99999.00,99999.00,99999.00,99999.00,99999.00,99999.00,99999.00,99999.00,99999.00,99999.00,99999.00,99999.00,99999.00,99999.00,99999.00,99999.00,99999.00,99999.00,99999.00,99999.00,99999.00,99999.00,99999.00,99999.00,99999.00,99999.00,99999.00,99999.00,99999.00,99999.00,99999.00,99999.00,99999.00,99999.00,99999.00
99999.00,99999.00,99999.00,99999.00,99999.00,99999.00,99999.00,99999.00,99999.00,99999.00,99999.00,99999.00,99999.00,99999.00,99999.00,99999.00,99999.00,99999.00,99999.00,99999.00,99999.00,99999.00,99999.00,99999.00,99999.00,99999.00,99999.00,99999.00,99999.00,99999.00,99999.00,99999.00,99999.00,99999.00,99999.00,99999.00,99999.00,99999.00,99999.00,99999.00,99999.00,99999.00,99999.00,99999.00,2223.35,2200.86,2180.68,2161.71,2143.60,2126.14,2109.16,2092.59,2078.09,2064.00,2050.28,2036.88,2023.98,2011.91,2000.90,1990.69,1981.01,1971.71,1962.69,1953.75,1944.96,1936.07,1927.12,1918.35,1910.39,1903.15,1896.62,1890.92,1885.46,1880.52,1875.81,1871.50,1867.52,1863.80,1860.24,1857.85,1857.08,1857.59,1859.16,1861.69,1864.89,1868.45,1872.32,1876.45,1881.40,1887.27,1893.52,1900.07,1906.72,1913.51,1920.78,1929.41,1938.97,1949.28,1960.46,1972.85,1986.74,99999.00,99999.00,99999.00,99999.00,99999.00,99999.00,99999.00,99999.00,99999.00,99999.00,99999.00,99999.00,99999.00,99999.00,99999.00,99999.00,99999.00,99999.00,99999.00,99999.00,99999.00,99999.00,99999.00,99999.00,99999.00,99999.00,99999.00,99999.00,99999.00,99999.00,99999.00,99999.00,99999.00,99999.00,99999.00,99999.00,99999.00,99999.00,99999.00
99999.00,99999.00,99999.00,99999.00,99999.00,99999.00,99999.00,99999.00,99999.00,99999.00,99999.00,99999.00,99999.00,99999.00,99999.00,99999.00,99999.00,99999.00,99999.00,99999.00,99999.00,99999.00,99999.00,99999.00,99999.00,99999.00,99999.00,99999.00,99999.00,99999.00,99999.00,99999.00,99999.00,99999.00,99999.00,99999.00,99999.00,99999.00,99999.00,99999.00,99999.00,99999.00,99999.00,99999.00,2234.97,2213.24,2193.13,2174.26,2156.33,2139.05,2122.19,2107.58,2093.08,2078.95,2065.17,2051.95,2039.57,2028.29,2017.82,2007.90,1998.37,1988.97,1979.83,1970.89,1961.94,1952.56,1943.01,1933.82,1925.28,1917.76,1910.98,1904.87,1899.24,1894.04,1889.23,1884.83,1880.77,1876.97,1873.35,1870.89,1870.08,1870.60,1872.22,1874.83,1878.16,1881.91,1886.02,1890.50,1895.53,1901.51,1908.63,1916.04,1923.62,1931.00,1938.46,1946.92,1956.70,1967.31,1978.72,1991.26,2005.35,99999.00,99999.00,99999.00,99999.00,99999.00,99999.00,99999.00,99999.00,99999.00,99999.00,99999.00,99999.00,99999.00,99999.00,99999.00,99999.00,99999.00,99999.00,99999.00,99999.00,99999.00,99999.00,99999.00,99999.00,99999.00,99999.00,99999.00,99999.00,99999.00,99999.00,99999.00,99999.00,99999.00,99999.00,99999.00,99999.00,99999.00,99999.00,99999.00
99999.00,99999.00,99999.00,99999.00,99999.00,99999.00,99999.00,99999.00,99999.00,99999.00,99999.00,99999.00,99999.00,99999.00,99999.00,99999.00,99999.00,99999.00,99999.00,99999.00,99999.00,99999.00,99999.00,99999.00,99999.00,99999.00,99999.00,99999.00,99999.00,99999.00,99999.00,99999.00,99999.00,99999.00,99999.00,99999.00,99999.00,99999.00,99999.00,99999.00,99999.00,99999.00,99999.00,99999.00,2247.67,2225.99,2206.11,2187.64,2170.22,2153.47,99999.00,99999.00,99999.00,99999.00,99999.00,99999.00,99999.00,99999.00,99999.00,99999.00,99999.00,99999.00,99999.00,99999.00,99999.00,99999.00,1960.23,1950.22,1941.06,1932.84,1925.76,1919.23,1913.37,1907.90,1902.97,1898.47,1894.33,1890.45,1886.75,1884.23,1883.40,1883.94,1885.62,1888.35,1891.84,1895.82,1900.26,1905.14,1910.47,1916.83,1924.36,1933.08,99999.00,99999.00,99999.00,99999.00,99999.00,99999.00,99999.00,99999.00,99999.00,99999.00,99999.00,99999.00,99999.00,99999.00,99999.00,99999.00,99999.00,99999.00,99999.00,99999.00,99999.00,99999.00,99999.00,99999.00,99999.00,99999.00,99999.00,99999.00,99999.00,99999.00,99999.00,99999.00,99999.00,99999.00,99999.00,99999.00,99999.00,99999.00,99999.00,99999.00,99999.00,99999.00,99999.00,99999.00,99999.00,99999.00,99999.00,99999.00
99999.00,99999.00,99999.00,99999.00,99999.00,99999.00,99999.00,99999.00,99999.00,99999.00,99999.00,99999.00,99999.00,99999.00,99999.00,99999.00,99999.00,99999.00,99999.00,99999.00,99999.00,99999.00,99999.00,99999.00,99999.00,99999.00,99999.00,99999.00,99999.00,99999.00,99999.00,99999.00,99999.00,99999.00,99999.00,99999.00,99999.00,99999.00,99999.00,99999.00,99999.00,99999.00,99999.00,99999.00,2260.59,2239.18,2219.87,2202.18,2185.70,99999.00,99999.00,99999.00,99999.00,99999.00,99999.00,99999.00,99999.00,99999.00,99999.00,99999.00,99999.00,99999.00,99999.00,99999.00,99999.00,99999.00,99999.00,1967.51,1957.42,1948.55,1940.81,1933.94,1927.73,1922.09,1917.02,1912.42,1908.19,1904.24,1900.47,1897.88,1897.04,1897.61,1899.37,1902.23,1905.92,1910.19,1914.96,1920.22,1926.15,1933.02,1941.31,99999.00,99999.00,99999.00,99999.00,99999.00,99999.00,99999.00,99999.00,99999.00,99999.00,99999.00,99999.00,99999.00,99999.00,99999.00,99999.00,99999.00,99999.00,99999.00,99999.00,99999.00,99999.00,99999.00,99999.00,99999.00,99999.00,99999.00,99999.00,99999.00,99999.00,99999.00,99999.00,99999.00,99999.00,99999.00,99999.00,99999.00,99999.00,99999.00,99999.00,99999.00,99999.00,99999.00,99999.00,99999.00,99999.00,99999.00,99999.00,99999.00
99999.00,99999.00,99999.00,99999.00,99999.00,99999.00,99999.00,99999.00,99999.00,99999.00,99999.00,99999.00,99999.00,99999.00,99999.00,99999.00,99999.00,99999.00,99999.00,99999.00,99999.00,99999.00,99999.00,99999.00,99999.00,99999.00,99999.00,99999.00,99999.00,99999.00,99999.00,99999.00,99999.00,99999.00,99999.00,99999.00,99999.00,99999.00,99999.00,99999.00,99999.00,99999.00,99999.00,99999.00,2273.82,2253.08,2234.68,2218.18,99999.00,99999.00,99999.00,99999.00,99999.00,99999.00,99999.00,99999.00,99999.00,99999.00,99999.00,99999.00,99999.00,99999.00,99999.00,99999.00,99999.00,99999.00,99999.00,99999.00,1974.13,1964.56,1956.19,1948.96,1942.40,1936.59,1931.38,1926.68,1922.37,1918.34,1914.50,1911.86,1911.01,1911.62,1913.46,1916.47,1920.41,1925.03,1930.01,1935.75,1942.31,1949.86,99999.00,99999.00,99999.00,99999.00,99999.00,99999.00,99999.00,99999.00,99999.00,99999.00,99999.00,99999.00,99999.00,99999.00,99999.00,99999.00,99999.00,99999.00,99999.00,99999.00,99999.00,99999.00,99999.00,99999.00,99999.00,99999.00,99999.00,99999.00,99999.00,99999.00,99999.00,99999.00,99999.00,99999.00,99999.00,99999.00,99999.00,99999.00,99999.00,99999.00,99999.00,99999.00,99999.00,99999.00,99999.00,99999.00,99999.00,99999.00,99999.00,99999.00
99999.00,99999.00,99999.00,99999.00,99999.00,99999.00,99999.00,99999.00,99999.00,99999.00,99999.00,99999.00,99999.00,99999.00,99999.00,99999.00,99999.00,99999.00,99999.00,99999.00,99999.00,99999.00,99999.00,99999.00,99999.00,99999.00,99999.00,99999.00,99999.00,99999.00,99999.00,99999.00,99999.00,99999.00,99999.00,99999.00,99999.00,99999.00,99999.00,99999.00,99999.00,99999.00,99999.00,99999.00,2287.67,2267.89,2250.77,2238.29,99999.00,99999.00,99999.00,99999.00,99999.00,99999.00,99999.00,99999.00,99999.00,99999.00,99999.00,99999.00,99999.00,99999.00,99999.00,99999.00,99999.00,99999.00,99999.00,99999.00,1991.08,1980.62,1971.78,1964.13,1957.35,1951.38,1946.06,1941.26,1936.88,1932.78,1928.85,1926.16,1925.31,1925.97,1927.91,1931.12,1935.34,1940.11,1945.43,1951.58,1958.65,1967.05,99999.00,99999.00,99999.00,99999.00,99999.00,99999.00,99999.00,99999.00,99999.00,99999.00,99999.00,99999.00,99999.00,99999.00,99999.00,99999.00,99999.00,99999.00,99999.00,99999.00,99999.00,99999.00,99999.00,99999.00,99999.00,99999.00,99999.00,99999.00,99999.00,99999.00,99999.00,99999.00,99999.00,99999.00,99999.00,99999.00,99999.00,99999.00,99999.00,99999.00,99999.00,99999.00,99999.00,99999.00,99999.00,99999.00,99999.00,99999.00,99999.00,99999.00
99999.00,99999.00,99999.00,99999.00,99999.00,99999.00,99999.00,99999.00,99999.00,99999.00,99999.00,99999.00,99999.00,99999.00,99999.00,99999.00,99999.00,99999.00,99999.00,99999.00,99999.00,99999.00,99999.00,99999.00,99999.00,99999.00,99999.00,99999.00,99999.00,99999.00,99999.00,99999.00,99999.00,99999.00,99999.00,99999.00,99999.00,99999.00,99999.00,99999.00,99999.00,99999.00,99999.00,99999.00,2302.27,2283.80,2270.42,2262.15,99999.00,99999.00,99999.00,99999.00,99999.00,99999.00,99999.00,99999.00,99999.00,99999.00,99999.00,99999.00,99999.00,99999.00,99999.00,99999.00,99999.00,99999.00,99999.00,99999.00,2007.89,1996.76,1987.55,1979.54,1972.59,1966.50,1961.08,1956.21,1951.75,1947.58,1943.56,1940.82,1939.97,1940.68,1942.78,1946.20,1950.70,1955.57,1961.25,1967.61,1975.18,1984.25,99999.00,99999.00,99999.00,99999.00,99999.00,99999.00,99999.00,99999.00,99999.00,99999.00,99999.00,99999.00,99999.00,99999.00,99999.00,99999.00,99999.00,99999.00,99999.00,99999.00,99999.00,99999.00,99999.00,99999.00,99999.00,99999.00,99999.00,99999.00,99999.00,99999.00,99999.00,99999.00,99999.00,99999.00,99999.00,99999.00,99999.00,99999.00,99999.00,99999.00,99999.00,99999.00,99999.00,99999.00,99999.00,99999.00,99999.00,99999.00,99999.00,99999.00
99999.00,99999.00,99999.00,99999.00,99999.00,99999.00,99999.00,99999.00,99999.00,99999.00,99999.00,99999.00,99999.00,99999.00,99999.00,99999.00,99999.00,99999.00,99999.00,99999.00,99999.00,99999.00,99999.00,99999.00,99999.00,99999.00,99999.00,99999.00,99999.00,99999.00,99999.00,99999.00,99999.00,99999.00,99999.00,99999.00,99999.00,99999.00,99999.00,99999.00,99999.00,99999.00,99999.00,99999.00,2317.61,2303.42,2291.10,2286.29,99999.00,99999.00,99999.00,99999.00,99999.00,99999.00,99999.00,99999.00,99999.00,99999.00,99999.00,99999.00,99999.00,99999.00,99999.00,99999.00,99999.00,99999.00,99999.00,99999.00,2024.69,2013.20,2003.57,1995.36,1988.26,1982.05,1976.55,1971.61,1967.09,1962.79,1958.67,1955.90,1955.08,1955.89,1958.13,1961.76,1966.54,1971.58,1977.41,1984.12,1992.10,2001.68,99999.00,99999.00,99999.00,99999.00,99999.00,99999.00,99999.00,99999.00,99999.00,99999.00,99999.00,99999.00,99999.00,99999.00,99999.00,99999.00,99999.00,99999.00,99999.00,99999.00,99999.00,99999.00,99999.00,99999.00,99999.00,99999.00,99999.00,99999.00,99999.00,99999.00,99999.00,99999.00,99999.00,99999.00,99999.00,99999.00,99999.00,99999.00,99999.00,99999.00,99999.00,99999.00,99999.00,99999.00,99999.00,99999.00,99999.00,99999.00,99999.00,99999.00
99999.00,99999.00,99999.00,99999.00,99999.00,99999.00,99999.00,99999.00,99999.00,99999.00,99999.00,99999.00,99999.00,99999.00,99999.00,99999.00,99999.00,99999.00,99999.00,99999.00,99999.00,99999.00,99999.00,99999.00,99999.00,99999.00,99999.00,99999.00,99999.00,99999.00,99999.00,99999.00,99999.00,99999.00,99999.00,99999.00,99999.00,99999.00,99999.00,99999.00,99999.00,99999.00,99999.00,2352.10,2337.16,2323.36,2314.94,2310.74,99999.00,99999.00,99999.00,99999.00,99999.00,99999.00,99999.00,99999.00,99999.00,99999.00,99999.00,99999.00,99999.00,99999.00,99999.00,99999.00,99999.00,99999.00,99999.00,99999.00,2041.77,2029.99,2020.02,2011.64,2004.42,1998.12,1992.55,1987.55,1982.91,1978.48,1974.29,1971.52,1970.74,1971.65,1974.04,1977.89,1982.88,1988.20,1994.13,2001.19,2009.39,2019.46,99999.00,99999.00,99999.00,99999.00,99999.00,99999.00,99999.00,99999.00,99999.00,99999.00,99999.00,99999.00,99999.00,99999.00,99999.00,99999.00,99999.00,99999.00,99999.00,99999.00,99999.00,99999.00,99999.00,99999.00,99999.00,99999.00,99999.00,99999.00,99999.00,99999.00,99999.00,99999.00,99999.00,99999.00,99999.00,99999.00,99999.00,99999.00,99999.00,99999.00,99999.00,99999.00,99999.00,99999.00,99999.00,99999.00,99999.00,99999.00,99999.00,99999.00
99999.00,99999.00,99999.00,99999.00,99999.00,99999.00,99999.00,99999.00,99999.00,99999.00,99999.00,99999.00,99999.00,99999.00,99999.00,99999.00,99999.00,99999.00,99999.00,99999.00,99999.00,99999.00,99999.00,99999.00,99999.00,99999.00,99999.00,99999.00,99999.00,99999.00,99999.00,99999.00,99999.00,99999.00,99999.00,99999.00,99999.00,99999.00,99999.00,99999.00,99999.00,99999.00,2386.67,2371.17,2356.69,2344.35,2339.05,2335.51,99999.00,99999.00,99999.00,99999.00,99999.00,99999.00,99999.00,99999.00,99999.00,99999.00,99999.00,99999.00,99999.00,99999.00,99999.00,99999.00,99999.00,99999.00,99999.00,99999.00,2059.34,2047.25,2037.10,2028.58,2021.25,2014.87,2009.24,2004.13,1999.33,1994.80,1990.57,1987.79,1987.06,1988.07,1990.61,1994.67,1999.91,2005.51,2011.61,2018.82,2027.36,2037.85,99999.00,99999.00,99999.00,99999.00,99999.00,99999.00,99999.00,99999.00,99999.00,99999.00,99999.00,99999.00,99999.00,99999.00,99999.00,99999.00,99999.00,99999.00,99999.00,99999.00,99999.00,99999.00,99999.00,99999.00,99999.00,99999.00,99999.00,99999.00,99999.00,99999.00,99999.00,99999.00,99999.00,99999.00,99999.00,99999.00,99999.00,99999.00,99999.00,99999.00,99999.00,99999.00,99999.00,99999.00,99999.00,99999.00,99999.00,99999.00,99999.00,99999.00
99999.00,99999.00,99999.00,99999.00,99999.00,99999.00,99999.00,99999.00,99999.00,99999.00,99999.00,99999.00,99999.00,99999.00,99999.00,99999.00,99999.00,99999.00,99999.00,99999.00,99999.00,99999.00,99999.00,99999.00,99999.00,99999.00,99999.00,99999.00,99999.00,99999.00,99999.00,99999.00,99999.00,99999.00,99999.00,99999.00,99999.00,99999.00,99999.00,2468.30,2442.44,2420.70,2405.11,2390.49,2376.79,2368.41,2363.50,2360.72,99999.00,99999.00,99999.00,99999.00,99999.00,99999.00,99999.00,99999.00,99999.00,99999.00,99999.00,99999.00,99999.00,99999.00,99999.00,99999.00,99999.00,99999.00,99999.00,99999.00,2077.57,2065.23,2054.95,2046.30,2038.89,2032.45,2026.80,2021.49,2016.53,2011.90,2007.63,2004.85,2004.17,2005.27,2007.97,2012.23,2017.75,2023.60,2029.97,2037.29,2046.18,2056.89,99999.00,99999.00,99999.00,99999.00,99999.00,99999.00,99999.00,99999.00,99999.00,99999.00,99999.00,99999.00,99999.00,99999.00,99999.00,99999.00,99999.00,99999.00,99999.00,99999.00,99999.00,99999.00,99999.00,99999.00,99999.00,99999.00,99999.00,99999.00,99999.00,99999.00,99999.00,99999.00,99999.00,99999.00,99999.00,99999.00,99999.00,99999.00,99999.00,99999.00,99999.00,99999.00,99999.00,99999.00,99999.00,99999.00,99999.00,99999.00,99999.00,99999.00
99999.00,99999.00,99999.00,99999.00,99999.00,99999.00,99999.00,99999.00,99999.00,99999.00,99999.00,99999.00,99999.00,99999.00,99999.00,99999.00,99999.00,99999.00,99999.00,99999.00,99999.00,99999.00,99999.00,99999.00,99999.00,99999.00,99999.00,99999.00,99999.00,99999.00,99999.00,99999.00,99999.00,99999.00,99999.00,99999.00,99999.00,99999.00,99999.00,2475.58,2454.13,2438.81,2424.34,2410.42,2398.43,2392.88,2388.48,2386.52,99999.00,99999.00,99999.00,99999.00,99999.00,99999.00,99999.00,99999.00,99999.00,99999.00,99999.00,99999.00,99999.00,99999.00,99999.00,99999.00,99999.00,99999.00,99999.00,99999.00,2096.76,2084.23,2073.87,2065.17,2057.73,2051.25,2045.32,2039.80,2034.69,2029.97,2025.64,2022.86,2022.23,2023.43,2026.28,2030.75,2036.56,2042.76,2049.43,2056.91,2065.95,2077.00,99999.00,99999.00,99999.00,99999.00,99999.00,99999.00,99999.00,99999.00,99999.00,99999.00,99999.00,99999.00,99999.00,99999.00,99999.00,99999.00,99999.00,99999.00,99999.00,99999.00,99999.00,99999.00,99999.00,99999.00,99999.00,99999.00,99999.00,99999.00,99999.00,99999.00,99999.00,99999.00,99999.00,99999.00,99999.00,99999.00,99999.00,99999.00,99999.00,99999.00,99999.00,99999.00,99999.00,99999.00,99999.00,99999.00,99999.00,99999.00,99999.00,99999.00
99999.00,99999.00,99999.00,99999.00,99999.00,99999.00,99999.00,99999.00,99999.00,99999.00,99999.00,99999.00,99999.00,99999.00,99999.00,99999.00,99999.00,99999.00,99999.00,99999.00,99999.00,99999.00,99999.00,99999.00,99999.00,99999.00,99999.00,99999.00,99999.00,99999.00,99999.00,99999.00,99999.00,99999.00,99999.00,99999.00,99999.00,99999.00,99999.00,2487.45,2472.58,2458.47,2444.84,2431.68,2423.24,2418.08,2414.26,2413.20,99999.00,99999.00,99999.00,99999.00,99999.00,99999.00,99999.00,99999.00,99999.00,99999.00,99999.00,99999.00,99999.00,99999.00,99999.00,99999.00,99999.00,99999.00,99999.00,99999.00,2117.43,2104.78,2094.30,2085.51,2078.01,2071.26,2065.05,2059.32,2054.06,2049.24,2044.86,2042.09,2041.50,2042.80,2045.79,2050.48,2056.57,2063.14,2070.22,2077.97,2087.12,2098.53,99999.00,99999.00,99999.00,99999.00,99999.00,99999.00,99999.00,99999.00,99999.00,99999.00,99999.00,99999.00,99999.00,99999.00,99999.00,99999.00,99999.00,99999.00,99999.00,99999.00,99999.00,99999.00,99999.00,99999.00,99999.00,99999.00,99999.00,99999.00,99999.00,99999.00,99999.00,99999.00,99999.00,99999.00,99999.00,99999.00,99999.00,99999.00,99999.00,99999.00,99999.00,99999.00,99999.00,99999.00,99999.00,99999.00,99999.00,99999.00,99999.00,99999.00
99999.00,99999.00,99999.00,99999.00,99999.00,99999.00,99999.00,99999.00,99999.00,99999.00,99999.00,99999.00,99999.00,99999.00,99999.00,99999.00,99999.00,99999.00,99999.00,99999.00,99999.00,99999.00,99999.00,99999.00,99999.00,99999.00,99999.00,99999.00,99999.00,99999.00,99999.00,99999.00,99999.00,99999.00,99999.00,99999.00,99999.00,99999.00,99999.00,99999.00,99999.00,99999.00,99999.00,99999.00,99999.00,99999.00,99999.00,99999.00,99999.00,99999.00,99999.00,99999.00,99999.00,99999.00,99999.00,99999.00,99999.00,99999.00,99999.00,99999.00,99999.00,99999.00,99999.00,99999.00,99999.00,99999.00,99999.00,99999.00,99999.00,99999.00,99999.00,99999.00,99999.00,99999.00,99999.00,99999.00,99999.00,99999.00,99999.00,99999.00,99999.00,99999.00,99999.00,99999.00,99999.00,99999.00,99999.00,99999.00,99999.00,99999.00,99999.00,99999.00,99999.00,99999.00,99999.00,99999.00,99999.00,99999.00,99999.00,99999.00,99999.00,99999.00,99999.00,99999.00,99999.00,99999.00,99999.00,99999.00,99999.00,99999.00,99999.00,99999.00,99999.00,99999.00,99999.00,99999.00,99999.00,99999.00,99999.00,99999.00,99999.00,99999.00,99999.00,99999.00,99999.00,99999.00,99999.00,99999.00,99999.00,99999.00,99999.00,99999.00,99999.00,99999.00,99999.00,99999.00,99999.00,99999.00,99999.00,99999.00
99999.00,99999.00,99999.00,99999.00,99999.00,99999.00,99999.00,99999.00,99999.00,99999.00,99999.00,99999.00,99999.00,99999.00,99999.00,99999.00,99999.00,99999.00,99999.00,99999.00,99999.00,99999.00,99999.00,99999.00,99999.00,99999.00,99999.00,99999.00,99999.00,99999.00,99999.00,99999.00,99999.00,99999.00,99999.00,99999.00,99999.00,99999.00,99999.00,99999.00,99999.00,99999.00,99999.00,99999.00,99999.00,99999.00,99999.00,99999.00,99999.00,99999.00,99999.00,99999.00,99999.00,99999.00,99999.00,99999.00,99999.00,99999.00,99999.00,99999.00,99999.00,99999.00,99999.00,99999.00,99999.00,99999.00,99999.00,99999.00,99999.00,99999.00,99999.00,99999.00,99999.00,99999.00,99999.00,99999.00,99999.00,99999.00,99999.00,99999.00,99999.00,99999.00,99999.00,99999.00,99999.00,99999.00,99999.00,99999.00,99999.00,99999.00,99999.00,99999.00,99999.00,99999.00,99999.00,99999.00,99999.00,99999.00,99999.00,99999.00,99999.00,99999.00,99999.00,99999.00,99999.00,99999.00,99999.00,99999.00,99999.00,99999.00,99999.00,99999.00,99999.00,99999.00,99999.00,99999.00,99999.00,99999.00,99999.00,99999.00,99999.00,99999.00,99999.00,99999.00,99999.00,99999.00,99999.00,99999.00,99999.00,99999.00,99999.00,99999.00,99999.00,99999.00,99999.00,99999.00,99999.00,99999.00,99999.00,99999.00
99999.00,99999.00,99999.00,99999.00,99999.00,99999.00,99999.00,99999.00,99999.00,99999.00,99999.00,99999.00,99999.00,99999.00,99999.00,99999.00,99999.00,99999.00,99999.00,99999.00,99999.00,99999.00,99999.00,99999.00,99999.00,99999.00,99999.00,99999.00,99999.00,99999.00,99999.00,99999.00,99999.00,99999.00,99999.00,99999.00,99999.00,99999.00,99999.00,99999.00,99999.00,99999.00,99999.00,99999.00,99999.00,99999.00,99999.00,99999.00,99999.00,99999.00,99999.00,99999.00,99999.00,99999.00,99999.00,99999.00,99999.00,99999.00,99999.00,99999.00,99999.00,99999.00,99999.00,99999.00,99999.00,99999.00,99999.00,99999.00,99999.00,99999.00,99999.00,99999.00,99999.00,99999.00,99999.00,99999.00,99999.00,99999.00,99999.00,99999.00,99999.00,99999.00,99999.00,99999.00,99999.00,99999.00,99999.00,99999.00,99999.00,99999.00,99999.00,99999.00,99999.00,99999.00,99999.00,99999.00,99999.00,99999.00,99999.00,99999.00,99999.00,99999.00,99999.00,99999.00,99999.00,99999.00,99999.00,99999.00,99999.00,99999.00,99999.00,99999.00,99999.00,99999.00,99999.00,99999.00,99999.00,99999.00,99999.00,99999.00,99999.00,99999.00,99999.00,99999.00,99999.00,99999.00,99999.00,99999.00,99999.00,99999.00,99999.00,99999.00,99999.00,99999.00,99999.00,99999.00,99999.00,99999.00,99999.00,99999.00
99999.00,99999.00,99999.00,99999.00,99999.00,99999.00,99999.00,99999.00,99999.00,99999.00,99999.00,99999.00,99999.00,99999.00,99999.00,99999.00,99999.00,99999.00,99999.00,99999.00,99999.00,99999.00,99999.00,99999.00,99999.00,99999.00,99999.00,99999.00,99999.00,99999.00,99999.00,99999.00,99999.00,99999.00,99999.00,99999.00,99999.00,99999.00,99999.00,99999.00,99999.00,99999.00,99999.00,99999.00,99999.00,99999.00,99999.00,99999.00,99999.00,99999.00,99999.00,99999.00,99999.00,99999.00,99999.00,99999.00,99999.00,99999.00,99999.00,99999.00,99999.00,99999.00,99999.00,99999.00,99999.00,99999.00,99999.00,99999.00,99999.00,99999.00,99999.00,99999.00,99999.00,99999.00,99999.00,99999.00,99999.00,99999.00,99999.00,99999.00,99999.00,99999.00,99999.00,99999.00,99999.00,99999.00,99999.00,99999.00,99999.00,99999.00,99999.00,99999.00,99999.00,99999.00,99999.00,99999.00,99999.00,99999.00,99999.00,99999.00,99999.00,99999.00,99999.00,99999.00,99999.00,99999.00,99999.00,99999.00,99999.00,99999.00,99999.00,99999.00,99999.00,99999.00,99999.00,99999.00,99999.00,99999.00,99999.00,99999.00,99999.00,99999.00,99999.00,99999.00,99999.00,99999.00,99999.00,99999.00,99999.00,99999.00,99999.00,99999.00,99999.00,99999.00,99999.00,99999.00,99999.00,99999.00,99999.00,99999.00
99999.00,99999.00,99999.00,99999.00,99999.00,99999.00,99999.00,99999.00,99999.00,99999.00,99999.00,99999.00,99999.00,99999.00,99999.00,99999.00,99999.00,99999.00,99999.00,99999.00,99999.00,99999.00,99999.00,99999.00,99999.00,99999.00,99999.00,99999.00,99999.00,99999.00,99999.00,99999.00,99999.00,99999.00,99999.00,99999.00,99999.00,99999.00,99999.00,99999.00,99999.00,99999.00,99999.00,99999.00,99999.00,99999.00,99999.00,99999.00,99999.00,99999.00,99999.00,99999.00,99999.00,99999.00,99999.00,99999.00,99999.00,99999.00,99999.00,99999.00,99999.00,99999.00,99999.00,99999.00,99999.00,99999.00,99999.00,99999.00,99999.00,99999.00,99999.00,99999.00,99999.00,99999.00,99999.00,99999.00,99999.00,99999.00,99999.00,99999.00,99999.00,99999.00,99999.00,99999.00,99999.00,99999.00,99999.00,99999.00,99999.00,99999.00,99999.00,99999.00,99999.00,99999.00,99999.00,99999.00,99999.00,99999.00,99999.00,99999.00,99999.00,99999.00,99999.00,99999.00,99999.00,99999.00,99999.00,99999.00,99999.00,99999.00,99999.00,99999.00,99999.00,99999.00,99999.00,99999.00,99999.00,99999.00,99999.00,99999.00,99999.00,99999.00,99999.00,99999.00,99999.00,99999.00,99999.00,99999.00,99999.00,99999.00,99999.00,99999.00,99999.00,99999.00,99999.00,99999.00,99999.00,99999.00,99999.00,99999.00
99999.00,99999.00,99999.00,99999.00,99999.00,99999.00,99999.00,99999.00,99999.00,99999.00,99999.00,99999.00,99999.00,99999.00,99999.00,99999.00,99999.00,99999.00,99999.00,99999.00,99999.00,99999.00,99999.00,99999.00,99999.00,99999.00,99999.00,99999.00,99999.00,99999.00,99999.00,99999.00,99999.00,99999.00,99999.00,99999.00,99999.00,99999.00,99999.00,99999.00,99999.00,99999.00,99999.00,99999.00,99999.00,99999.00,99999.00,99999.00,99999.00,99999.00,99999.00,99999.00,99999.00,99999.00,99999.00,99999.00,99999.00,99999.00,99999.00,99999.00,99999.00,99999.00,99999.00,99999.00,99999.00,99999.00,99999.00,99999.00,99999.00,99999.00,99999.00,99999.00,99999.00,99999.00,99999.00,99999.00,99999.00,99999.00,99999.00,99999.00,99999.00,99999.00,99999.00,99999.00,99999.00,99999.00,99999.00,99999.00,99999.00,99999.00,99999.00,99999.00,99999.00,99999.00,99999.00,99999.00,99999.00,99999.00,99999.00,99999.00,99999.00,99999.00,99999.00,99999.00,99999.00,99999.00,99999.00,99999.00,99999.00,99999.00,99999.00,99999.00,99999.00,99999.00,99999.00,99999.00,99999.00,99999.00,99999.00,99999.00,99999.00,99999.00,99999.00,99999.00,99999.00,99999.00,99999.00,99999.00,99999.00,99999.00,99999.00,99999.00,99999.00,99999.00,99999.00,99999.00,99999.00,99999.00,99999.00,99999.00
99999.00,99999.00,99999.00,99999.00,99999.00,99999.00,99999.00,99999.00,99999.00,99999.00,99999.00,99999.00,99999.00,99999.00,99999.00,99999.00,99999.00,99999.00,99999.00,99999.00,99999.00,99999.00,99999.00,99999.00,99999.00,99999.00,99999.00,99999.00,99999.00,99999.00,99999.00,99999.00,99999.00,99999.00,99999.00,99999.00,99999.00,99999.00,99999.00,99999.00,99999.00,99999.00,99999.00,99999.00,99999.00,99999.00,99999.00,99999.00,99999.00,99999.00,99999.00,99999.00,99999.00,99999.00,99999.00,99999.00,99999.00,99999.00,99999.00,99999.00,99999.00,99999.00,99999.00,99999.00,99999.00,99999.00,99999.00,99999.00,99999.00,99999.00,99999.00,99999.00,99999.00,99999.00,99999.00,99999.00,99999.00,99999.00,99999.00,99999.00,99999.00,99999.00,99999.00,99999.00,99999.00,99999.00,99999.00,99999.00,99999.00,99999.00,99999.00,99999.00,99999.00,99999.00,99999.00,99999.00,99999.00,99999.00,99999.00,99999.00,99999.00,99999.00,99999.00,99999.00,99999.00,99999.00,99999.00,99999.00,99999.00,99999.00,99999.00,99999.00,99999.00,99999.00,99999.00,99999.00,99999.00,99999.00,99999.00,99999.00,99999.00,99999.00,99999.00,99999.00,99999.00,99999.00,99999.00,99999.00,99999.00,99999.00,99999.00,99999.00,99999.00,99999.00,99999.00,99999.00,99999.00,99999.00,99999.00,99999.00
99999.00,99999.00,99999.00,99999.00,99999.00,99999.00,99999.00,99999.00,99999.00,99999.00,99999.00,99999.00,99999.00,99999.00,99999.00,99999.00,99999.00,99999.00,99999.00,99999.00,99999.00,99999.00,99999.00,99999.00,99999.00,99999.00,99999.00,99999.00,99999.00,99999.00,99999.00,99999.00,99999.00,99999.00,99999.00,99999.00,99999.00,99999.00,99999.00,99999.00,99999.00,99999.00,99999.00,99999.00,99999.00,99999.00,99999.00,99999.00,99999.00,99999.00,99999.00,99999.00,99999.00,99999.00,99999.00,99999.00,99999.00,99999.00,99999.00,99999.00,99999.00,99999.00,99999.00,99999.00,99999.00,99999.00,99999.00,99999.00,99999.00,99999.00,99999.00,99999.00,99999.00,99999.00,99999.00,99999.00,99999.00,99999.00,99999.00,99999.00,99999.00,99999.00,99999.00,99999.00,99999.00,99999.00,99999.00,99999.00,99999.00,99999.00,99999.00,99999.00,99999.00,99999.00,99999.00,99999.00,99999.00,99999.00,99999.00,99999.00,99999.00,99999.00,99999.00,99999.00,99999.00,99999.00,99999.00,99999.00,99999.00,99999.00,99999.00,99999.00,99999.00,99999.00,99999.00,99999.00,99999.00,99999.00,99999.00,99999.00,99999.00,99999.00,99999.00,99999.00,99999.00,99999.00,99999.00,99999.00,99999.00,99999.00,99999.00,99999.00,99999.00,99999.00,99999.00,99999.00,99999.00,99999.00,99999.00,99999.00
99999.00,99999.00,99999.00,99999.00,99999.00,99999.00,99999.00,99999.00,99999.00,99999.00,99999.00,99999.00,99999.00,99999.00,99999.00,99999.00,99999.00,99999.00,99999.00,99999.00,99999.00,99999.00,99999.00,99999.00,99999.00,99999.00,99999.00,99999.00,99999.00,99999.00,99999.00,99999.00,99999.00,99999.00,99999.00,99999.00,99999.00,99999.00,99999.00,99999.00,99999.00,99999.00,99999.00,99999.00,99999.00,99999.00,99999.00,99999.00,99999.00,99999.00,99999.00,99999.00,99999.00,99999.00,99999.00,99999.00,99999.00,99999.00,99999.00,99999.00,99999.00,99999.00,99999.00,99999.00,99999.00,99999.00,99999.00,99999.00,99999.00,99999.00,99999.00,99999.00,99999.00,99999.00,99999.00,99999.00,99999.00,99999.00,99999.00,99999.00,99999.00,99999.00,99999.00,99999.00,99999.00,99999.00,99999.00,99999.00,99999.00,99999.00,99999.00,99999.00,99999.00,99999.00,99999.00,99999.00,99999.00,99999.00,99999.00,99999.00,99999.00,99999.00,99999.00,99999.00,99999.00,99999.00,99999.00,99999.00,99999.00,99999.00,99999.00,99999.00,99999.00,99999.00,99999.00,99999.00,99999.00,99999.00,99999.00,99999.00,99999.00,99999.00,99999.00,99999.00,99999.00,99999.00,99999.00,99999.00,99999.00,99999.00,99999.00,99999.00,99999.00,99999.00,99999.00,99999.00,99999.00,99999.00,99999.00,99999.00
99999.00,99999.00,99999.00,99999.00,99999.00,99999.00,99999.00,99999.00,99999.00,99999.00,99999.00,99999.00,99999.00,99999.00,99999.00,99999.00,99999.00,99999.00,99999.00,99999.00,99999.00,99999.00,99999.00,99999.00,99999.00,99999.00,99999.00,99999.00,99999.00,99999.00,99999.00,99999.00,99999.00,99999.00,99999.00,99999.00,99999.00,99999.00,99999.00,99999.00,99999.00,99999.00,99999.00,99999.00,99999.00,99999.00,99999.00,99999.00,99999.00,99999.00,99999.00,99999.00,99999.00,99999.00,99999.00,99999.00,99999.00,99999.00,99999.00,99999.00,99999.00,99999.00,99999.00,99999.00,99999.00,99999.00,99999.00,99999.00,99999.00,99999.00,99999.00,99999.00,99999.00,99999.00,99999.00,99999.00,99999.00,99999.00,99999.00,99999.00,99999.00,99999.00,99999.00,99999.00,99999.00,99999.00,99999.00,99999.00,99999.00,99999.00,99999.00,99999.00,99999.00,99999.00,99999.00,99999.00,99999.00,99999.00,99999.00,99999.00,99999.00,99999.00,99999.00,99999.00,99999.00,99999.00,99999.00,99999.00,99999.00,99999.00,99999.00,99999.00,99999.00,99999.00,99999.00,99999.00,99999.00,99999.00,99999.00,99999.00,99999.00,99999.00,99999.00,99999.00,99999.00,99999.00,99999.00,99999.00,99999.00,99999.00,99999.00,99999.00,99999.00,99999.00,99999.00,99999.00,99999.00,99999.00,99999.00,99999.00
99999.00,99999.00,99999.00,99999.00,99999.00,99999.00,99999.00,99999.00,99999.00,99999.00,99999.00,99999.00,99999.00,99999.00,99999.00,99999.00,99999.00,99999.00,99999.00,99999.00,99999.00,99999.00,99999.00,99999.00,99999.00,99999.00,99999.00,99999.00,99999.00,99999.00,99999.00,99999.00,99999.00,99999.00,99999.00,99999.00,99999.00,99999.00,99999.00,99999.00,99999.00,99999.00,99999.00,99999.00,99999.00,99999.00,99999.00,99999.00,99999.00,99999.00,99999.00,99999.00,99999.00,99999.00,99999.00,99999.00,99999.00,99999.00,99999.00,99999.00,99999.00,99999.00,99999.00,99999.00,99999.00,99999.00,99999.00,99999.00,99999.00,99999.00,99999.00,99999.00,99999.00,99999.00,99999.00,99999.00,99999.00,99999.00,99999.00,99999.00,99999.00,99999.00,99999.00,99999.00,99999.00,99999.00,99999.00,99999.00,99999.00,99999.00,99999.00,99999.00,99999.00,99999.00,99999.00,99999.00,99999.00,99999.00,99999.00,99999.00,99999.00,99999.00,99999.00,99999.00,99999.00,99999.00,99999.00,99999.00,99999.00,99999.00,99999.00,99999.00,99999.00,99999.00,99999.00,99999.00,99999.00,99999.00,99999.00,99999.00,99999.00,99999.00,99999.00,99999.00,99999.00,99999.00,99999.00,99999.00,99999.00,99999.00,99999.00,99999.00,99999.00,99999.00,99999.00,99999.00,99999.00,99999.00,99999.00,99999.00
99999.00,99999.00,99999.00,99999.00,99999.00,99999.00,99999.00,99999.00,99999.00,99999.00,99999.00,99999.00,99999.00,99999.00,99999.00,99999.00,99999.00,99999.00,99999.00,99999.00,99999.00,99999.00,99999.00,99999.00,99999.00,99999.00,99999.00,99999.00,99999.00,99999.00,99999.00,99999.00,99999.00,99999.00,99999.00,99999.00,99999.00,99999.00,99999.00,99999.00,99999.00,99999.00,99999.00,99999.00,99999.00,99999.00,99999.00,99999.00,99999.00,99999.00,99999.00,99999.00,99999.00,99999.00,99999.00,99999.00,99999.00,99999.00,99999.00,99999.00,99999.00,99999.00,99999.00,99999.00,99999.00,99999.00,99999.00,99999.00,99999.00,99999.00,99999.00,99999.00,99999.00,99999.00,99999.00,99999.00,99999.00,99999.00,99999.00,99999.00,99999.00,99999.00,99999.00,99999.00,99999.00,99999.00,99999.00,99999.00,99999.00,99999.00,99999.00,99999.00,99999.00,99999.00,99999.00,99999.00,99999.00,99999.00,99999.00,99999.00,99999.00,99999.00,99999.00,99999.00,99999.00,99999.00,99999.00,99999.00,99999.00,99999.00,99999.00,99999.00,99999.00,99999.00,99999.00,99999.00,99999.00,99999.00,99999.00,99999.00,99999.00,99999.00,99999.00,99999.00,99999.00,99999.00,99999.00,99999.00,99999.00,99999.00,99999.00,99999.00,99999.00,99999.00,99999.00,99999.00,99999.00,99999.00,99999.00,99999.00
99999.00,99999.00,99999.00,99999.00,99999.00,99999.00,99999.00,99999.00,99999.00,99999.00,99999.00,99999.00,99999.00,99999.00,99999.00,99999.00,99999.00,99999.00,99999.00,99999.00,99999.00,99999.00,99999.00,99999.00,99999.00,99999.00,99999.00,99999.00,99999.00,99999.00,99999.00,99999.00,99999.00,99999.00,99999.00,99999.00,99999.00,99999.00,99999.00,99999.00,99999.00,99999.00,99999.00,99999.00,99999.00,99999.00,99999.00,99999.00,99999.00,99999.00,99999.00,99999.00,99999.00,99999.00,99999.00,99999.00,99999.00,99999.00,99999.00,99999.00,99999.00,99999.00,99999.00,99999.00,99999.00,99999.00,99999.00,99999.00,99999.00,99999.00,99999.00,99999.00,99999.00,99999.00,99999.00,99999.00,99999.00,99999.00,99999.00,99999.00,99999.00,99999.00,99999.00,99999.00,99999.00,99999.00,99999.00,99999.00,99999.00,99999.00,99999.00,99999.00,99999.00,99999.00,99999.00,99999.00,99999.00,99999.00,99999.00,99999.00,99999.00,99999.00,99999.00,99999.00,99999.00,99999.00,99999.00,99999.00,99999.00,99999.00,99999.00,99999.00,99999.00,99999.00,99999.00,99999.00,99999.00,99999.00,99999.00,99999.00,99999.00,99999.00,99999.00,99999.00,99999.00,99999.00,99999.00,99999.00,99999.00,99999.00,99999.00,99999.00,99999.00,99999.00,99999.00,99999.00,99999.00,99999.00,99999.00,99999.00
99999.00,99999.00,99999.00,99999.00,99999.00,99999.00,99999.00,99999.00,99999.00,99999.00,99999.00,99999.00,99999.00,99999.00,99999.00,99999.00,99999.00,99999.00,99999.00,99999.00,99999.00,99999.00,99999.00,99999.00,99999.00,99999.00,99999.00,99999.00,99999.00,99999.00,99999.00,99999.00,99999.00,99999.00,99999.00,99999.00,99999.00,99999.00,99999.00,99999.00,99999.00,99999.00,99999.00,99999.00,99999.00,99999.00,99999.00,99999.00,99999.00,99999.00,99999.00,99999.00,99999.00,99999.00,99999.00,99999.00,99999.00,99999.00,99999.00,99999.00,99999.00,99999.00,99999.00,99999.00,99999.00,99999.00,99999.00,99999.00,99999.00,99999.00,99999.00,99999.00,99999.00,99999.00,99999.00,99999.00,99999.00,99999.00,99999.00,99999.00,99999.00,99999.00,99999.00,99999.00,99999.00,99999.00,99999.00,99999.00,99999.00,99999.00,99999.00,99999.00,99999.00,99999.00,99999.00,99999.00,99999.00,99999.00,99999.00,99999.00,99999.00,99999.00,99999.00,99999.00,99999.00,99999.00,99999.00,99999.00,99999.00,99999.00,99999.00,99999.00,99999.00,99999.00,99999.00,99999.00,99999.00,99999.00,99999.00,99999.00,99999.00,99999.00,99999.00,99999.00,99999.00,99999.00,99999.00,99999.00,99999.00,99999.00,99999.00,99999.00,99999.00,99999.00,99999.00,99999.00,99999.00,99999.00,99999.00,99999.00
99999.00,99999.00,99999.00,99999.00,99999.00,99999.00,99999.00,99999.00,99999.00,99999.00,99999.00,99999.00,99999.00,99999.00,99999.00,99999.00,99999.00,99999.00,99999.00,99999.00,99999.00,99999.00,99999.00,99999.00,99999.00,99999.00,99999.00,99999.00,99999.00,99999.00,99999.00,99999.00,99999.00,99999.00,99999.00,99999.00,99999.00,99999.00,99999.00,99999.00,99999.00,99999.00,99999.00,99999.00,99999.00,99999.00,99999.00,99999.00,99999.00,99999.00,99999.00,99999.00,99999.00,99999.00,99999.00,99999.00,99999.00,99999.00,99999.00,99999.00,99999.00,99999.00,99999.00,99999.00,99999.00,99999.00,99999.00,99999.00,99999.00,99999.00,99999.00,99999.00,99999.00,99999.00,99999.00,99999.00,99999.00,99999.00,99999.00,99999.00,99999.00,99999.00,99999.00,99999.00,99999.00,99999.00,99999.00,99999.00,99999.00,99999.00,99999.00,99999.00,99999.00,99999.00,99999.00,99999.00,99999.00,99999.00,99999.00,99999.00,99999.00,99999.00,99999.00,99999.00,99999.00,99999.00,99999.00,99999.00,99999.00,99999.00,99999.00,99999.00,99999.00,99999.00,99999.00,99999.00,99999.00,99999.00,99999.00,99999.00,99999.00,99999.00,99999.00,99999.00,99999.00,99999.00,99999.00,99999.00,99999.00,99999.00,99999.00,99999.00,99999.00,99999.00,99999.00,99999.00,99999.00,99999.00,99999.00,99999.00
