99999.00,99999.00,99999.00,99999.00,99999.00,99999.00,99999.00,99999.00,99999.00,99999.00,99999.00,99999.00,99999.00,99999.00,99999.00,99999.00,99999.00,99999.00,99999.00,99999.00,99999.00,99999.00,99999.00,99999.00,99999.00,99999.00,99999.00,99999.00,99999.00,99999.00,99999.00,99999.00,99999.00,99999.00,99999.00,99999.00,99999.00,99999.00,99999.00,99999.00,99999.00,99999.00,99999.00,99999.00,99999.00,99999.00,99999.00,99999.00,99999.00,99999.00,99999.00,99999.00,99999.00,99999.00,99999.00,99999.00,99999.00,99999.00,99999.00,99999.00,99999.00,99999.00,99999.00,99999.00,99999.00,99999.00,99999.00,99999.00,99999.00,99999.00,99999.00,99999.00,99999.00,99999.00,99999.00,99999.00,99999.00,99999.00,99999.00,99999.00,99999.00,99999.00,99999.00,99999.00,99999.00,99999.00,99999.00,99999.00,99999.00,99999.00,99999.00,99999.00,99999.00,99999.00,99999.00,99999.00,99999.00,99999.00,99999.00,99999.00,99999.00,99999.00,99999.00,99999.00,99999.00,99999.00,99999.00,99999.00,99999.00,99999.00,99999.00,99999.00,99999.00,99999.00,99999.00,99999.00,99999.00,99999.00,99999.00,99999.00,99999.00,99999.00,99999.00,99999.00,99999.00,99999.00,99999.00,99999.00,99999.00,99999.00,99999.00,99999.00,99999.00,99999.00,99999.00,99999.00,99999.00,99999.00,99999.00,99999.00,99999.00,99999.00,99999.00,99999.00,99999.00,99999.00,99999.00,99999.00,99999.00,99999.00,99999.00,99999.00,99999.00,99999.00,99999.00,99999.00,99999.00,99999.00,99999.00,99999.00,99999.00,99999.00,99999.00,99999.00,99999.00,99999.00,99999.00,99999.00,99999.00,99999.00,99999.00,99999.00,99999.00,99999.00,99999.00,99999.00,99999.00,99999.00,99999.00,99999.00,99999.00,99999.00,99999.00,99999.00,99999.00,99999.00,99999.00,99999.00,99999.00,99999.00,99999.00,99999.00,99999.00,99999.00,99999.00,99999.00,99999.00,99999.00,99999.00,99999.00
99999.00,99999.00,99999.00,99999.00,99999.00,99999.00,99999.00,99999.00,99999.00,99999.00,99999.00,99999.00,99999.00,99999.00,99999.00,99999.00,99999.00,99999.00,99999.00,99999.00,99999.00,99999.00,99999.00,99999.00,99999.00,99999.00,99999.00,99999.00,99999.00,99999.00,99999.00,99999.00,99999.00,99999.00,99999.00,99999.00,99999.00,99999.00,99999.00,99999.00,99999.00,99999.00,99999.00,99999.00,99999.00,99999.00,99999.00,99999.00,99999.00,99999.00,99999.00,99999.00,99999.00,99999.00,99999.00,99999.00,99999.00,99999.00,99999.00,99999.00,99999.00,99999.00,99999.00,99999.00,99999.00,99999.00,99999.00,99999.00,99999.00,99999.00,99999.00,99999.00,99999.00,99999.00,99999.00,99999.00,99999.00,99999.00,99999.00,99999.00,99999.00,99999.00,99999.00,99999.00,99999.00,99999.00,99999.00,99999.00,99999.00,99999.00,99999.00,99999.00,99999.00,99999.00,99999.00,99999.00,99999.00,99999.00,99999.00,99999.00,99999.00,99999.00,99999.00,99999.00,99999.00,99999.00,99999.00,99999.00,99999.00,99999.00,99999.00,99999.00,99999.00,99999.00,99999.00,99999.00,99999.00,99999.00,99999.00,99999.00,99999.00,99999.00,99999.00,99999.00,99999.00,99999.00,99999.00,99999.00,99999.00,99999.00,99999.00,99999.00,99999.00,99999.00,99999.00,99999.00,99999.00,99999.00,99999.00,99999.00,99999.00,99999.00,99999.00,99999.00,99999.00,99999.00,99999.00,99999.00,99999.00,99999.00,99999.00,99999.00,99999.00,99999.00,99999.00,99999.00,99999.00,99999.00,99999.00,99999.00,99999.00,99999.00,99999.00,99999.00,99999.00,99999.00,99999.00,99999.00,99999.00,99999.00,99999.00,99999.00,99999.00,99999.00,99999.00,99999.00,99999.00,99999.00,99999.00,99999.00,99999.00,99999.00,99999.00,99999.00,99999.00,99999.00,99999.00,99999.00,99999.00,99999.00,99999.00,99999.00,99999.00,99999.00,99999.00,99999.00,99999.00,99999.00,99999.00,99999.00
99999.00,99999.00,99999.00,99999.00,99999.00,99999.00,99999.00,99999.00,99999.00,99999.00,99999.00,99999.00,99999.00,99999.00,99999.00,99999.00,99999.00,99999.00,99999.00,99999.00,99999.00,99999.00,99999.00,99999.00,99999.00,99999.00,99999.00,99999.00,99999.00,99999.00,99999.00,99999.00,99999.00,99999.00,99999.00,99999.00,99999.00,99999.00,99999.00,99999.00,99999.00,99999.00,99999.00,99999.00,99999.00,99999.00,99999.00,99999.00,99999.00,99999.00,99999.00,99999.00,99999.00,99999.00,99999.00,99999.00,99999.00,99999.00,99999.00,99999.00,99999.00,99999.00,99999.00,99999.00,99999.00,99999.00,99999.00,99999.00,99999.00,99999.00,99999.00,99999.00,99999.00,99999.00,99999.00,99999.00,99999.00,99999.00,99999.00,99999.00,99999.00,99999.00,99999.00,99999.00,99999.00,99999.00,99999.00,99999.00,99999.00,99999.00,99999.00,99999.00,99999.00,99999.00,99999.00,99999.00,99999.00,99999.00,99999.00,99999.00,99999.00,99999.00,99999.00,99999.00,99999.00,99999.00,99999.00,99999.00,99999.00,99999.00,99999.00,99999.00,99999.00,99999.00,99999.00,99999.00,99999.00,99999.00,99999.00,99999.00,99999.00,99999.00,99999.00,99999.00,99999.00,99999.00,99999.00,99999.00,99999.00,99999.00,99999.00,99999.00,99999.00,99999.00,99999.00,99999.00,99999.00,99999.00,99999.00,99999.00,99999.00,99999.00,99999.00,99999.00,99999.00,99999.00,99999.00,99999.00,99999.00,99999.00,99999.00,99999.00,99999.00,99999.00,99999.00,99999.00,99999.00,99999.00,99999.00,99999.00,99999.00,99999.00,99999.00,99999.00,99999.00,99999.00,99999.00,99999.00,99999.00,99999.00,99999.00,99999.00,99999.00,99999.00,99999.00,99999.00,99999.00,99999.00,99999.00,99999.00,99999.00,99999.00,99999.00,99999.00,99999.00,99999.00,99999.00,99999.00,99999.00,99999.00,99999.00,99999.00,99999.00,99999.00,99999.00,99999.00,99999.00,99999.00,99999.00,99999.00
99999.00,99999.00,99999.00,99999.00,99999.00,99999.00,99999.00,99999.00,99999.00,99999.00,99999.00,99999.00,99999.00,99999.00,99999.00,99999.00,99999.00,99999.00,99999.00,99999.00,99999.00,99999.00,99999.00,99999.00,99999.00,99999.00,99999.00,99999.00,99999.00,99999.00,99999.00,99999.00,99999.00,99999.00,99999.00,99999.00,99999.00,99999.00,99999.00,99999.00,99999.00,99999.00,99999.00,99999.00,99999.00,99999.00,99999.00,99999.00,99999.00,99999.00,99999.00,99999.00,99999.00,99999.00,99999.00,99999.00,99999.00,99999.00,99999.00,99999.00,99999.00,99999.00,99999.00,99999.00,99999.00,99999.00,99999.00,99999.00,99999.00,99999.00,99999.00,99999.00,99999.00,99999.00,99999.00,99999.00,99999.00,99999.00,99999.00,99999.00,99999.00,99999.00,99999.00,99999.00,99999.00,99999.00,99999.00,99999.00,99999.00,99999.00,99999.00,99999.00,99999.00,99999.00,99999.00,99999.00,99999.00,99999.00,99999.00,99999.00,99999.00,99999.00,99999.00,99999.00,99999.00,99999.00,99999.00,99999.00,99999.00,99999.00,99999.00,99999.00,99999.00,99999.00,99999.00,99999.00,99999.00,99999.00,99999.00,99999.00,99999.00,99999.00,99999.00,99999.00,99999.00,99999.00,99999.00,99999.00,99999.00,99999.00,99999.00,99999.00,99999.00,99999.00,99999.00,99999.00,99999.00,99999.00,99999.00,99999.00,99999.00,99999.00,99999.00,99999.00,99999.00,99999.00,99999.00,99999.00,99999.00,99999.00,99999.00,99999.00,99999.00,99999.00,99999.00,99999.00,99999.00,99999.00,99999.00,99999.00,99999.00,99999.00,99999.00,99999.00,99999.00,99999.00,99999.00,99999.00,99999.00,99999.00,99999.00,99999.00,99999.00,99999.00,99999.00,99999.00,99999.00,99999.00,99999.00,99999.00,99999.00,99999.00,99999.00,99999.00,99999.00,99999.00,99999.00,99999.00,99999.00,99999.00,99999.00,99999.00,99999.00,99999.00,99999.00,99999.00,99999.00,99999.00,99999.00,99999.00
99999.00,99999.00,99999.00,99999.00,99999.00,99999.00,99999.00,99999.00,99999.00,99999.00,99999.00,99999.00,99999.00,99999.00,99999.00,99999.00,99999.00,99999.00,99999.00,99999.00,99999.00,99999.00,99999.00,99999.00,99999.00,99999.00,99999.00,99999.00,99999.00,99999.00,99999.00,99999.00,99999.00,99999.00,99999.00,99999.00,99999.00,99999.00,99999.00,99999.00,99999.00,99999.00,99999.00,99999.00,99999.00,99999.00,99999.00,99999.00,99999.00,99999.00,99999.00,99999.00,99999.00,99999.00,99999.00,99999.00,99999.00,99999.00,99999.00,99999.00,99999.00,99999.00,99999.00,99999.00,99999.00,99999.00,99999.00,99999.00,99999.00,99999.00,99999.00,99999.00,99999.00,99999.00,99999.00,99999.00,99999.00,99999.00,99999.00,99999.00,99999.00,99999.00,99999.00,99999.00,99999.00,99999.00,99999.00,99999.00,99999.00,99999.00,99999.00,99999.00,99999.00,99999.00,99999.00,99999.00,99999.00,99999.00,99999.00,99999.00,99999.00,99999.00,99999.00,99999.00,99999.00,99999.00,99999.00,99999.00,99999.00,99999.00,99999.00,99999.00,99999.00,99999.00,99999.00,99999.00,99999.00,99999.00,99999.00,99999.00,99999.00,99999.00,99999.00,99999.00,99999.00,99999.00,99999.00,99999.00,99999.00,99999.00,99999.00,99999.00,99999.00,99999.00,99999.00,99999.00,99999.00,99999.00,99999.00,99999.00,99999.00,99999.00,99999.00,99999.00,99999.00,99999.00,99999.00,99999.00,99999.00,99999.00,99999.00,99999.00,99999.00,99999.00,99999.00,99999.00,99999.00,99999.00,99999.00,99999.00,99999.00,99999.00,99999.00,99999.00,99999.00,99999.00,99999.00,99999.00,99999.00,99999.00,99999.00,99999.00,99999.00,99999.00,99999.00,99999.00,99999.00,99999.00,99999.00,99999.00,99999.00,99999.00,99999.00,99999.00,99999.00,99999.00,99999.00,99999.00,99999.00,99999.00,99999.00,99999.00,99999.00,99999.00,99999.00,99999.00,99999.00,99999.00,99999.00,99999.00
99999.00,99999.00,99999.00,99999.00,99999.00,99999.00,99999.00,99999.00,99999.00,99999.00,99999.00,99999.00,99999.00,99999.00,99999.00,99999.00,99999.00,99999.00,99999.00,99999.00,99999.00,99999.00,99999.00,99999.00,99999.00,99999.00,99999.00,99999.00,99999.00,99999.00,99999.00,99999.00,99999.00,99999.00,99999.00,99999.00,99999.00,99999.00,99999.00,99999.00,99999.00,99999.00,99999.00,99999.00,99999.00,99999.00,99999.00,99999.00,99999.00,99999.00,99999.00,99999.00,99999.00,99999.00,99999.00,99999.00,99999.00,99999.00,99999.00,99999.00,99999.00,99999.00,99999.00,99999.00,99999.00,99999.00,99999.00,99999.00,99999.00,99999.00,99999.00,99999.00,99999.00,99999.00,99999.00,99999.00,99999.00,99999.00,99999.00,99999.00,99999.00,99999.00,99999.00,99999.00,99999.00,99999.00,99999.00,99999.00,99999.00,99999.00,99999.00,99999.00,99999.00,99999.00,99999.00,99999.00,99999.00,99999.00,99999.00,99999.00,99999.00,99999.00,99999.00,99999.00,99999.00,99999.00,99999.00,99999.00,99999.00,99999.00,99999.00,99999.00,99999.00,99999.00,99999.00,99999.00,99999.00,99999.00,99999.00,99999.00,99999.00,99999.00,99999.00,99999.00,99999.00,99999.00,99999.00,99999.00,99999.00,99999.00,99999.00,99999.00,99999.00,99999.00,99999.00,99999.00,99999.00,99999.00,99999.00,99999.00,99999.00,99999.00,99999.00,99999.00,99999.00,99999.00,99999.00,99999.00,99999.00,99999.00,99999.00,99999.00,99999.00,99999.00,99999.00,99999.00,99999.00,99999.00,99999.00,99999.00,99999.00,99999.00,99999.00,99999.00,99999.00,99999.00,99999.00,99999.00,99999.00,99999.00,99999.00,99999.00,99999.00,99999.00,99999.00,99999.00,99999.00,99999.00,99999.00,99999.00,99999.00,99999.00,99999.00,99999.00,99999.00,99999.00,99999.00,99999.00,99999.00,99999.00,99999.00,99999.00,99999.00,99999.00,99999.00,99999.00,99999.00,99999.00,99999.00,99999.00
99999.00,99999.00,99999.00,99999.00,99999.00,99999.00,99999.00,99999.00,99999.00,99999.00,99999.00,99999.00,99999.00,99999.00,99999.00,99999.00,99999.00,99999.00,99999.00,99999.00,99999.00,99999.00,99999.00,99999.00,99999.00,99999.00,99999.00,99999.00,99999.00,99999.00,99999.00,99999.00,99999.00,99999.00,99999.00,99999.00,99999.00,99999.00,99999.00,99999.00,99999.00,99999.00,99999.00,99999.00,99999.00,99999.00,99999.00,99999.00,99999.00,99999.00,99999.00,99999.00,99999.00,99999.00,99999.00,99999.00,99999.00,99999.00,99999.00,99999.00,99999.00,99999.00,99999.00,99999.00,99999.00,99999.00,99999.00,99999.00,99999.00,99999.00,99999.00,99999.00,99999.00,99999.00,99999.00,99999.00,99999.00,99999.00,99999.00,99999.00,99999.00,99999.00,99999.00,99999.00,99999.00,99999.00,99999.00,99999.00,99999.00,99999.00,99999.00,99999.00,99999.00,99999.00,99999.00,99999.00,99999.00,99999.00,99999.00,99999.00,99999.00,99999.00,99999.00,99999.00,99999.00,99999.00,99999.00,99999.00,99999.00,99999.00,99999.00,99999.00,99999.00,99999.00,99999.00,99999.00,99999.00,99999.00,99999.00,99999.00,99999.00,99999.00,99999.00,99999.00,99999.00,99999.00,99999.00,99999.00,99999.00,99999.00,99999.00,99999.00,99999.00,99999.00,99999.00,99999.00,99999.00,99999.00,99999.00,99999.00,99999.00,99999.00,99999.00,99999.00,99999.00,99999.00,99999.00,99999.00,99999.00,99999.00,99999.00,99999.00,99999.00,99999.00,99999.00,99999.00,99999.00,99999.00,99999.00,99999.00,99999.00,99999.00,99999.00,99999.00,99999.00,99999.00,99999.00,99999.00,99999.00,99999.00,99999.00,99999.00,99999.00,99999.00,99999.00,99999.00,99999.00,99999.00,99999.00,99999.00,99999.00,99999.00,99999.00,99999.00,99999.00,99999.00,99999.00,99999.00,99999.00,99999.00,99999.00,99999.00,99999.00,99999.00,99999.00,99999.00,99999.00,99999.00,99999.00,99999.00
99999.00,99999.00,99999.00,99999.00,99999.00,99999.00,99999.00,99999.00,99999.00,99999.00,99999.00,99999.00,99999.00,99999.00,99999.00,99999.00,99999.00,99999.00,99999.00,99999.00,99999.00,99999.00,99999.00,99999.00,99999.00,99999.00,99999.00,99999.00,99999.00,99999.00,99999.00,99999.00,99999.00,99999.00,99999.00,99999.00,99999.00,99999.00,99999.00,99999.00,99999.00,99999.00,99999.00,99999.00,99999.00,99999.00,99999.00,99999.00,99999.00,99999.00,99999.00,99999.00,99999.00,99999.00,99999.00,99999.00,99999.00,99999.00,99999.00,99999.00,99999.00,99999.00,99999.00,99999.00,99999.00,99999.00,99999.00,99999.00,99999.00,99999.00,99999.00,99999.00,99999.00,99999.00,99999.00,99999.00,99999.00,99999.00,99999.00,99999.00,99999.00,99999.00,99999.00,99999.00,99999.00,99999.00,99999.00,99999.00,99999.00,99999.00,99999.00,99999.00,99999.00,99999.00,99999.00,99999.00,99999.00,99999.00,99999.00,99999.00,99999.00,99999.00,99999.00,99999.00,99999.00,99999.00,99999.00,99999.00,99999.00,99999.00,99999.00,99999.00,99999.00,99999.00,99999.00,99999.00,99999.00,99999.00,99999.00,99999.00,99999.00,99999.00,99999.00,99999.00,99999.00,99999.00,99999.00,99999.00,99999.00,99999.00,99999.00,99999.00,99999.00,99999.00,99999.00,99999.00,99999.00,99999.00,99999.00,99999.00,99999.00,99999.00,99999.00,99999.00,99999.00,99999.00,99999.00,99999.00,99999.00,99999.00,99999.00,99999.00,99999.00,99999.00,99999.00,99999.00,99999.00,99999.00,99999.00,99999.00,99999.00,99999.00,99999.00,99999.00,99999.00,99999.00,99999.00,99999.00,99999.00,99999.00,99999.00,99999.00,99999.00,99999.00,99999.00,99999.00,99999.00,99999.00,99999.00,99999.00,99999.00,99999.00,99999.00,99999.00,99999.00,99999.00,99999.00,99999.00,99999.00,99999.00,99999.00,99999.00,99999.00,99999.00,99999.00,99999.00,99999.00,99999.00,99999.00,99999.00
99999.00,99999.00,99999.00,99999.00,99999.00,99999.00,99999.00,99999.00,99999.00,99999.00,99999.00,99999.00,99999.00,99999.00,99999.00,99999.00,99999.00,99999.00,99999.00,99999.00,99999.00,99999.00,99999.00,99999.00,99999.00,99999.00,99999.00,99999.00,99999.00,99999.00,99999.00,99999.00,99999.00,99999.00,99999.00,99999.00,99999.00,99999.00,99999.00,99999.00,99999.00,99999.00,99999.00,99999.00,99999.00,99999.00,99999.00,99999.00,99999.00,99999.00,99999.00,99999.00,99999.00,99999.00,99999.00,99999.00,99999.00,99999.00,99999.00,99999.00,99999.00,99999.00,99999.00,99999.00,99999.00,99999.00,99999.00,99999.00,99999.00,99999.00,99999.00,99999.00,99999.00,99999.00,99999.00,99999.00,99999.00,99999.00,99999.00,99999.00,99999.00,99999.00,99999.00,99999.00,99999.00,99999.00,99999.00,99999.00,99999.00,99999.00,99999.00,99999.00,99999.00,99999.00,99999.00,99999.00,99999.00,99999.00,99999.00,99999.00,99999.00,99999.00,99999.00,99999.00,99999.00,99999.00,99999.00,99999.00,99999.00,99999.00,99999.00,99999.00,99999.00,99999.00,99999.00,99999.00,99999.00,99999.00,99999.00,99999.00,99999.00,99999.00,99999.00,99999.00,99999.00,99999.00,99999.00,99999.00,99999.00,99999.00,99999.00,99999.00,99999.00,99999.00,99999.00,99999.00,99999.00,99999.00,99999.00,99999.00,99999.00,99999.00,99999.00,99999.00,99999.00,99999.00,99999.00,99999.00,99999.00,99999.00,99999.00,99999.00,99999.00,99999.00,99999.00,99999.00,99999.00,99999.00,99999.00,99999.00,99999.00,99999.00,99999.00,99999.00,99999.00,99999.00,99999.00,99999.00,99999.00,99999.00,99999.00,99999.00,99999.00,99999.00,99999.00,99999.00,99999.00,99999.00,99999.00,99999.00,99999.00,99999.00,99999.00,99999.00,99999.00,99999.00,99999.00,99999.00,99999.00,99999.00,99999.00,99999.00,99999.00,99999.00,99999.00,99999.00,99999.00,99999.00,99999.00,99999.00
99999.00,99999.00,99999.00,99999.00,99999.00,99999.00,99999.00,99999.00,99999.00,99999.00,99999.00,99999.00,99999.00,99999.00,99999.00,99999.00,99999.00,99999.00,99999.00,99999.00,99999.00,99999.00,99999.00,99999.00,99999.00,99999.00,99999.00,99999.00,99999.00,99999.00,99999.00,99999.00,99999.00,99999.00,99999.00,99999.00,99999.00,99999.00,99999.00,99999.00,99999.00,99999.00,99999.00,99999.00,99999.00,99999.00,99999.00,99999.00,99999.00,99999.00,99999.00,99999.00,99999.00,99999.00,99999.00,99999.00,99999.00,99999.00,99999.00,99999.00,99999.00,99999.00,99999.00,99999.00,99999.00,99999.00,99999.00,99999.00,99999.00,99999.00,99999.00,99999.00,99999.00,99999.00,99999.00,99999.00,99999.00,99999.00,99999.00,99999.00,99999.00,99999.00,99999.00,99999.00,99999.00,99999.00,99999.00,99999.00,99999.00,99999.00,99999.00,99999.00,99999.00,99999.00,99999.00,99999.00,99999.00,99999.00,99999.00,99999.00,99999.00,99999.00,99999.00,99999.00,99999.00,99999.00,99999.00,99999.00,99999.00,99999.00,99999.00,99999.00,99999.00,99999.00,99999.00,99999.00,99999.00,99999.00,99999.00,99999.00,99999.00,99999.00,99999.00,99999.00,99999.00,99999.00,99999.00,99999.00,99999.00,99999.00,99999.00,99999.00,99999.00,99999.00,99999.00,99999.00,99999.00,99999.00,99999.00,99999.00,99999.00,99999.00,99999.00,99999.00,99999.00,99999.00,99999.00,99999.00,99999.00,99999.00,99999.00,99999.00,99999.00,99999.00,99999.00,99999.00,99999.00,99999.00,99999.00,99999.00,99999.00,99999.00,99999.00,99999.00,99999.00,99999.00,99999.00,99999.00,99999.00,99999.00,99999.00,99999.00,99999.00,99999.00,99999.00,99999.00,99999.00,99999.00,99999.00,99999.00,99999.00,99999.00,99999.00,99999.00,99999.00,99999.00,99999.00,99999.00,99999.00,99999.00,99999.00,99999.00,99999.00,99999.00,99999.00,99999.00,99999.00,99999.00,99999.00,99999.00
99999.00,99999.00,99999.00,99999.00,99999.00,99999.00,99999.00,99999.00,99999.00,99999.00,99999.00,99999.00,99999.00,99999.00,99999.00,99999.00,99999.00,99999.00,99999.00,99999.00,99999.00,99999.00,99999.00,99999.00,99999.00,99999.00,99999.00,99999.00,99999.00,99999.00,99999.00,99999.00,99999.00,99999.00,99999.00,99999.00,99999.00,99999.00,99999.00,99999.00,99999.00,99999.00,99999.00,99999.00,99999.00,99999.00,99999.00,99999.00,99999.00,99999.00,99999.00,99999.00,99999.00,99999.00,99999.00,99999.00,99999.00,99999.00,99999.00,99999.00,99999.00,99999.00,99999.00,99999.00,99999.00,99999.00,99999.00,99999.00,99999.00,99999.00,99999.00,99999.00,99999.00,99999.00,99999.00,99999.00,99999.00,99999.00,99999.00,99999.00,99999.00,99999.00,99999.00,99999.00,99999.00,99999.00,99999.00,99999.00,99999.00,99999.00,99999.00,99999.00,99999.00,99999.00,99999.00,99999.00,99999.00,99999.00,99999.00,99999.00,99999.00,99999.00,99999.00,99999.00,99999.00,99999.00,99999.00,99999.00,99999.00,99999.00,99999.00,99999.00,99999.00,99999.00,99999.00,99999.00,99999.00,99999.00,99999.00,99999.00,99999.00,99999.00,99999.00,99999.00,99999.00,99999.00,99999.00,99999.00,99999.00,99999.00,99999.00,99999.00,99999.00,99999.00,99999.00,99999.00,99999.00,99999.00,99999.00,99999.00,99999.00,99999.00,99999.00,99999.00,99999.00,99999.00,99999.00,99999.00,99999.00,99999.00,99999.00,99999.00,99999.00,99999.00,99999.00,99999.00,99999.00,99999.00,99999.00,99999.00,99999.00,99999.00,99999.00,99999.00,99999.00,99999.00,99999.00,99999.00,99999.00,99999.00,99999.00,99999.00,99999.00,99999.00,99999.00,99999.00,99999.00,99999.00,99999.00,99999.00,99999.00,99999.00,99999.00,99999.00,99999.00,99999.00,99999.00,99999.00,99999.00,99999.00,99999.00,99999.00,99999.00,99999.00,99999.00,99999.00,99999.00,99999.00,99999.00,99999.00
99999.00,99999.00,99999.00,99999.00,99999.00,99999.00,99999.00,99999.00,99999.00,99999.00,99999.00,99999.00,99999.00,99999.00,99999.00,99999.00,99999.00,99999.00,99999.00,99999.00,99999.00,99999.00,99999.00,99999.00,99999.00,99999.00,99999.00,99999.00,99999.00,99999.00,99999.00,99999.00,99999.00,99999.00,99999.00,99999.00,99999.00,99999.00,99999.00,99999.00,99999.00,99999.00,99999.00,99999.00,99999.00,99999.00,99999.00,99999.00,99999.00,99999.00,99999.00,99999.00,99999.00,99999.00,99999.00,99999.00,99999.00,99999.00,99999.00,99999.00,99999.00,99999.00,99999.00,99999.00,99999.00,99999.00,99999.00,99999.00,99999.00,99999.00,99999.00,99999.00,99999.00,99999.00,99999.00,99999.00,99999.00,99999.00,99999.00,99999.00,99999.00,99999.00,99999.00,99999.00,99999.00,99999.00,99999.00,99999.00,99999.00,99999.00,99999.00,99999.00,99999.00,99999.00,99999.00,99999.00,99999.00,99999.00,99999.00,99999.00,99999.00,99999.00,99999.00,99999.00,99999.00,99999.00,99999.00,99999.00,99999.00,99999.00,99999.00,99999.00,99999.00,99999.00,99999.00,99999.00,99999.00,99999.00,99999.00,99999.00,99999.00,99999.00,99999.00,99999.00,99999.00,99999.00,99999.00,99999.00,99999.00,99999.00,99999.00,99999.00,99999.00,99999.00,99999.00,99999.00,99999.00,99999.00,99999.00,99999.00,99999.00,99999.00,99999.00,99999.00,99999.00,99999.00,99999.00,99999.00,99999.00,99999.00,99999.00,99999.00,99999.00,99999.00,99999.00,99999.00,99999.00,99999.00,99999.00,99999.00,99999.00,99999.00,99999.00,99999.00,99999.00,99999.00,99999.00,99999.00,99999.00,99999.00,99999.00,99999.00,99999.00,99999.00,99999.00,99999.00,99999.00,99999.00,99999.00,99999.00,99999.00,99999.00,99999.00,99999.00,99999.00,99999.00,99999.00,99999.00,99999.00,99999.00,99999.00,99999.00,99999.00,99999.00,99999.00,99999.00,99999.00,99999.00,99999.00,99999.00
99999.00,99999.00,99999.00,99999.00,99999.00,99999.00,99999.00,99999.00,99999.00,99999.00,99999.00,99999.00,99999.00,99999.00,99999.00,99999.00,99999.00,99999.00,99999.00,99999.00,99999.00,99999.00,99999.00,99999.00,99999.00,99999.00,99999.00,99999.00,99999.00,99999.00,99999.00,99999.00,99999.00,99999.00,99999.00,99999.00,99999.00,99999.00,99999.00,99999.00,99999.00,99999.00,99999.00,99999.00,99999.00,99999.00,99999.00,99999.00,99999.00,99999.00,99999.00,99999.00,99999.00,99999.00,99999.00,99999.00,99999.00,99999.00,99999.00,99999.00,99999.00,99999.00,99999.00,99999.00,99999.00,99999.00,99999.00,99999.00,99999.00,99999.00,99999.00,99999.00,99999.00,99999.00,99999.00,99999.00,99999.00,99999.00,99999.00,99999.00,99999.00,99999.00,99999.00,99999.00,99999.00,99999.00,99999.00,99999.00,99999.00,99999.00,99999.00,99999.00,99999.00,99999.00,99999.00,99999.00,99999.00,99999.00,99999.00,99999.00,99999.00,99999.00,99999.00,99999.00,99999.00,99999.00,99999.00,99999.00,99999.00,99999.00,99999.00,99999.00,99999.00,99999.00,99999.00,99999.00,99999.00,99999.00,99999.00,99999.00,99999.00,99999.00,99999.00,99999.00,99999.00,99999.00,99999.00,99999.00,99999.00,99999.00,99999.00,99999.00,99999.00,99999.00,99999.00,99999.00,99999.00,99999.00,99999.00,99999.00,99999.00,99999.00,99999.00,99999.00,99999.00,99999.00,99999.00,99999.00,99999.00,99999.00,99999.00,99999.00,99999.00,99999.00,99999.00,99999.00,99999.00,99999.00,99999.00,99999.00,99999.00,99999.00,99999.00,99999.00,99999.00,99999.00,99999.00,99999.00,99999.00,99999.00,99999.00,99999.00,99999.00,99999.00,99999.00,99999.00,99999.00,99999.00,99999.00,99999.00,99999.00,99999.00,99999.00,99999.00,99999.00,99999.00,99999.00,99999.00,99999.00,99999.00,99999.00,99999.00,99999.00,99999.00,99999.00,99999.00,99999.00,99999.00,99999.00,99999.00
99999.00,99999.00,99999.00,99999.00,99999.00,99999.00,99999.00,99999.00,99999.00,99999.00,99999.00,99999.00,99999.00,99999.00,99999.00,99999.00,99999.00,99999.00,99999.00,99999.00,99999.00,99999.00,99999.00,99999.00,99999.00,99999.00,99999.00,99999.00,99999.00,99999.00,99999.00,99999.00,99999.00,99999.00,99999.00,99999.00,99999.00,99999.00,99999.00,99999.00,99999.00,99999.00,99999.00,99999.00,99999.00,99999.00,99999.00,99999.00,99999.00,99999.00,99999.00,99999.00,99999.00,99999.00,99999.00,99999.00,99999.00,99999.00,99999.00,99999.00,99999.00,99999.00,99999.00,99999.00,99999.00,99999.00,99999.00,99999.00,99999.00,99999.00,99999.00,99999.00,99999.00,99999.00,99999.00,99999.00,99999.00,99999.00,99999.00,99999.00,99999.00,99999.00,99999.00,99999.00,99999.00,99999.00,99999.00,99999.00,99999.00,99999.00,99999.00,99999.00,99999.00,99999.00,99999.00,99999.00,99999.00,99999.00,99999.00,99999.00,99999.00,99999.00,99999.00,99999.00,99999.00,99999.00,99999.00,99999.00,99999.00,99999.00,99999.00,99999.00,99999.00,99999.00,99999.00,99999.00,99999.00,99999.00,99999.00,99999.00,99999.00,99999.00,99999.00,99999.00,99999.00,99999.00,99999.00,99999.00,99999.00,99999.00,99999.00,99999.00,99999.00,99999.00,99999.00,99999.00,99999.00,99999.00,99999.00,99999.00,99999.00,99999.00,99999.00,99999.00,99999.00,99999.00,99999.00,99999.00,99999.00,99999.00,99999.00,99999.00,99999.00,99999.00,99999.00,99999.00,99999.00,99999.00,99999.00,99999.00,99999.00,99999.00,99999.00,99999.00,99999.00,99999.00,99999.00,99999.00,99999.00,99999.00,99999.00,99999.00,99999.00,99999.00,99999.00,99999.00,99999.00,99999.00,99999.00,99999.00,99999.00,99999.00,99999.00,99999.00,99999.00,99999.00,99999.00,99999.00,99999.00,99999.00,99999.00,99999.00,99999.00,99999.00,99999.00,99999.00,99999.00,99999.00,99999.00,99999.00
99999.00,99999.00,99999.00,99999.00,99999.00,99999.00,99999.00,99999.00,99999.00,99999.00,99999.00,99999.00,99999.00,99999.00,99999.00,99999.00,99999.00,99999.00,99999.00,99999.00,99999.00,99999.00,99999.00,99999.00,99999.00,99999.00,99999.00,99999.00,99999.00,99999.00,99999.00,99999.00,99999.00,99999.00,99999.00,99999.00,99999.00,99999.00,99999.00,99999.00,99999.00,99999.00,99999.00,99999.00,99999.00,99999.00,99999.00,99999.00,99999.00,99999.00,99999.00,99999.00,99999.00,99999.00,99999.00,99999.00,99999.00,99999.00,99999.00,99999.00,99999.00,99999.00,99999.00,99999.00,99999.00,99999.00,99999.00,99999.00,99999.00,99999.00,99999.00,99999.00,99999.00,99999.00,99999.00,99999.00,99999.00,99999.00,99999.00,99999.00,99999.00,99999.00,99999.00,99999.00,99999.00,99999.00,99999.00,99999.00,99999.00,99999.00,99999.00,99999.00,99999.00,99999.00,99999.00,99999.00,99999.00,99999.00,99999.00,99999.00,99999.00,99999.00,99999.00,99999.00,99999.00,99999.00,99999.00,99999.00,99999.00,99999.00,99999.00,99999.00,99999.00,99999.00,99999.00,99999.00,99999.00,99999.00,99999.00,99999.00,99999.00,99999.00,99999.00,99999.00,99999.00,99999.00,99999.00,99999.00,99999.00,99999.00,99999.00,99999.00,99999.00,99999.00,99999.00,99999.00,99999.00,99999.00,99999.00,99999.00,99999.00,99999.00,99999.00,99999.00,99999.00,99999.00,99999.00,99999.00,99999.00,99999.00,99999.00,99999.00,99999.00,99999.00,99999.00,99999.00,99999.00,99999.00,99999.00,99999.00,99999.00,99999.00,99999.00,99999.00,99999.00,99999.00,99999.00,99999.00,99999.00,99999.00,99999.00,99999.00,99999.00,99999.00,99999.00,99999.00,99999.00,99999.00,99999.00,99999.00,99999.00,99999.00,99999.00,99999.00,99999.00,99999.00,99999.00,99999.00,99999.00,99999.00,99999.00,99999.00,99999.00,99999.00,99999.00,99999.00,99999.00,99999.00,99999.00,99999.00
99999.00,99999.00,99999.00,99999.00,99999.00,99999.00,99999.00,99999.00,99999.00,99999.00,99999.00,99999.00,99999.00,99999.00,99999.00,99999.00,99999.00,99999.00,99999.00,99999.00,99999.00,99999.00,99999.00,99999.00,99999.00,99999.00,99999.00,99999.00,99999.00,99999.00,99999.00,99999.00,99999.00,99999.00,1036.46,1020.27,1005.91, 992.98, 981.17, 970.14, 959.72, 949.75, 940.17, 932.37, 925.60, 919.61, 914.00, 908.68, 903.50, 898.54, 893.79, 889.58, 886.21, 883.91, 882.99, 883.84, 886.57, 889.82, 893.81, 898.48, 905.30,99999.00,99999.00,99999.00,99999.00,99999.00,99999.00,99999.00,99999.00,99999.00,99999.00,99999.00,99999.00,99999.00,99999.00,99999.00,99999.00,99999.00,99999.00,99999.00,99999.00,99999.00,99999.00,99999.00,99999.00,99999.00,99999.00,99999.00,99999.00,99999.00,99999.00,99999.00,99999.00,99999.00,99999.00,99999.00,99999.00,99999.00,99999.00,99999.00,99999.00,99999.00,99999.00,99999.00,99999.00,99999.00,99999.00,99999.00,99999.00,99999.00,99999.00,99999.00,99999.00,99999.00,99999.00,99999.00,99999.00,99999.00,99999.00,99999.00,99999.00,99999.00,99999.00,99999.00,99999.00, 990.33, 982.41, 976.24, 971.49, 967.58, 964.61, 962.46, 961.01, 960.52, 961.00, 962.56, 965.48, 970.56, 978.68, 987.78,99999.00,99999.00,99999.00,99999.00,99999.00,99999.00,99999.00,99999.00,99999.00,99999.00,99999.00,99999.00,99999.00,99999.00,99999.00,99999.00,99999.00,99999.00,99999.00,99999.00,1074.12,1069.73,1068.38,1069.24,1071.71,1075.47,1080.25,1085.79,1092.16,1099.34,1108.15,1119.05,1131.99,1146.37,99999.00,99999.00,99999.00,99999.00,99999.00,99999.00,99999.00,99999.00,99999.00,99999.00,99999.00,99999.00,99999.00,99999.00,99999.00,99999.00,99999.00,99999.00,99999.00,99999.00,99999.00,99999.00,99999.00,99999.00,99999.00,99999.00
99999.00,99999.00,99999.00,99999.00,99999.00,99999.00,99999.00,99999.00,99999.00,99999.00,99999.00,99999.00,99999.00,99999.00,99999.00,99999.00,99999.00,99999.00,99999.00,99999.00,99999.00,99999.00,99999.00,99999.00,99999.00,99999.00,99999.00,99999.00,99999.00,99999.00,99999.00,99999.00,99999.00,99999.00,1019.30,1003.22, 988.79, 975.78, 963.93, 953.02, 942.74, 932.98, 923.60, 915.35, 908.26, 902.40, 897.05, 891.97, 887.02, 882.27, 877.66, 873.60, 870.36, 868.18, 867.38, 868.34, 871.17, 874.53, 878.60, 883.98, 893.51,99999.00,99999.00,99999.00,99999.00,99999.00,99999.00,99999.00,99999.00,99999.00,99999.00,99999.00,99999.00,99999.00,99999.00,99999.00,99999.00,99999.00,99999.00,99999.00,99999.00,99999.00,99999.00,99999.00,99999.00,99999.00,99999.00,99999.00,99999.00,99999.00,99999.00,99999.00,99999.00,99999.00,99999.00,99999.00,99999.00,99999.00,99999.00,99999.00,99999.00,99999.00,99999.00,99999.00,99999.00,99999.00,99999.00,99999.00,99999.00,99999.00,99999.00,99999.00,99999.00,99999.00,99999.00,99999.00,99999.00,99999.00,99999.00,99999.00,99999.00,99999.00,99999.00,99999.00,99999.00, 978.45, 967.08, 959.50, 954.46, 950.31, 947.08, 944.63, 942.86, 941.99, 942.04, 943.09, 945.41, 949.74, 956.92, 965.49,99999.00,99999.00,99999.00,99999.00,99999.00,99999.00,99999.00,99999.00,99999.00,99999.00,99999.00,99999.00,99999.00,99999.00,99999.00,99999.00,99999.00,99999.00,99999.00,99999.00,1049.58,1046.23,1045.60,1046.91,1049.69,1053.63,1058.47,1063.97,1070.21,1077.68,1086.96,1098.25,1111.13,1125.29,99999.00,99999.00,99999.00,99999.00,99999.00,99999.00,99999.00,99999.00,99999.00,99999.00,99999.00,99999.00,99999.00,99999.00,99999.00,99999.00,99999.00,99999.00,99999.00,99999.00,99999.00,99999.00,99999.00,99999.00,99999.00,99999.00
99999.00,99999.00,99999.00,99999.00,99999.00,99999.00,99999.00,99999.00,99999.00,99999.00,99999.00,99999.00,99999.00,99999.00,99999.00,99999.00,99999.00,99999.00,99999.00,99999.00,99999.00,99999.00,99999.00,99999.00,99999.00,99999.00,99999.00,99999.00,99999.00,99999.00,99999.00,99999.00,99999.00,99999.00,1003.58, 987.60, 973.29, 960.21, 948.29, 937.33, 927.18, 917.57, 908.40, 899.64, 892.58, 886.49, 881.23, 876.39, 871.67, 867.14, 862.74, 858.82, 855.72, 853.67, 852.98, 854.05, 856.98, 860.44, 864.67, 872.19, 881.69,99999.00,99999.00,99999.00,99999.00,99999.00,99999.00,99999.00,99999.00,99999.00,99999.00,99999.00,99999.00,99999.00,99999.00,99999.00,99999.00,99999.00,99999.00,99999.00,99999.00,99999.00,99999.00,99999.00,99999.00,99999.00,99999.00,99999.00,99999.00,99999.00,99999.00,99999.00,99999.00,99999.00,99999.00,99999.00,99999.00,99999.00,99999.00,99999.00,99999.00,99999.00,99999.00,99999.00,99999.00,99999.00,99999.00,99999.00,99999.00,99999.00,99999.00,99999.00,99999.00,99999.00,99999.00,99999.00,99999.00,99999.00,99999.00,99999.00,99999.00,99999.00,99999.00,99999.00,99999.00, 966.64, 955.15, 945.24, 938.64, 934.25, 930.76, 928.02, 925.92, 924.67, 924.29, 924.83, 926.54, 930.13, 936.38, 944.54,99999.00,99999.00,99999.00,99999.00,99999.00,99999.00,99999.00,99999.00,99999.00,99999.00,99999.00,99999.00,99999.00,99999.00,99999.00,99999.00,99999.00,99999.00,99999.00,99999.00,1026.26,1023.91,1023.94,1025.72,1028.80,1032.91,1037.81,1043.27,1049.69,1057.66,1067.37,1078.96,1091.62,1105.71,99999.00,99999.00,99999.00,99999.00,99999.00,99999.00,99999.00,99999.00,99999.00,99999.00,99999.00,99999.00,99999.00,99999.00,99999.00,99999.00,99999.00,99999.00,99999.00,99999.00,99999.00,99999.00,99999.00,99999.00,99999.00,99999.00
99999.00,99999.00,99999.00,99999.00,99999.00,99999.00,99999.00,99999.00,99999.00,99999.00,99999.00,99999.00,99999.00,99999.00,99999.00,99999.00,99999.00,99999.00,99999.00,99999.00,99999.00,99999.00,99999.00,99999.00,99999.00,99999.00,99999.00,99999.00,99999.00,99999.00,99999.00,99999.00,99999.00,99999.00, 989.46, 973.07, 958.86, 945.90, 933.91, 922.89, 912.70, 903.22, 894.20, 885.56, 878.06, 871.66, 866.44, 861.70, 857.21, 852.90, 848.71, 844.99, 842.03, 840.11, 839.54, 840.72, 843.75, 847.30, 852.88, 860.37, 869.81,99999.00,99999.00,99999.00,99999.00,99999.00,99999.00,99999.00,99999.00,99999.00,99999.00,99999.00,99999.00,99999.00,99999.00,99999.00,99999.00,99999.00,99999.00,99999.00,99999.00,99999.00,99999.00,99999.00,99999.00,99999.00,99999.00,99999.00,99999.00,99999.00,99999.00,99999.00,99999.00,99999.00,99999.00,99999.00,99999.00,99999.00,99999.00,99999.00,99999.00,99999.00,99999.00,99999.00,99999.00,99999.00,99999.00,99999.00,99999.00,99999.00,99999.00,99999.00,99999.00,99999.00,99999.00,99999.00,99999.00,99999.00,99999.00,99999.00,99999.00,99999.00,99999.00,99999.00,99999.00, 954.85, 943.22, 933.20, 924.57, 919.08, 915.35, 912.34, 909.93, 908.31, 907.49, 907.53, 908.63, 911.48, 916.79, 924.64,99999.00,99999.00,99999.00,99999.00,99999.00,99999.00,99999.00,99999.00,99999.00,99999.00,99999.00,99999.00,99999.00,99999.00,99999.00,99999.00,99999.00,99999.00,99999.00,99999.00,1003.83,1002.46,1003.17,1005.41,1008.78,1013.06,1018.02,1023.61,1030.52,1038.95,1049.04,1060.64,1073.23,1087.23,99999.00,99999.00,99999.00,99999.00,99999.00,99999.00,99999.00,99999.00,99999.00,99999.00,99999.00,99999.00,99999.00,99999.00,99999.00,99999.00,99999.00,99999.00,99999.00,99999.00,99999.00,99999.00,99999.00,99999.00,99999.00,99999.00
99999.00,99999.00,99999.00,99999.00,99999.00,99999.00,99999.00,99999.00,99999.00,99999.00,99999.00,99999.00,99999.00,99999.00,99999.00,99999.00,99999.00,99999.00,99999.00,99999.00,99999.00,99999.00,99999.00,99999.00,99999.00,99999.00,99999.00,99999.00,99999.00,99999.00,99999.00,99999.00,99999.00,99999.00, 976.57, 959.87, 945.25, 932.39, 920.53, 909.44, 899.20, 889.69, 880.80, 872.32, 864.29, 857.92, 852.48, 847.81, 843.53, 839.37, 835.39, 831.87, 829.11, 827.33, 826.88, 828.17, 831.31, 835.51, 841.09, 848.49, 857.55,99999.00,99999.00,99999.00,99999.00,99999.00,99999.00,99999.00,99999.00,99999.00,99999.00,99999.00,99999.00,99999.00,99999.00,99999.00,99999.00,99999.00,99999.00,99999.00,99999.00,99999.00,99999.00,99999.00,99999.00,99999.00,99999.00,99999.00,99999.00,99999.00,99999.00,99999.00,99999.00,99999.00,99999.00,99999.00,99999.00,99999.00,99999.00,99999.00,99999.00,99999.00,99999.00,99999.00,99999.00,99999.00,99999.00,99999.00,99999.00,99999.00,99999.00,99999.00,99999.00,99999.00,99999.00,99999.00,99999.00,99999.00,99999.00,99999.00,99999.00,99999.00,99999.00,99999.00,99999.00, 943.17, 931.30, 921.13, 912.26, 905.21, 900.64, 897.37, 894.65, 892.68, 891.46, 891.01, 891.51, 893.61, 897.99, 904.90,99999.00,99999.00,99999.00,99999.00,99999.00,99999.00,99999.00,99999.00,99999.00,99999.00,99999.00,99999.00,99999.00,99999.00,99999.00,99999.00,99999.00,99999.00,99999.00,99999.00, 982.12, 981.73, 983.11, 985.80, 989.46, 993.90, 998.92,1005.01,1012.41,1021.27,1031.67,1043.20,1055.69,1069.66,99999.00,99999.00,99999.00,99999.00,99999.00,99999.00,99999.00,99999.00,99999.00,99999.00,99999.00,99999.00,99999.00,99999.00,99999.00,99999.00,99999.00,99999.00,99999.00,99999.00,99999.00,99999.00,99999.00,99999.00,99999.00,99999.00
99999.00,99999.00,99999.00,99999.00,99999.00,99999.00,99999.00,99999.00,99999.00,99999.00,99999.00,99999.00,99999.00,99999.00,99999.00,99999.00,99999.00,99999.00,99999.00,99999.00,99999.00,99999.00,99999.00,99999.00,99999.00,99999.00,99999.00,99999.00,99999.00,99999.00,99999.00,99999.00,99999.00,99999.00, 964.72, 947.71, 932.78, 919.52, 907.76, 896.81, 886.51, 876.94, 868.04, 859.70, 851.73, 844.95, 839.19, 834.58, 830.41, 826.45, 822.66, 819.34, 816.78, 815.19, 814.87, 816.28, 819.69, 823.72, 829.26, 836.23, 845.18,99999.00,99999.00,99999.00,99999.00,99999.00,99999.00,99999.00,99999.00,99999.00,99999.00,99999.00,99999.00,99999.00,99999.00,99999.00,99999.00,99999.00,99999.00,99999.00,99999.00,99999.00,99999.00,99999.00,99999.00,99999.00,99999.00,99999.00,99999.00,99999.00,99999.00,99999.00,99999.00,99999.00,99999.00,99999.00,99999.00,99999.00,99999.00,99999.00,99999.00,99999.00,99999.00,99999.00,99999.00,99999.00,99999.00,99999.00,99999.00,99999.00,99999.00,99999.00,99999.00,99999.00,99999.00,99999.00,99999.00,99999.00,99999.00,99999.00,99999.00,99999.00,99999.00,99999.00,99999.00, 931.26, 919.48, 909.08, 900.01, 892.69, 886.73, 882.96, 879.94, 877.63, 876.01, 875.09, 875.01, 876.40, 879.84, 885.52,99999.00,99999.00,99999.00,99999.00,99999.00,99999.00,99999.00,99999.00,99999.00,99999.00,99999.00,99999.00,99999.00,99999.00,99999.00,99999.00,99999.00,99999.00,99999.00,99999.00, 960.99, 961.58, 963.62, 966.76, 970.71, 975.31, 980.78, 987.36, 995.22,1004.45,1014.99,1026.41,1038.87,1052.63,99999.00,99999.00,99999.00,99999.00,99999.00,99999.00,99999.00,99999.00,99999.00,99999.00,99999.00,99999.00,99999.00,99999.00,99999.00,99999.00,99999.00,99999.00,99999.00,99999.00,99999.00,99999.00,99999.00,99999.00,99999.00,99999.00
99999.00,99999.00,99999.00,99999.00,99999.00,99999.00,99999.00,99999.00,99999.00,99999.00,99999.00,99999.00,99999.00,99999.00,99999.00,99999.00,99999.00,99999.00,99999.00,99999.00,99999.00,99999.00,99999.00,99999.00,99999.00,99999.00,99999.00,99999.00,99999.00,99999.00,99999.00,99999.00,99999.00,99999.00, 953.15, 936.36, 921.18, 907.64, 895.49, 884.65, 874.49, 864.87, 855.92, 847.56, 839.73, 832.42, 826.72, 821.89, 817.80, 814.07, 810.42, 807.31, 804.94, 803.54, 803.41, 804.94, 807.90, 811.93, 817.39, 823.87, 832.74,99999.00,99999.00,99999.00,99999.00,99999.00,99999.00,99999.00,99999.00,99999.00,99999.00,99999.00,99999.00,99999.00,99999.00,99999.00,99999.00,99999.00,99999.00,99999.00,99999.00,99999.00,99999.00,99999.00,99999.00,99999.00,99999.00,99999.00,99999.00,99999.00,99999.00,99999.00,99999.00,99999.00,99999.00,99999.00,99999.00,99999.00,99999.00,99999.00,99999.00,99999.00,99999.00,99999.00,99999.00,99999.00,99999.00,99999.00,99999.00,99999.00,99999.00,99999.00,99999.00,99999.00,99999.00,99999.00,99999.00,99999.00,99999.00,99999.00,99999.00,99999.00,99999.00,99999.00,99999.00, 919.34, 907.42, 897.12, 887.82, 880.18, 874.12, 869.02, 865.71, 863.05, 861.04, 859.64, 859.00, 859.69, 862.24, 866.70,99999.00,99999.00,99999.00,99999.00,99999.00,99999.00,99999.00,99999.00,99999.00,99999.00,99999.00,99999.00,99999.00,99999.00,99999.00,99999.00,99999.00,99999.00,99999.00,99999.00, 940.35, 941.91, 944.61, 948.19, 952.42, 957.46, 963.43, 970.48, 978.75, 988.29, 998.81,1010.20,1022.45,1035.97,99999.00,99999.00,99999.00,99999.00,99999.00,99999.00,99999.00,99999.00,99999.00,99999.00,99999.00,99999.00,99999.00,99999.00,99999.00,99999.00,99999.00,99999.00,99999.00,99999.00,99999.00,99999.00,99999.00,99999.00,99999.00,99999.00
99999.00,99999.00,99999.00,99999.00,99999.00,99999.00,99999.00,99999.00,99999.00,99999.00,99999.00,99999.00,99999.00,99999.00,99999.00,99999.00,99999.00,99999.00,99999.00,99999.00,99999.00,99999.00,99999.00,99999.00,99999.00,99999.00,99999.00,99999.00,99999.00,99999.00,99999.00,99999.00,99999.00,99999.00, 941.78, 925.14, 910.19, 896.46, 884.08, 872.86, 862.81, 853.35, 844.35, 835.97, 828.12, 820.89, 814.78, 809.66, 805.64, 802.02, 798.59, 795.70, 793.53, 792.32, 792.38, 793.60, 796.11, 800.11, 805.13, 811.47, 820.31,99999.00,99999.00,99999.00,99999.00,99999.00,99999.00,99999.00,99999.00,99999.00,99999.00,99999.00,99999.00,99999.00,99999.00,99999.00,99999.00,99999.00,99999.00,99999.00,99999.00,99999.00,99999.00,99999.00,99999.00,99999.00,99999.00,99999.00,99999.00,99999.00,99999.00,99999.00,99999.00,99999.00,99999.00,99999.00,99999.00,99999.00,99999.00,99999.00,99999.00,99999.00,99999.00,99999.00,99999.00,99999.00,99999.00,99999.00,99999.00,99999.00,99999.00,99999.00,99999.00,99999.00,99999.00,99999.00,99999.00,99999.00,99999.00,99999.00,99999.00,99999.00,99999.00,99999.00,99999.00, 907.48, 895.36, 884.91, 875.71, 867.71, 861.38, 856.15, 851.86, 848.87, 846.46, 844.60, 843.40, 843.39, 845.05, 848.32,99999.00,99999.00,99999.00,99999.00,99999.00,99999.00,99999.00,99999.00,99999.00,99999.00,99999.00,99999.00,99999.00,99999.00,99999.00,99999.00,99999.00,99999.00,99999.00,99999.00, 920.12, 922.65, 926.00, 930.01, 934.77, 940.34, 946.79, 954.29, 962.92, 972.58, 983.09, 994.26,1006.27,1019.36,99999.00,99999.00,99999.00,99999.00,99999.00,99999.00,99999.00,99999.00,99999.00,99999.00,99999.00,99999.00,99999.00,99999.00,99999.00,99999.00,99999.00,99999.00,99999.00,99999.00,99999.00,99999.00,99999.00,99999.00,99999.00,99999.00
99999.00,99999.00,99999.00,99999.00,99999.00,99999.00,99999.00,99999.00,99999.00,99999.00,99999.00,99999.00,99999.00,99999.00,99999.00,99999.00,99999.00,99999.00,99999.00,99999.00,99999.00,99999.00,99999.00,99999.00,99999.00,99999.00,99999.00,99999.00,99999.00,99999.00,99999.00,99999.00,99999.00,99999.00, 930.12, 914.07, 899.26, 885.76, 873.21, 861.84, 851.42, 842.09, 833.25, 824.83, 816.96, 809.74, 803.12, 798.06, 793.84, 790.32, 787.11, 784.44, 782.49, 781.47, 781.29, 782.21, 784.32, 788.23, 792.77, 799.03, 807.47,99999.00,99999.00,99999.00,99999.00,99999.00,99999.00,99999.00,99999.00,99999.00,99999.00,99999.00,99999.00,99999.00,99999.00,99999.00,99999.00,99999.00,99999.00,99999.00,99999.00,99999.00,99999.00,99999.00,99999.00,99999.00,99999.00,99999.00,99999.00,99999.00,99999.00,99999.00,99999.00,99999.00,99999.00,99999.00,99999.00,99999.00,99999.00,99999.00,99999.00,99999.00,99999.00,99999.00,99999.00,99999.00,99999.00,99999.00,99999.00,99999.00,99999.00,99999.00,99999.00,99999.00,99999.00,99999.00,99999.00,99999.00,99999.00,99999.00,99999.00,99999.00,99999.00,99999.00,99999.00, 895.68, 883.33, 872.68, 863.34, 855.29, 848.65, 843.32, 838.72, 835.03, 832.23, 829.91, 828.15, 827.45, 828.23, 830.34,99999.00,99999.00,99999.00,99999.00,99999.00,99999.00,99999.00,99999.00,99999.00,99999.00,99999.00,99999.00,99999.00,99999.00,99999.00,99999.00,99999.00,99999.00,99999.00,99999.00, 900.28, 903.76, 907.75, 912.41, 917.77, 923.83, 930.74, 938.64, 947.57, 957.20, 967.58, 978.51, 990.10,1003.23,99999.00,99999.00,99999.00,99999.00,99999.00,99999.00,99999.00,99999.00,99999.00,99999.00,99999.00,99999.00,99999.00,99999.00,99999.00,99999.00,99999.00,99999.00,99999.00,99999.00,99999.00,99999.00,99999.00,99999.00,99999.00,99999.00
99999.00,99999.00,99999.00,99999.00,99999.00,99999.00,99999.00,99999.00,99999.00,99999.00,99999.00,99999.00,99999.00,99999.00,99999.00,99999.00,99999.00,99999.00,99999.00,99999.00,99999.00,99999.00,99999.00,99999.00,99999.00,99999.00,99999.00,99999.00,99999.00,99999.00,99999.00,99999.00,99999.00, 936.07, 918.80, 902.97, 888.62, 875.17, 862.82, 851.26, 840.76, 831.07, 822.37, 814.12, 806.22, 798.84, 792.32, 786.86, 782.36, 778.92, 775.95, 773.50, 771.76, 770.57, 770.15, 770.77, 772.49, 775.97, 780.37, 786.60, 794.40,99999.00,99999.00,99999.00,99999.00,99999.00,99999.00,99999.00,99999.00,99999.00,99999.00,99999.00,99999.00,99999.00,99999.00,99999.00,99999.00,99999.00,99999.00,99999.00,99999.00,99999.00,99999.00,99999.00,99999.00,99999.00,99999.00,99999.00,99999.00,99999.00,99999.00,99999.00,99999.00,99999.00,99999.00,99999.00,99999.00,99999.00,99999.00,99999.00,99999.00,99999.00,99999.00,99999.00,99999.00,99999.00,99999.00,99999.00,99999.00,99999.00,99999.00,99999.00,99999.00,99999.00,99999.00,99999.00,99999.00,99999.00,99999.00,99999.00,99999.00,99999.00,99999.00,99999.00,99999.00, 883.59, 871.37, 860.50, 850.97, 842.94, 835.95, 830.36, 825.63, 821.65, 818.33, 815.57, 813.28, 811.93, 811.90, 812.96, 815.13,99999.00,99999.00,99999.00,99999.00,99999.00,99999.00,99999.00,99999.00,99999.00,99999.00,99999.00,99999.00,99999.00,99999.00,99999.00,99999.00,99999.00,99999.00, 877.10, 881.04, 885.35, 890.15, 895.50, 901.39, 907.91, 915.26, 923.51, 932.55, 942.16, 952.34, 962.93, 974.70, 987.77,1001.97,99999.00,99999.00,99999.00,99999.00,99999.00,99999.00,99999.00,99999.00,99999.00,99999.00,99999.00,99999.00,99999.00,99999.00,99999.00,99999.00,99999.00,99999.00,99999.00,99999.00,99999.00,99999.00,99999.00,99999.00,99999.00
99999.00,99999.00,99999.00,99999.00,99999.00,99999.00,99999.00,99999.00,99999.00,99999.00,99999.00,99999.00,99999.00,99999.00,99999.00,99999.00,99999.00,99999.00,99999.00,99999.00,99999.00,99999.00,99999.00,99999.00,99999.00,99999.00,99999.00,99999.00,99999.00,99999.00,99999.00,99999.00, 942.00, 924.66, 907.97, 892.43, 878.06, 864.94, 852.57, 841.17, 830.46, 820.73, 811.71, 803.59, 795.86, 788.45, 781.80, 775.85, 771.42, 767.79, 765.06, 762.84, 760.98, 759.62, 758.97, 759.28, 760.63, 763.62, 767.94, 773.76, 781.30,99999.00,99999.00,99999.00,99999.00,99999.00,99999.00,99999.00,99999.00,99999.00,99999.00,99999.00,99999.00,99999.00,99999.00,99999.00,99999.00,99999.00,99999.00,99999.00,99999.00,99999.00,99999.00,99999.00,99999.00,99999.00,99999.00,99999.00,99999.00,99999.00,99999.00,99999.00,99999.00,99999.00,99999.00,99999.00,99999.00,99999.00,99999.00,99999.00,99999.00,99999.00,99999.00,99999.00,99999.00,99999.00,99999.00,99999.00,99999.00,99999.00,99999.00,99999.00,99999.00,99999.00,99999.00,99999.00,99999.00,99999.00,99999.00,99999.00,99999.00,99999.00,99999.00,99999.00,99999.00, 871.45, 859.12, 848.39, 838.64, 830.35, 823.31, 817.42, 812.62, 808.35, 804.78, 801.59, 798.82, 796.89, 796.15, 796.34, 797.44, 798.93,99999.00,99999.00,99999.00,99999.00,99999.00,99999.00,99999.00,99999.00,99999.00,99999.00,99999.00,99999.00,99999.00,99999.00,99999.00,99999.00, 852.96, 857.77, 862.68, 867.88, 873.41, 879.31, 885.64, 892.60, 900.33, 908.86, 917.88, 927.45, 937.36, 948.26, 960.21, 972.99, 986.61,1004.62,99999.00,99999.00,99999.00,99999.00,99999.00,99999.00,99999.00,99999.00,99999.00,99999.00,99999.00,99999.00,99999.00,99999.00,99999.00,99999.00,99999.00,99999.00,99999.00,99999.00,99999.00,99999.00,99999.00,99999.00
99999.00,99999.00,99999.00,99999.00,99999.00,99999.00,99999.00,99999.00,99999.00,99999.00,99999.00,99999.00,99999.00,99999.00,99999.00,1261.22,1235.45,1211.00,1187.53,1164.87,1142.88,1121.47,1101.04,1081.61,1063.06,1045.40,1028.16,1011.81, 995.64, 979.68, 963.36, 946.80, 930.23, 913.77, 897.80, 882.44, 868.11, 854.83, 842.70, 831.23, 820.64, 810.69, 801.67, 793.25, 785.65, 778.42, 771.48, 765.63, 760.82, 756.91, 754.43, 752.14, 750.15, 748.62, 747.74, 747.76, 748.73, 751.24, 755.52, 760.69, 768.25,99999.00,99999.00,99999.00,99999.00,99999.00,99999.00,99999.00,99999.00,99999.00,99999.00,99999.00,99999.00,99999.00,99999.00,99999.00,99999.00,99999.00,99999.00,99999.00,99999.00,99999.00,99999.00,99999.00,99999.00,99999.00,99999.00,99999.00,99999.00,99999.00,99999.00,99999.00,99999.00,99999.00,99999.00,99999.00,99999.00,99999.00,99999.00,99999.00,99999.00,99999.00,99999.00,99999.00,99999.00,99999.00,99999.00,99999.00,99999.00,99999.00,99999.00,99999.00,99999.00,99999.00,99999.00,99999.00,99999.00,99999.00,99999.00,99999.00,99999.00,99999.00,99999.00,99999.00,99999.00, 859.36, 846.83, 835.99, 826.39, 817.76, 810.76, 804.55, 799.52, 795.15, 791.33, 787.99, 784.79, 782.37, 781.05, 780.55, 780.87, 781.54, 782.10, 782.57, 782.57, 782.79, 783.42, 784.44, 786.01, 788.64, 792.21, 796.56, 801.20, 806.03, 811.09, 816.57, 822.55, 828.42, 834.14, 839.78, 845.55, 851.40, 857.47, 863.81, 870.54, 877.89, 885.95, 894.60, 903.63, 913.05, 923.35, 934.57, 946.47, 959.08, 975.56, 992.63,1010.13,1027.80,1045.42,1063.23,1081.60,1100.58,1120.48,1141.48,1163.83,99999.00,99999.00,99999.00,99999.00,99999.00,99999.00,99999.00,99999.00,99999.00,99999.00,99999.00,99999.00,99999.00,99999.00,99999.00
99999.00,99999.00,99999.00,99999.00,99999.00,99999.00,99999.00,99999.00,99999.00,99999.00,99999.00,99999.00,99999.00,99999.00,99999.00,1252.13,1226.72,1202.49,1179.21,1156.70,1134.82,1113.50,1092.67,1072.32,1052.87,1034.34,1016.62, 999.72, 983.44, 967.35, 951.47, 935.29, 919.24, 903.48, 887.99, 873.04, 858.68, 845.31, 832.93, 821.64, 810.95, 801.11, 791.85, 783.48, 775.62, 768.52, 761.75, 755.65, 750.34, 746.52, 743.75, 741.38, 739.28, 737.59, 736.48, 736.21, 736.80, 738.82, 742.70, 747.59, 754.81,99999.00,99999.00,99999.00,99999.00,99999.00,99999.00,99999.00,99999.00,99999.00,99999.00,99999.00,99999.00,99999.00,99999.00,99999.00,99999.00,99999.00,99999.00,99999.00,99999.00,99999.00,99999.00,99999.00,99999.00,99999.00,99999.00,99999.00,99999.00,99999.00,99999.00,99999.00,99999.00,99999.00,99999.00,99999.00,99999.00,99999.00,99999.00,99999.00,99999.00,99999.00,99999.00,99999.00,99999.00,99999.00,99999.00,99999.00,99999.00,99999.00,99999.00,99999.00,99999.00,99999.00,99999.00,99999.00,99999.00,99999.00,99999.00,99999.00,99999.00,99999.00,99999.00,99999.00,99999.00, 847.34, 834.57, 823.54, 813.85, 805.23, 798.00, 791.77, 786.47, 782.07, 778.02, 774.50, 771.20, 768.37, 766.58, 765.58, 765.35, 765.48, 765.60, 765.85, 765.87, 766.16, 766.81, 767.82, 769.38, 771.93, 775.41, 779.66, 784.15, 788.80, 793.66, 798.95, 804.76, 810.88, 817.13, 823.33, 829.57, 835.89, 842.34, 849.00, 856.10, 863.78, 872.10, 880.74, 889.75, 899.64, 910.34, 921.65, 933.58, 948.94, 964.89, 981.35, 998.24,1015.37,1032.67,1050.40,1068.60,1087.54,1107.31,1128.28,1150.77,99999.00,99999.00,99999.00,99999.00,99999.00,99999.00,99999.00,99999.00,99999.00,99999.00,99999.00,99999.00,99999.00,99999.00,99999.00
99999.00,99999.00,99999.00,99999.00,99999.00,99999.00,99999.00,99999.00,99999.00,99999.00,99999.00,99999.00,99999.00,99999.00,99999.00,1244.05,1219.15,1195.32,1172.33,1150.02,1128.29,1107.09,1086.36,1066.09,1046.25,1026.80,1008.19, 990.43, 973.43, 957.22, 941.08, 925.13, 909.45, 893.85, 878.69, 864.09, 849.88, 836.27, 823.71, 812.13, 801.60, 791.63, 782.48, 773.87, 766.12, 758.76, 752.13, 745.81, 740.62, 736.42, 733.10, 730.60, 728.38, 726.52, 725.20, 724.63, 724.84, 726.39, 729.65, 734.54, 740.90,99999.00,99999.00,99999.00,99999.00,99999.00,99999.00,99999.00,99999.00,99999.00,99999.00,99999.00,99999.00,99999.00,99999.00,99999.00,99999.00,99999.00,99999.00,99999.00,99999.00,99999.00,99999.00,99999.00,99999.00,99999.00,99999.00,99999.00,99999.00,99999.00,99999.00,99999.00,99999.00,99999.00,99999.00,99999.00,99999.00,99999.00,99999.00,99999.00,99999.00,99999.00,99999.00,99999.00,99999.00,99999.00,99999.00,99999.00,99999.00,99999.00,99999.00,99999.00,99999.00,99999.00,99999.00,99999.00,99999.00,99999.00,99999.00,99999.00,99999.00,99999.00,99999.00,99999.00,99999.00, 835.17, 822.38, 811.14, 801.27, 792.79, 785.25, 779.10, 773.52, 768.94, 764.86, 761.18, 757.80, 754.88, 752.74, 751.35, 750.74, 750.53, 750.40, 750.53, 750.60, 750.96, 751.67, 752.70, 754.25, 756.72, 760.11, 764.25, 768.56, 773.03, 777.70, 782.78, 788.79, 795.11, 801.54, 808.10, 814.63, 821.24, 827.94, 834.89, 842.29, 850.25, 858.66, 867.31, 876.88, 887.21, 898.08, 909.52, 924.03, 939.09, 954.71, 970.83, 987.40,1004.30,1021.49,1039.20,1057.44,1076.47,1096.45,1117.70,1140.52,99999.00,99999.00,99999.00,99999.00,99999.00,99999.00,99999.00,99999.00,99999.00,99999.00,99999.00,99999.00,99999.00,99999.00,99999.00
99999.00,99999.00,99999.00,99999.00,99999.00,99999.00,99999.00,99999.00,99999.00,99999.00,99999.00,99999.00,99999.00,99999.00,99999.00,1237.04,1212.43,1188.86,1166.11,1144.01,1122.46,1101.40,1080.80,1060.64,1040.90,1021.54,1002.54, 983.88, 966.01, 948.96, 932.63, 916.59, 900.65, 885.14, 870.15, 855.46, 841.38, 827.93, 814.93, 803.13, 792.28, 782.46, 773.18, 764.68, 756.70, 749.53, 742.64, 736.53, 731.09, 726.41, 722.61, 719.78, 717.45, 715.43, 713.88, 713.02, 712.86, 713.93, 716.58, 721.10, 726.95,99999.00,99999.00,99999.00,99999.00,99999.00,99999.00,99999.00,99999.00,99999.00,99999.00,99999.00,99999.00,99999.00,99999.00,99999.00,99999.00,99999.00,99999.00,99999.00,99999.00,99999.00,99999.00,99999.00,99999.00,99999.00,99999.00,99999.00,99999.00,99999.00,99999.00,99999.00,99999.00,99999.00,99999.00,99999.00,99999.00,99999.00,99999.00,99999.00,99999.00,99999.00,99999.00,99999.00,99999.00,99999.00,99999.00,99999.00,99999.00,99999.00,99999.00,99999.00,99999.00,99999.00,99999.00,99999.00,99999.00,99999.00,99999.00,99999.00,99999.00,99999.00,99999.00,99999.00,99999.00, 822.72, 810.04, 798.78, 788.71, 780.06, 772.57, 766.22, 760.67, 755.89, 751.85, 748.02, 744.58, 741.65, 739.47, 737.81, 736.94, 736.51, 736.23, 736.31, 736.44, 736.87, 737.65, 738.73, 740.29, 742.69, 745.99, 749.98, 754.12, 758.40, 762.88, 768.19, 774.22, 780.68, 787.26, 793.92, 800.63, 807.39, 814.26, 821.44, 829.09, 837.26, 845.64, 854.96, 865.00, 875.51, 886.57, 900.41, 914.80, 929.75, 945.25, 961.26, 977.73, 994.60,1011.83,1029.62,1048.06,1067.37,1087.69,1109.33,1132.53,99999.00,99999.00,99999.00,99999.00,99999.00,99999.00,99999.00,99999.00,99999.00,99999.00,99999.00,99999.00,99999.00,99999.00,99999.00
99999.00,99999.00,99999.00,99999.00,99999.00,99999.00,99999.00,99999.00,99999.00,99999.00,99999.00,99999.00,99999.00,99999.00,99999.00,1232.30,1207.80,1184.32,1161.61,1139.53,1117.97,1096.88,1076.24,1056.05,1036.28,1016.90, 997.89, 979.23, 960.90, 942.88, 925.70, 909.31, 893.19, 877.53, 862.16, 847.43, 833.38, 819.74, 806.78, 794.52, 783.44, 773.30, 764.17, 755.55, 747.67, 740.29, 733.65, 727.33, 721.68, 716.60, 712.43, 709.05, 706.50, 704.32, 702.55, 701.40, 700.87, 701.46, 703.49, 707.19, 712.87,99999.00,99999.00,99999.00,99999.00,99999.00,99999.00,99999.00,99999.00,99999.00,99999.00,99999.00,99999.00,99999.00,99999.00,99999.00,99999.00,99999.00,99999.00,99999.00,99999.00,99999.00,99999.00,99999.00,99999.00,99999.00,99999.00,99999.00,99999.00,99999.00,99999.00,99999.00,99999.00,99999.00,99999.00,99999.00,99999.00,99999.00,99999.00,99999.00,99999.00,99999.00,99999.00,99999.00,99999.00,99999.00,99999.00,99999.00,99999.00,99999.00,99999.00,99999.00,99999.00,99999.00,99999.00,99999.00,99999.00,99999.00,99999.00,99999.00,99999.00,99999.00,99999.00,99999.00,99999.00, 810.27, 797.39, 786.26, 776.21, 767.28, 759.97, 753.36, 747.95, 742.95, 738.81, 735.03, 731.53, 728.66, 726.51, 724.87, 723.83, 723.26, 722.90, 722.98, 723.17, 723.68, 724.53, 725.69, 727.28, 729.64, 732.84, 736.66, 740.62, 744.72, 749.20, 754.77, 760.86, 767.27, 773.94, 780.64, 787.41, 794.25, 801.25, 808.63, 816.48, 824.69, 833.81, 843.58, 853.80, 864.53, 877.83, 891.66, 906.06, 921.01, 936.52, 952.56, 969.06, 986.01,1003.44,1021.50,1040.27,1059.97,1080.79,1102.60,1125.55,99999.00,99999.00,99999.00,99999.00,99999.00,99999.00,99999.00,99999.00,99999.00,99999.00,99999.00,99999.00,99999.00,99999.00,99999.00
99999.00,99999.00,99999.00,99999.00,99999.00,99999.00,99999.00,99999.00,99999.00,99999.00,99999.00,99999.00,99999.00,99999.00,99999.00,1230.39,1205.86,1182.31,1159.49,1137.26,1115.51,1094.20,1073.33,1052.91,1032.92,1013.33, 994.12, 975.26, 956.75, 938.58, 920.71, 903.29, 886.78, 870.74, 855.12, 840.16, 825.66, 811.94, 798.98, 786.48, 774.95, 764.59, 755.14, 746.67, 738.69, 731.43, 724.62, 718.24, 712.33, 707.00, 702.35, 698.51, 695.53, 693.19, 691.21, 689.77, 688.86, 688.98, 690.40, 693.24, 697.79,99999.00,99999.00,99999.00,99999.00,99999.00,99999.00,99999.00,99999.00,99999.00,99999.00,99999.00,99999.00,99999.00,99999.00,99999.00,99999.00,99999.00,99999.00,99999.00,99999.00,99999.00,99999.00,99999.00,99999.00,99999.00,99999.00,99999.00,99999.00,99999.00,99999.00,99999.00,99999.00,99999.00,99999.00,99999.00,99999.00,99999.00,99999.00,99999.00,99999.00,99999.00,99999.00,99999.00,99999.00,99999.00,99999.00,99999.00,99999.00,99999.00,99999.00,99999.00,99999.00,99999.00,99999.00,99999.00,99999.00,99999.00,99999.00,99999.00,99999.00,99999.00,99999.00,99999.00,99999.00, 797.81, 784.73, 773.42, 763.52, 754.52, 747.07, 740.56, 735.01, 730.11, 725.84, 722.20, 718.65, 715.90, 713.83, 712.28, 711.32, 710.68, 710.28, 710.38, 710.65, 711.23, 712.17, 713.40, 715.07, 717.41, 720.49, 724.14, 727.92, 731.86, 736.71, 742.29, 748.43, 754.85, 761.45, 768.14, 774.91, 781.76, 788.88, 796.42, 804.47, 813.38, 822.92, 832.87, 843.30, 856.11, 869.45, 883.34, 897.81, 912.85, 928.44, 944.59, 961.28, 978.49, 996.24,1014.68,1033.95,1054.10,1074.94,1096.65,1119.50,99999.00,99999.00,99999.00,99999.00,99999.00,99999.00,99999.00,99999.00,99999.00,99999.00,99999.00,99999.00,99999.00,99999.00,99999.00
99999.00,99999.00,99999.00,99999.00,99999.00,99999.00,99999.00,99999.00,99999.00,99999.00,99999.00,99999.00,99999.00,99999.00,99999.00,1231.64,1206.96,1183.21,1160.14,1137.58,1115.47,1093.75,1072.46,1051.61,1031.21,1011.21, 991.61, 972.38, 953.50, 934.98, 916.78, 898.90, 881.46, 864.79, 848.75, 833.38, 818.63, 804.68, 791.29, 778.74, 766.99, 756.18, 746.54, 737.77, 729.96, 722.60, 715.67, 709.18, 703.07, 697.54, 692.49, 688.28, 684.77, 682.05, 679.85, 678.13, 676.85, 676.49, 677.30, 679.27, 682.69,99999.00,99999.00,99999.00,99999.00,99999.00,99999.00,99999.00,99999.00,99999.00,99999.00,99999.00,99999.00,99999.00,99999.00,99999.00,99999.00,99999.00,99999.00,99999.00,99999.00,99999.00,99999.00,99999.00,99999.00,99999.00,99999.00,99999.00,99999.00,99999.00,99999.00,99999.00,99999.00,99999.00,99999.00,99999.00,99999.00,99999.00,99999.00,99999.00,99999.00,99999.00,99999.00,99999.00,99999.00,99999.00,99999.00,99999.00,99999.00,99999.00,99999.00,99999.00,99999.00,99999.00,99999.00,99999.00,99999.00,99999.00,99999.00,99999.00,99999.00,99999.00,99999.00,99999.00,99999.00, 784.79, 772.05, 760.56, 750.49, 741.79, 734.11, 727.84, 722.09, 717.39, 712.98, 709.31, 705.92, 703.33, 701.40, 699.98, 699.16, 698.67, 698.27, 698.41, 698.76, 699.43, 700.45, 701.76, 703.50, 705.90, 708.82, 712.31, 715.91, 719.95, 725.07, 730.70, 736.75, 743.15, 749.67, 756.31, 763.02, 769.89, 777.11, 784.98, 793.70, 803.00, 812.69, 822.82, 835.18, 848.04, 861.45, 875.43, 889.98, 905.14, 920.93, 937.33, 954.34, 971.93, 990.16,1009.26,1028.88,1049.06,1069.95,1091.71,1114.63,99999.00,99999.00,99999.00,99999.00,99999.00,99999.00,99999.00,99999.00,99999.00,99999.00,99999.00,99999.00,99999.00,99999.00,99999.00
99999.00,99999.00,99999.00,99999.00,99999.00,99999.00,99999.00,99999.00,99999.00,99999.00,99999.00,99999.00,99999.00,99999.00,99999.00,1236.70,1211.77,1187.69,1164.22,1141.19,1118.52,1096.19,1074.24,1052.76,1031.72,1011.10, 990.89, 971.07, 951.63, 932.55, 913.81, 895.41, 877.36, 859.69, 843.08, 827.10, 811.96, 797.68, 784.11, 771.40, 759.27, 748.29, 738.22, 729.28, 721.19, 713.77, 706.75, 700.11, 693.93, 688.15, 682.87, 678.18, 674.20, 670.98, 668.50, 666.49, 664.84, 664.00, 664.17, 665.27, 667.57,99999.00,99999.00,99999.00,99999.00,99999.00,99999.00,99999.00,99999.00,99999.00,99999.00,99999.00,99999.00,99999.00,99999.00,99999.00,99999.00,99999.00,99999.00,99999.00,99999.00,99999.00,99999.00,99999.00,99999.00,99999.00,99999.00,99999.00,99999.00,99999.00,99999.00,99999.00,99999.00,99999.00,99999.00,99999.00,99999.00,99999.00,99999.00,99999.00,99999.00,99999.00,99999.00,99999.00,99999.00,99999.00,99999.00,99999.00,99999.00,99999.00,99999.00,99999.00,99999.00,99999.00,99999.00,99999.00,99999.00,99999.00,99999.00,99999.00,99999.00,99999.00,99999.00,99999.00,99999.00, 771.63, 758.76, 747.63, 737.42, 728.85, 721.16, 714.81, 709.22, 704.45, 700.21, 696.50, 693.33, 690.93, 689.19, 687.94, 687.30, 686.98, 686.78, 686.98, 687.42, 688.18, 689.28, 690.67, 692.50, 694.95, 697.76, 701.08, 704.59, 709.01, 714.13, 719.81, 725.83, 732.10, 738.53, 745.06, 751.70, 758.60, 766.27, 774.77, 783.84, 793.25, 803.09, 814.99, 827.38, 840.29, 853.74, 867.80, 882.51, 897.89, 913.95, 930.72, 948.20, 966.43, 985.38,1004.72,1024.53,1044.91,1065.99,1087.95,1111.10,99999.00,99999.00,99999.00,99999.00,99999.00,99999.00,99999.00,99999.00,99999.00,99999.00,99999.00,99999.00,99999.00,99999.00,99999.00
99999.00,99999.00,99999.00,99999.00,99999.00,99999.00,99999.00,99999.00,99999.00,99999.00,99999.00,99999.00,99999.00,99999.00,99999.00,1244.23,1219.02,1194.87,1171.46,1148.59,1125.62,1102.42,1079.55,1057.14,1035.20,1013.70, 992.62, 971.96, 951.70, 931.81, 912.29, 893.12, 874.31, 855.89, 838.02, 821.27, 805.69, 790.92, 777.11, 764.19, 751.99, 740.61, 730.40, 721.07, 712.59, 704.91, 697.85, 691.14, 684.85, 678.87, 673.39, 668.31, 663.97, 660.21, 657.15, 654.86, 652.84, 651.52, 651.02, 651.26, 652.43,99999.00,99999.00,99999.00,99999.00,99999.00,99999.00,99999.00,99999.00,99999.00,99999.00,99999.00,99999.00,99999.00,99999.00,99999.00,99999.00,99999.00,99999.00,99999.00,99999.00,99999.00,99999.00,99999.00,99999.00,99999.00,99999.00,99999.00,99999.00,99999.00,99999.00,99999.00,99999.00,99999.00,99999.00,99999.00,99999.00,99999.00,99999.00,99999.00,99999.00,99999.00,99999.00,99999.00,99999.00,99999.00,99999.00,99999.00,99999.00,99999.00,99999.00,99999.00,99999.00,99999.00,99999.00,99999.00,99999.00,99999.00,99999.00,99999.00,99999.00,99999.00,99999.00,99999.00,99999.00, 758.19, 745.31, 734.08, 724.30, 715.55, 708.20, 701.69, 696.40, 691.50, 687.54, 683.76, 680.85, 678.68, 677.16, 676.12, 675.68, 675.58, 675.60, 676.03, 676.56, 677.41, 678.60, 680.08, 681.99, 684.48, 687.25, 690.41, 694.04, 698.73, 703.90, 709.48, 715.47, 721.62, 727.92, 734.34, 740.92, 748.37, 756.63, 765.44, 774.58, 784.12, 795.55, 807.45, 819.82, 832.73, 846.26, 860.45, 875.35, 891.00, 907.47, 924.82, 943.18, 962.14, 981.46,1001.16,1021.34,1042.10,1063.55,1085.91,1109.47,99999.00,99999.00,99999.00,99999.00,99999.00,99999.00,99999.00,99999.00,99999.00,99999.00,99999.00,99999.00,99999.00,99999.00,99999.00
99999.00,99999.00,99999.00,99999.00,99999.00,99999.00,99999.00,99999.00,99999.00,99999.00,99999.00,99999.00,99999.00,99999.00,99999.00,1252.38,1227.46,1203.76,1180.40,1157.08,1134.08,1111.16,1088.19,1065.53,1042.31,1019.56, 997.26, 975.40, 953.96, 932.93, 912.28, 892.00, 872.10, 852.60, 833.78, 815.97, 799.64, 784.34, 770.32, 757.12, 744.82, 733.36, 722.79, 713.14, 704.29, 696.25, 688.94, 682.19, 675.77, 669.73, 664.00, 658.69, 653.87, 649.65, 646.09, 643.24, 640.85, 639.04, 637.86, 637.24, 637.31,99999.00,99999.00,99999.00,99999.00,99999.00,99999.00,99999.00,99999.00,99999.00,99999.00,99999.00,99999.00,99999.00,99999.00,99999.00,99999.00,99999.00,99999.00,99999.00,99999.00,99999.00,99999.00,99999.00,99999.00,99999.00,99999.00,99999.00,99999.00,99999.00,99999.00,99999.00,99999.00,99999.00,99999.00,99999.00,99999.00,99999.00,99999.00,99999.00,99999.00,99999.00,99999.00,99999.00,99999.00,99999.00,99999.00,99999.00,99999.00,99999.00,99999.00,99999.00,99999.00,99999.00,99999.00,99999.00,99999.00,99999.00,99999.00,99999.00,99999.00,99999.00,99999.00,99999.00,99999.00, 743.89, 731.57, 720.35, 710.67, 702.15, 695.01, 688.54, 683.25, 678.58, 674.62, 671.10, 668.47, 666.57, 665.30, 664.50, 664.29, 664.42, 664.67, 665.35, 666.12, 667.08, 668.36, 669.93, 671.92, 674.43, 677.19, 680.31, 684.32, 689.00, 694.23, 699.77, 705.62, 711.64, 717.81, 724.09, 731.29, 739.29, 747.84, 756.70, 765.92, 776.88, 788.24, 800.07, 812.43, 825.38, 838.97, 853.29, 868.43, 884.52, 901.74, 920.07, 939.12, 958.66, 978.56, 998.86,1019.64,1041.00,1063.06,1086.06,1110.27,99999.00,99999.00,99999.00,99999.00,99999.00,99999.00,99999.00,99999.00,99999.00,99999.00,99999.00,99999.00,99999.00,99999.00,99999.00
99999.00,99999.00,99999.00,99999.00,99999.00,99999.00,99999.00,99999.00,99999.00,99999.00,99999.00,99999.00,99999.00,99999.00,99999.00,1262.41,1237.81,1214.00,1191.13,1168.75,99999.00,99999.00,99999.00,99999.00,99999.00,99999.00,99999.00,99999.00,99999.00,99999.00,99999.00,99999.00,99999.00,99999.00, 830.13, 811.18, 793.65, 778.02, 763.58, 750.12, 737.82, 726.21, 715.42, 705.44, 696.30, 687.91, 680.25, 673.26, 666.78, 660.67, 654.75, 649.24, 644.03, 639.45, 635.36, 631.81, 628.94, 626.63, 624.79, 623.36, 622.40, 622.07,99999.00,99999.00,99999.00,99999.00,99999.00,99999.00,99999.00,99999.00,99999.00,99999.00,99999.00,99999.00,99999.00,99999.00,99999.00,99999.00,99999.00,99999.00,99999.00,99999.00,99999.00,99999.00,99999.00,99999.00,99999.00,99999.00,99999.00,99999.00,99999.00,99999.00,99999.00,99999.00,99999.00,99999.00,99999.00,99999.00,99999.00,99999.00,99999.00,99999.00,99999.00,99999.00,99999.00,99999.00,99999.00,99999.00,99999.00,99999.00,99999.00,99999.00,99999.00,99999.00,99999.00,99999.00,99999.00,99999.00,99999.00,99999.00,99999.00,99999.00,99999.00,99999.00, 742.76, 729.20, 717.21, 706.47, 696.72, 688.70, 681.43, 675.38, 669.99, 665.69, 661.68, 658.50, 656.19, 654.59, 653.59, 653.05, 653.10, 653.47, 653.98, 654.90, 655.94, 657.13, 658.51, 660.17, 662.25, 664.76, 667.63, 670.86, 675.14, 679.88, 685.00, 690.52, 696.22, 702.11, 708.12, 715.05, 722.79, 731.06, 739.62, 748.53, 758.97, 769.80, 781.09, 792.86, 805.19, 818.14, 831.82, 846.37, 862.03, 878.83, 897.02, 916.07, 935.91, 956.34, 977.16, 998.39,1020.09,1042.38,1065.39,1089.36,1114.54,99999.00,99999.00,99999.00,99999.00,99999.00,99999.00,99999.00,99999.00,99999.00,99999.00,99999.00,99999.00,99999.00,99999.00,99999.00
99999.00,99999.00,99999.00,99999.00,99999.00,99999.00,99999.00,99999.00,99999.00,99999.00,99999.00,99999.00,99999.00,99999.00,99999.00,1273.94,1250.07,1227.63,1206.48,99999.00,99999.00,99999.00,99999.00,99999.00,99999.00,99999.00,99999.00,99999.00,99999.00,99999.00,99999.00,99999.00,99999.00,99999.00,99999.00, 806.52, 788.06, 771.63, 756.79, 743.34, 730.86, 719.16, 708.18, 698.01, 688.58, 679.91, 671.92, 664.59, 657.88, 651.67, 645.69, 639.93, 634.50, 629.46, 624.91, 620.88, 617.41, 614.35, 611.92, 609.76, 607.90, 606.46,99999.00,99999.00,99999.00,99999.00,99999.00,99999.00,99999.00,99999.00,99999.00,99999.00,99999.00,99999.00,99999.00,99999.00,99999.00,99999.00,99999.00,99999.00,99999.00,99999.00,99999.00,99999.00,99999.00,99999.00,99999.00,99999.00,99999.00,99999.00,99999.00,99999.00,99999.00,99999.00,99999.00,99999.00,99999.00,99999.00,99999.00,99999.00,99999.00,99999.00,99999.00,99999.00,99999.00,99999.00,99999.00,99999.00,99999.00,99999.00,99999.00,99999.00,99999.00,99999.00,99999.00,99999.00,99999.00,99999.00,99999.00,99999.00,99999.00,99999.00,99999.00,99999.00, 727.82, 714.52, 702.65, 692.11, 682.74, 674.83, 667.84, 662.03, 656.75, 652.51, 648.79, 645.99, 644.02, 642.73, 642.03, 641.77, 642.09, 642.73, 643.49, 644.68, 645.97, 647.41, 649.01, 650.77, 652.93, 655.56, 658.53, 662.14, 666.42, 671.22, 676.31, 681.69, 687.28, 693.01, 699.66, 707.11, 715.09, 723.36, 731.95, 741.87, 752.19, 762.91, 774.09, 785.78, 798.07, 811.09, 825.08, 840.07, 856.36, 874.01, 892.75, 912.63,99999.00,99999.00,99999.00,99999.00,99999.00,99999.00,99999.00,99999.00,99999.00,99999.00,99999.00,99999.00,99999.00,99999.00,99999.00,99999.00,99999.00,99999.00,99999.00,99999.00,99999.00,99999.00,99999.00,99999.00
99999.00,99999.00,99999.00,99999.00,99999.00,99999.00,99999.00,99999.00,99999.00,99999.00,99999.00,99999.00,99999.00,99999.00,99999.00,1288.85,1265.92,1244.99,99999.00,99999.00,99999.00,99999.00,99999.00,99999.00,99999.00,99999.00,99999.00,99999.00,99999.00,99999.00,99999.00,99999.00,99999.00,99999.00,99999.00,99999.00, 782.07, 765.21, 750.10, 736.54, 723.92, 712.17, 701.10, 690.77, 681.17, 672.22, 663.97, 656.32, 649.28, 642.80, 636.76, 630.82, 625.20, 619.79, 614.90, 610.36, 606.24, 602.59, 599.32, 596.54, 593.94, 591.62, 589.38, 586.95,99999.00,99999.00,99999.00,99999.00,99999.00,99999.00,99999.00,99999.00,99999.00,99999.00,99999.00,99999.00,99999.00,99999.00,99999.00,99999.00,99999.00,99999.00,99999.00,99999.00,99999.00,99999.00,99999.00,99999.00,99999.00,99999.00,99999.00,99999.00,99999.00,99999.00,99999.00,99999.00,99999.00,99999.00,99999.00,99999.00,99999.00,99999.00,99999.00,99999.00,99999.00,99999.00,99999.00,99999.00,99999.00,99999.00,99999.00,99999.00,99999.00,99999.00,99999.00,99999.00,99999.00,99999.00,99999.00,99999.00,99999.00,99999.00, 742.34, 726.95, 712.77, 700.08, 688.19, 677.61, 668.76, 660.74, 654.26, 648.37, 643.55, 639.26, 635.97, 633.56, 631.96, 631.00, 630.62, 630.65, 631.26, 632.17, 633.21, 634.66, 636.21, 637.90, 639.74, 641.69, 643.92, 646.78, 649.97, 653.90, 658.23, 662.93, 668.00, 673.31, 678.74, 685.10, 692.27, 699.95, 707.92, 716.20, 725.60, 735.40, 745.57, 756.15, 767.23, 778.90, 791.38, 804.68, 819.04, 834.90, 851.73, 869.71, 889.07,99999.00,99999.00,99999.00,99999.00,99999.00,99999.00,99999.00,99999.00,99999.00,99999.00,99999.00,99999.00,99999.00,99999.00,99999.00,99999.00,99999.00,99999.00,99999.00,99999.00,99999.00,99999.00,99999.00,99999.00,99999.00
99999.00,99999.00,99999.00,99999.00,99999.00,99999.00,99999.00,99999.00,99999.00,99999.00,99999.00,99999.00,99999.00,99999.00,99999.00,1305.65,1284.32,1269.25,99999.00,99999.00,99999.00,99999.00,99999.00,99999.00,99999.00,99999.00,99999.00,99999.00,99999.00,99999.00,99999.00,99999.00,99999.00,99999.00,99999.00,99999.00, 775.47, 758.46, 743.21, 729.61, 717.04, 705.25, 694.13, 683.73, 673.99, 664.88, 656.36, 648.46, 641.11, 634.30, 627.94, 621.96, 616.12, 610.50, 605.17, 600.22, 595.67, 591.40, 587.36, 583.90, 580.55, 577.56, 574.57, 571.37, 567.84, 563.85, 559.46, 555.09, 550.82, 546.70, 542.59, 538.58, 534.58, 530.73, 527.06, 523.50, 520.13, 516.88, 513.85, 511.04, 508.43, 506.17, 504.66, 503.40, 502.37, 501.49, 500.78, 500.27, 500.07, 500.00, 500.26, 500.73, 501.42, 502.40, 503.69, 505.51, 508.16, 511.78, 516.49, 521.95, 527.63, 533.63, 539.99, 546.92, 554.81, 563.65, 573.73, 584.99, 596.90, 609.64, 623.39, 638.53, 655.45, 672.56, 690.06, 710.60, 731.15, 751.69, 772.24, 780.86, 762.93, 745.46, 727.97, 712.86, 698.47, 685.43, 673.91, 663.19, 654.38, 646.70, 640.33, 634.74, 630.21, 626.07, 623.23, 621.23, 620.01, 619.40, 619.35, 619.70, 620.60, 621.79, 623.10, 624.83, 626.65, 628.58, 630.66, 632.86, 635.44, 638.39, 641.98, 646.05, 650.45, 655.12, 660.15, 665.29, 671.36, 678.24, 685.63, 693.29, 701.26, 710.17, 719.45, 729.08, 739.11, 749.64, 760.84, 772.71, 785.45, 799.55, 814.48, 830.31, 847.21, 865.43,99999.00,99999.00,99999.00,99999.00,99999.00,99999.00,99999.00,99999.00,99999.00,99999.00,99999.00,99999.00,99999.00,99999.00,99999.00,99999.00,99999.00,99999.00,99999.00,99999.00,99999.00,99999.00,99999.00,99999.00,99999.00,99999.00
99999.00,99999.00,99999.00,99999.00,99999.00,99999.00,99999.00,99999.00,99999.00,99999.00,99999.00,99999.00,99999.00,99999.00,99999.00,1325.13,1308.92,1298.11,99999.00,99999.00,99999.00,99999.00,99999.00,99999.00,99999.00,99999.00,99999.00,99999.00,99999.00,99999.00,99999.00,99999.00,99999.00,99999.00,99999.00,99999.00, 768.38, 751.40, 736.16, 722.66, 710.12, 698.39, 687.35, 676.86, 667.06, 657.82, 649.15, 640.99, 633.39, 626.28, 619.63, 613.29, 607.29, 601.51, 595.84, 590.60, 585.53, 580.67, 576.16, 571.88, 567.93, 564.26, 560.73, 556.98, 553.03, 548.81, 544.38, 540.02, 535.74, 531.62, 527.52, 523.51, 519.51, 515.65, 511.98, 508.42, 505.05, 501.80, 498.78, 495.96, 493.35, 491.10, 489.52, 488.17, 487.05, 486.08, 485.26, 484.65, 484.34, 484.15, 484.27, 484.61, 485.16, 485.99, 487.11, 488.75, 491.22, 494.63, 499.12, 504.34, 509.76, 515.61, 521.84, 528.87, 536.98, 545.92, 556.49, 567.98, 580.40, 593.97, 609.09, 626.01, 643.51, 664.05, 684.60, 705.14, 725.69, 746.23, 766.78, 775.38, 754.84, 734.31, 716.32, 699.22, 684.79, 671.30, 659.29, 649.00, 639.85, 632.68, 626.21, 621.16, 616.58, 612.96, 610.58, 609.01, 608.18, 607.94, 608.23, 608.90, 610.10, 611.59, 613.18, 615.18, 617.27, 619.58, 621.90, 624.45, 627.31, 630.51, 634.40, 638.61, 642.98, 647.76, 652.63, 658.42, 665.00, 672.10, 679.46, 687.13, 695.56, 704.34, 713.47, 723.02, 733.16, 743.84, 755.27, 767.88, 781.14, 795.12, 809.90, 825.60, 842.44, 860.72,99999.00,99999.00,99999.00,99999.00,99999.00,99999.00,99999.00,99999.00,99999.00,99999.00,99999.00,99999.00,99999.00,99999.00,99999.00,99999.00,99999.00,99999.00,99999.00,99999.00,99999.00,99999.00,99999.00,99999.00,99999.00,99999.00
99999.00,99999.00,99999.00,99999.00,99999.00,99999.00,99999.00,99999.00,99999.00,99999.00,99999.00,99999.00,99999.00,99999.00,99999.00,1351.24,1335.56,1328.04,99999.00,99999.00,99999.00,99999.00,99999.00,99999.00,99999.00,99999.00,99999.00,99999.00,99999.00,99999.00,99999.00,99999.00,99999.00,99999.00,99999.00,99999.00, 761.37, 744.39, 729.18, 715.75, 703.30, 691.67, 680.68, 670.24, 660.35, 651.05, 642.25, 633.94, 626.08, 618.73, 611.82, 605.21, 598.85, 592.78, 586.95, 581.30, 575.81, 570.61, 565.61, 560.72, 556.31, 551.91, 547.93, 543.74, 539.43, 535.01, 530.52, 526.15, 521.88, 517.76, 513.65, 509.64, 505.64, 501.78, 498.11, 494.55, 491.18, 487.94, 484.91, 482.09, 479.48, 477.23, 475.57, 474.13, 472.92, 471.85, 470.93, 470.21, 469.78, 469.47, 469.46, 469.66, 470.06, 470.73, 471.67, 473.13, 475.40, 478.59, 482.84, 487.81, 493.05, 498.74, 504.95, 512.09, 520.14, 529.42, 540.27, 552.10, 565.21, 580.07, 597.57, 618.39, 639.21, 660.03, 680.85, 701.67, 722.49, 743.31, 764.13, 771.51, 750.69, 729.88, 709.17, 688.60, 671.11, 657.46, 644.97, 634.33, 625.36, 618.24, 612.16, 607.26, 603.03, 599.93, 598.04, 596.90, 596.48, 596.62, 597.25, 598.24, 599.75, 601.53, 603.40, 605.74, 608.17, 610.78, 613.49, 616.46, 619.55, 623.14, 627.19, 631.50, 635.99, 640.70, 646.23, 652.53, 659.35, 666.42, 673.79, 681.76, 690.09, 698.79, 708.01, 717.71, 728.06, 739.47, 751.39, 763.87, 776.95, 790.71, 805.26, 820.75, 837.38, 855.47,99999.00,99999.00,99999.00,99999.00,99999.00,99999.00,99999.00,99999.00,99999.00,99999.00,99999.00,99999.00,99999.00,99999.00,99999.00,99999.00,99999.00,99999.00,99999.00,99999.00,99999.00,99999.00,99999.00,99999.00,99999.00,99999.00
99999.00,99999.00,99999.00,99999.00,99999.00,99999.00,99999.00,99999.00,99999.00,99999.00,99999.00,99999.00,99999.00,99999.00,99999.00,99999.00,99999.00,99999.00,99999.00,99999.00,99999.00,99999.00,99999.00,99999.00,99999.00,99999.00,99999.00,99999.00,99999.00,99999.00,99999.00,99999.00,99999.00,99999.00,99999.00,99999.00, 754.60, 737.54, 722.37, 708.94, 696.59, 685.02, 674.12, 663.79, 653.90, 644.51, 635.65, 627.22, 619.22, 611.62, 604.48, 597.62, 591.01, 584.62, 578.40, 572.36, 566.65, 561.04, 555.56, 550.35, 545.31, 540.55, 536.05, 531.63, 527.03, 522.43, 517.84, 513.41, 509.08, 504.89, 500.77, 496.74, 492.73, 488.87, 485.20, 481.64, 478.27, 475.03, 472.00, 469.18, 466.57, 464.30, 462.56, 461.03, 459.73, 458.56, 457.53, 456.70, 456.15, 455.71, 455.58, 455.63, 455.87, 456.37, 457.14, 458.41, 460.46, 463.42, 467.42, 472.15, 477.30, 482.77, 488.97, 496.17, 504.13, 513.73, 524.69, 536.96, 551.10,99999.00,99999.00,99999.00,99999.00,99999.00,99999.00,99999.00,99999.00,99999.00,99999.00,99999.00,99999.00,99999.00,99999.00,99999.00,99999.00, 643.19, 630.67, 619.46, 611.00, 603.62, 598.12, 593.20, 589.57, 587.01, 585.61, 584.91, 584.88, 585.38, 586.36, 587.66, 589.47, 591.54, 593.91, 596.59, 599.47, 602.33, 605.39, 608.64, 612.09, 616.06, 620.25, 624.59, 629.18, 634.57, 640.69, 647.25, 654.07, 661.18, 668.78, 676.73, 685.15, 693.99, 703.42, 713.84, 724.68, 735.96, 747.73, 760.03, 772.93, 786.52, 800.89, 816.20, 832.66, 850.57,99999.00,99999.00,99999.00,99999.00,99999.00,99999.00,99999.00,99999.00,99999.00,99999.00,99999.00,99999.00,99999.00,99999.00,99999.00,99999.00,99999.00,99999.00,99999.00,99999.00,99999.00,99999.00,99999.00,99999.00,99999.00,99999.00
99999.00,99999.00,99999.00,99999.00,99999.00,99999.00,99999.00,99999.00,99999.00,99999.00,99999.00,99999.00,99999.00,99999.00,99999.00,99999.00,99999.00,99999.00,99999.00,99999.00,99999.00,99999.00,99999.00,99999.00,99999.00,99999.00,99999.00,99999.00,99999.00,99999.00,99999.00,99999.00,99999.00,99999.00,99999.00,99999.00, 748.19, 730.95, 715.80, 702.29, 689.97, 678.49, 667.69, 657.42, 647.62, 638.24, 629.29, 620.81, 612.70, 604.96, 597.58, 590.53, 583.69, 577.01, 570.47, 564.09, 557.84, 551.89, 546.19, 540.62, 535.13, 530.09, 525.09, 520.45, 515.62, 510.84, 506.17, 501.65, 497.28, 493.01, 488.89, 484.78, 480.77, 476.81, 473.08, 469.52, 466.15, 462.90, 459.87, 457.06, 454.45, 452.15, 450.32, 448.70, 447.30, 446.03, 444.90, 443.95, 443.29, 442.72, 442.44, 442.35, 442.43, 442.77, 443.35, 444.41, 446.24, 448.96, 452.69, 457.24, 462.17, 467.52, 473.69, 480.67, 488.76, 498.39, 509.47, 522.35,99999.00,99999.00,99999.00,99999.00,99999.00,99999.00,99999.00,99999.00,99999.00,99999.00,99999.00,99999.00,99999.00,99999.00,99999.00,99999.00,99999.00,99999.00, 615.57, 604.66, 596.03, 589.00, 583.67, 579.23, 576.20, 574.18, 573.25, 572.98, 573.35, 574.22, 575.54, 577.16, 579.28, 581.71, 584.66, 587.69, 590.87, 594.11, 597.59, 601.07, 604.91, 609.19, 613.51, 617.99, 623.27, 629.25, 635.66, 642.29, 649.15, 656.46, 664.23, 672.35, 680.99, 690.56, 700.52, 710.84, 721.55, 732.71, 744.36, 756.54, 769.32, 782.78, 797.03, 812.22, 828.55, 846.34,99999.00,99999.00,99999.00,99999.00,99999.00,99999.00,99999.00,99999.00,99999.00,99999.00,99999.00,99999.00,99999.00,99999.00,99999.00,99999.00,99999.00,99999.00,99999.00,99999.00,99999.00,99999.00,99999.00,99999.00,99999.00,99999.00
99999.00,99999.00,99999.00,99999.00,99999.00,99999.00,99999.00,99999.00,99999.00,99999.00,99999.00,99999.00,99999.00,99999.00,99999.00,99999.00,99999.00,99999.00,99999.00,99999.00,99999.00,99999.00,99999.00,99999.00,99999.00,99999.00,99999.00,99999.00,99999.00,99999.00,99999.00,99999.00,99999.00,99999.00,99999.00,99999.00, 742.07, 724.91, 709.59, 695.91, 683.60, 672.13, 661.36, 651.18, 641.48, 632.16, 623.22, 614.65, 606.49, 598.66, 591.15, 583.89, 576.82, 569.90, 563.11, 556.43, 549.88, 543.44, 537.29, 531.36, 525.69, 520.18, 514.96, 509.97, 505.07, 500.12, 495.33, 490.73, 486.29, 481.96, 477.78, 473.65, 469.62, 465.61, 461.76, 458.11, 454.68, 451.43, 448.40, 445.59, 442.98, 440.65, 438.73, 437.02, 435.52, 434.15, 432.91, 431.85, 431.06, 430.36, 429.95, 429.70, 429.62, 429.78, 430.17, 431.03, 432.63, 435.10, 438.55, 442.95, 447.58, 452.83, 458.94, 465.66, 473.81, 483.25, 494.52,99999.00,99999.00,99999.00,99999.00,99999.00,99999.00,99999.00,99999.00,99999.00,99999.00,99999.00,99999.00,99999.00,99999.00,99999.00,99999.00,99999.00,99999.00,99999.00,99999.00, 589.58, 580.75, 574.49, 569.08, 565.33, 562.90, 561.41, 560.97, 561.13, 561.90, 563.13, 564.79, 566.74, 569.40, 572.40, 575.69, 579.16, 582.59, 586.17, 589.93, 593.77, 597.99, 602.42, 606.93, 612.27, 618.15, 624.42, 630.90, 637.65, 644.76, 652.22, 660.17, 669.02, 678.31, 687.91, 697.85, 708.14, 718.80, 729.86, 741.39, 753.47, 766.14, 779.49, 793.64, 808.72, 824.95, 842.63,99999.00,99999.00,99999.00,99999.00,99999.00,99999.00,99999.00,99999.00,99999.00,99999.00,99999.00,99999.00,99999.00,99999.00,99999.00,99999.00,99999.00,99999.00,99999.00,99999.00,99999.00,99999.00,99999.00,99999.00,99999.00,99999.00
99999.00,99999.00,99999.00,99999.00,99999.00,99999.00,99999.00,99999.00,99999.00,99999.00,99999.00,99999.00,99999.00,99999.00,99999.00,99999.00,99999.00,99999.00,99999.00,99999.00,99999.00,99999.00,99999.00,99999.00,99999.00,99999.00,99999.00,99999.00,99999.00,99999.00,99999.00,99999.00,99999.00,99999.00,99999.00,99999.00, 736.52, 719.46, 703.98, 690.07, 677.61, 666.04, 655.29, 645.12, 635.45, 626.22, 617.34, 608.79, 600.55, 592.68, 585.08, 577.66, 570.37, 563.25, 556.25, 549.35, 542.54, 535.84, 529.24, 522.92, 516.82, 510.98, 505.61, 500.24, 495.23, 490.13, 485.21, 480.52, 476.00, 471.63, 467.36, 463.24, 459.13, 455.12, 451.16, 447.43, 443.87, 440.52, 437.49, 434.68, 432.07, 429.70, 427.69, 425.89, 424.30, 422.82, 421.47, 420.30, 419.38, 418.55, 417.99, 417.60, 417.35, 417.34, 417.53, 418.18, 419.55, 421.75, 424.92, 429.06, 433.51, 438.65, 444.42, 451.09, 459.01, 468.38, 479.50,99999.00,99999.00,99999.00,99999.00,99999.00,99999.00,99999.00,99999.00,99999.00,99999.00,99999.00,99999.00,99999.00,99999.00,99999.00,99999.00,99999.00,99999.00,99999.00,99999.00, 573.47, 565.54, 559.44, 554.56, 551.51, 549.69, 548.74, 548.78, 549.38, 550.54, 552.14, 554.14, 556.66, 559.74, 563.31, 566.96, 570.72, 574.52, 578.53, 582.51, 586.73, 591.27, 595.81, 601.28, 607.27, 613.50, 619.81, 626.41, 633.36, 640.74, 648.93, 657.66, 666.64, 675.92, 685.52, 695.44, 705.72, 716.36, 727.40, 738.88, 750.86, 763.43, 776.70, 790.75, 805.74, 821.87, 839.46,99999.00,99999.00,99999.00,99999.00,99999.00,99999.00,99999.00,99999.00,99999.00,99999.00,99999.00,99999.00,99999.00,99999.00,99999.00,99999.00,99999.00,99999.00,99999.00,99999.00,99999.00,99999.00,99999.00,99999.00,99999.00,99999.00
99999.00,99999.00,99999.00,99999.00,99999.00,99999.00,99999.00,99999.00,99999.00,99999.00,99999.00,99999.00,99999.00,99999.00,99999.00,99999.00,99999.00,99999.00,99999.00,99999.00,99999.00,99999.00,99999.00,99999.00,99999.00,99999.00,99999.00,99999.00,99999.00,99999.00,99999.00,99999.00,99999.00,99999.00,99999.00,99999.00, 731.44, 714.44, 699.02, 684.87, 672.21, 660.52, 649.60, 639.34, 629.70, 620.48, 611.64, 603.12, 594.91, 586.97, 579.28, 571.77, 564.34, 557.02, 549.83, 542.75, 535.76, 528.84, 522.02, 515.30, 508.85, 502.63, 496.69, 491.20, 485.91, 480.79, 475.73, 470.94, 466.33, 461.90, 457.57, 453.38, 449.26, 445.23, 441.22, 437.36, 433.71, 430.28, 427.07, 424.25, 421.64, 419.23, 417.14, 415.24, 413.55, 411.97, 410.51, 409.22, 408.18, 407.22, 406.52, 405.97, 405.56, 405.36, 405.37, 405.80, 406.93, 408.88, 411.75, 415.56, 419.87, 424.88, 430.30, 436.88, 444.38, 453.62, 464.25,99999.00,99999.00,99999.00,99999.00,99999.00,99999.00,99999.00,99999.00,99999.00,99999.00,99999.00,99999.00,99999.00,99999.00,99999.00,99999.00,99999.00,99999.00,99999.00,99999.00, 557.15, 550.22, 544.21, 540.17, 537.82, 536.62, 536.20, 536.70, 537.73, 539.28, 541.23, 543.62, 546.95, 550.59, 554.51, 558.58, 562.59, 566.73, 571.01, 575.34, 579.94, 584.61, 590.22, 596.34, 602.64, 608.94, 615.39, 622.26, 629.93, 638.14, 646.72, 655.53, 664.58, 673.88, 683.49, 693.42, 703.69, 714.33, 725.37, 736.84, 748.80, 761.30, 774.48, 788.45, 803.37, 819.42, 836.95,99999.00,99999.00,99999.00,99999.00,99999.00,99999.00,99999.00,99999.00,99999.00,99999.00,99999.00,99999.00,99999.00,99999.00,99999.00,99999.00,99999.00,99999.00,99999.00,99999.00,99999.00,99999.00,99999.00,99999.00,99999.00,99999.00
99999.00,99999.00,99999.00,99999.00,99999.00,99999.00,99999.00,99999.00,99999.00,99999.00,99999.00,99999.00,99999.00,99999.00,99999.00,99999.00,99999.00,99999.00,99999.00,99999.00,99999.00,99999.00,99999.00,99999.00,99999.00,99999.00,99999.00,99999.00,99999.00,99999.00,99999.00,99999.00,99999.00,99999.00,99999.00,99999.00, 726.92, 709.93, 694.52, 680.38, 667.47, 655.54, 644.43, 634.04, 624.24, 614.94, 606.12, 597.63, 589.41, 581.42, 573.67, 566.09, 558.58, 551.14, 543.79, 536.56, 529.43, 522.37, 515.38, 508.47, 501.66, 495.13, 488.85, 482.81, 477.19, 472.01, 466.83, 461.90, 457.21, 452.69, 448.32, 444.05, 439.93, 435.82, 431.81, 427.85, 424.11, 420.55, 417.20, 414.25, 411.64, 409.19, 407.01, 405.02, 403.23, 401.55, 399.98, 398.57, 397.41, 396.31, 395.47, 394.77, 394.19, 393.82, 393.62, 393.84, 394.74, 396.42, 399.01, 402.49, 406.66, 411.30, 416.62, 422.89, 430.19, 438.92, 449.42,99999.00,99999.00,99999.00,99999.00,99999.00,99999.00,99999.00,99999.00,99999.00,99999.00,99999.00,99999.00,99999.00,99999.00,99999.00,99999.00,99999.00,99999.00,99999.00,99999.00, 541.02, 534.20, 529.20, 525.98, 524.32, 523.71, 523.80, 524.77, 526.20, 528.13, 530.50, 533.72, 537.46, 541.67, 545.93, 550.28, 554.66, 559.21, 563.70, 568.42, 573.32, 579.08, 585.31, 591.67, 598.04, 604.61, 611.79, 619.49, 627.64, 636.08, 644.75, 653.66, 662.81, 672.21, 681.87, 691.82, 702.11, 712.77, 723.82, 735.30, 747.26, 759.77, 772.90, 786.81, 801.65, 817.68, 835.21,99999.00,99999.00,99999.00,99999.00,99999.00,99999.00,99999.00,99999.00,99999.00,99999.00,99999.00,99999.00,99999.00,99999.00,99999.00,99999.00,99999.00,99999.00,99999.00,99999.00,99999.00,99999.00,99999.00,99999.00,99999.00,99999.00
99999.00,99999.00,99999.00,99999.00,99999.00,99999.00,99999.00,99999.00,99999.00,99999.00,99999.00,99999.00,99999.00,99999.00,99999.00,99999.00,99999.00,99999.00,99999.00,99999.00,99999.00,99999.00,99999.00,99999.00,99999.00,99999.00,99999.00,99999.00,99999.00,99999.00,99999.00,99999.00,99999.00,99999.00,99999.00,99999.00, 722.97, 705.99, 690.58, 676.44, 663.34, 651.11, 639.81, 629.19, 619.20, 609.77, 600.80, 592.23, 583.98, 575.95, 568.17, 560.53, 552.97, 545.47, 538.03, 530.65, 523.40, 516.23, 509.13, 502.11, 495.18, 488.35, 481.82, 475.47, 469.32, 463.63, 458.44, 453.37, 448.57, 443.97, 439.53, 435.21, 431.02, 426.90, 422.87, 418.85, 415.00, 411.35, 407.92, 404.71, 402.02, 399.52, 397.26, 395.18, 393.29, 391.50, 389.83, 388.30, 387.01, 385.79, 384.80, 383.94, 383.21, 382.65, 382.26, 382.26, 382.92, 384.35, 386.64, 389.79, 393.83, 398.12, 403.34, 409.18, 416.33, 424.63, 434.80,99999.00,99999.00,99999.00,99999.00,99999.00,99999.00,99999.00,99999.00,99999.00,99999.00,99999.00,99999.00,99999.00,99999.00,99999.00,99999.00,99999.00,99999.00,99999.00,99999.00, 525.09, 518.42, 514.41, 511.99, 511.00, 510.95, 511.55, 512.96, 514.79, 517.08, 520.19, 524.20, 528.49, 533.02, 537.69, 542.28, 546.98, 551.80, 556.64, 561.84, 567.82, 574.15, 580.57, 587.08, 594.04, 601.43, 609.28, 617.56, 625.97, 634.52, 643.31, 652.33, 661.59, 671.10, 680.87, 690.92, 701.27, 711.96, 723.04, 734.54, 746.52, 759.04, 772.19, 786.09, 800.95, 816.99, 834.53,99999.00,99999.00,99999.00,99999.00,99999.00,99999.00,99999.00,99999.00,99999.00,99999.00,99999.00,99999.00,99999.00,99999.00,99999.00,99999.00,99999.00,99999.00,99999.00,99999.00,99999.00,99999.00,99999.00,99999.00,99999.00,99999.00
99999.00,99999.00,99999.00,99999.00,99999.00,99999.00,99999.00,99999.00,99999.00,99999.00,99999.00,99999.00,99999.00,99999.00,99999.00,99999.00,99999.00,99999.00,99999.00,99999.00,99999.00,99999.00,99999.00,99999.00,99999.00,99999.00,99999.00,99999.00,99999.00,99999.00,99999.00,99999.00,99999.00,99999.00,99999.00,99999.00, 719.44, 702.44, 687.03, 672.87, 659.76, 647.48, 635.79, 624.87, 614.69, 605.03, 595.84, 587.06, 578.65, 570.55, 562.72, 555.06, 547.47, 539.94, 532.45, 525.01, 517.63, 510.37, 503.19, 496.09, 489.07, 482.15, 475.35, 468.81, 462.41, 456.22, 450.50, 445.31, 440.38, 435.69, 431.17, 426.81, 422.53, 418.41, 414.30, 410.29, 406.33, 402.60, 399.04, 395.69, 392.73, 390.20, 387.84, 385.67, 383.69, 381.80, 380.01, 378.37, 376.96, 375.59, 374.47, 373.46, 372.55, 371.82, 371.23, 371.02, 371.45, 372.61, 374.61, 377.43, 381.10, 385.28, 390.20, 395.83, 402.47, 410.50, 420.24,99999.00,99999.00,99999.00,99999.00,99999.00,99999.00,99999.00,99999.00,99999.00,99999.00,99999.00,99999.00,99999.00,99999.00,99999.00,99999.00,99999.00,99999.00,99999.00,99999.00, 508.17, 502.80, 499.80, 498.18, 497.83, 498.34, 499.42, 501.26, 503.49, 506.55, 510.48, 514.88, 519.71, 524.57, 529.51, 534.45, 539.56, 544.58, 550.09, 556.36, 562.83, 569.33, 576.18, 583.45, 591.09, 599.09, 607.32, 615.82, 624.46, 633.24, 642.15, 651.30, 660.69, 670.33, 680.23, 690.41, 700.88, 711.68, 722.82, 734.36, 746.38, 758.95, 772.18, 786.18, 801.09, 817.16, 834.74,99999.00,99999.00,99999.00,99999.00,99999.00,99999.00,99999.00,99999.00,99999.00,99999.00,99999.00,99999.00,99999.00,99999.00,99999.00,99999.00,99999.00,99999.00,99999.00,99999.00,99999.00,99999.00,99999.00,99999.00,99999.00,99999.00
99999.00,99999.00,99999.00,99999.00,99999.00,99999.00,99999.00,99999.00,99999.00,99999.00,99999.00,99999.00,99999.00,99999.00,99999.00,99999.00,99999.00,99999.00,99999.00,99999.00,99999.00,99999.00,99999.00,99999.00,99999.00,99999.00,99999.00,99999.00,99999.00,99999.00,99999.00,99999.00,99999.00,99999.00,99999.00,99999.00, 716.37, 699.36, 683.93, 669.75, 656.62, 644.34, 632.62, 621.37, 610.73, 600.70, 591.28, 582.29, 573.67, 565.38, 557.40, 549.67, 542.06, 534.51, 527.01, 519.54, 512.12, 504.75, 497.50, 490.35, 483.27, 476.29, 469.41, 462.62, 456.05, 449.65, 443.50, 437.80, 432.61, 427.81, 423.21, 418.77, 414.44, 410.26, 406.14, 402.10, 398.09, 394.24, 390.59, 387.16, 383.94, 381.26, 378.73, 376.47, 374.39, 372.39, 370.49, 368.74, 367.20, 365.71, 364.44, 363.28, 362.21, 361.29, 360.51, 360.08, 360.28, 361.18, 362.88, 365.37, 368.67, 372.76, 377.24, 382.73, 388.94, 396.36, 405.44,99999.00,99999.00,99999.00,99999.00,99999.00,99999.00,99999.00,99999.00,99999.00,99999.00,99999.00,99999.00,99999.00,99999.00,99999.00,99999.00,99999.00,99999.00,99999.00,99999.00, 491.40, 487.31, 485.30, 484.48, 484.80, 485.87, 487.42, 489.67, 492.59, 496.43, 501.11, 506.04, 511.18, 516.44, 521.60, 526.86, 532.22, 538.05, 544.59, 551.27, 558.05, 565.22, 572.74, 580.61, 588.63, 597.03, 605.64, 614.38, 623.27, 632.29, 641.45, 650.75, 660.29, 670.08, 680.13, 690.45, 701.06, 711.99, 723.27, 734.97, 747.13, 759.83, 773.17, 787.28, 802.30, 818.43, 836.05,99999.00,99999.00,99999.00,99999.00,99999.00,99999.00,99999.00,99999.00,99999.00,99999.00,99999.00,99999.00,99999.00,99999.00,99999.00,99999.00,99999.00,99999.00,99999.00,99999.00,99999.00,99999.00,99999.00,99999.00,99999.00,99999.00
99999.00,99999.00,99999.00,99999.00,99999.00,99999.00,99999.00,99999.00,99999.00,99999.00,99999.00,99999.00,99999.00,99999.00,99999.00,99999.00,99999.00,99999.00,99999.00,99999.00,99999.00,99999.00,99999.00,99999.00,99999.00,99999.00,99999.00,99999.00,99999.00,99999.00,99999.00,99999.00,99999.00,99999.00,99999.00,99999.00, 713.98, 696.93, 681.43, 667.17, 653.92, 641.54, 629.78, 618.49, 607.61, 597.13, 587.26, 577.91, 569.08, 560.59, 552.42, 544.52, 536.78, 529.17, 521.65, 514.18, 506.76, 499.36, 492.03, 484.83, 477.72, 470.70, 463.79, 456.94, 450.13, 443.57, 437.21, 431.11, 425.47, 420.30, 415.61, 411.09, 406.72, 402.45, 398.33, 394.22, 390.21, 386.25, 382.52, 378.96, 375.61, 372.65, 370.02, 367.54, 365.36, 363.27, 361.26, 359.38, 357.72, 356.10, 354.69, 353.37, 352.13, 351.04, 350.06, 349.42, 349.38, 350.02, 351.43, 353.59, 356.51, 360.29, 364.57, 369.55, 375.49, 382.52, 390.87,99999.00,99999.00,99999.00,99999.00,99999.00,99999.00,99999.00,99999.00,99999.00,99999.00,99999.00,99999.00,99999.00,99999.00,99999.00,99999.00,99999.00,99999.00,99999.00,99999.00, 474.77, 471.94, 470.90, 470.86, 471.84, 473.46, 475.49, 478.41, 482.24, 486.86, 491.92, 497.37, 502.82, 508.33, 513.83, 519.52, 525.68, 532.51, 539.47, 546.66, 554.08, 561.84, 569.73, 578.01, 586.72, 595.49, 604.37, 613.39, 622.55, 631.84, 641.27, 650.84, 660.55, 670.50, 680.71, 691.21, 702.02, 713.16, 724.67, 736.59, 748.97, 761.88, 775.42, 789.68, 804.83, 821.09, 838.77,99999.00,99999.00,99999.00,99999.00,99999.00,99999.00,99999.00,99999.00,99999.00,99999.00,99999.00,99999.00,99999.00,99999.00,99999.00,99999.00,99999.00,99999.00,99999.00,99999.00,99999.00,99999.00,99999.00,99999.00,99999.00,99999.00
99999.00,99999.00,99999.00,99999.00,99999.00,99999.00,99999.00,99999.00,99999.00,99999.00,99999.00,99999.00,99999.00,99999.00,99999.00,99999.00,99999.00,99999.00,99999.00,99999.00,99999.00,99999.00,99999.00,99999.00,99999.00,99999.00,99999.00,99999.00,99999.00,99999.00,99999.00,99999.00,99999.00,99999.00,99999.00,99999.00, 712.00, 694.83, 679.21, 664.83, 651.47, 638.98, 627.15, 615.82, 604.89, 594.32, 584.07, 574.28, 565.01, 556.18, 547.81, 539.73, 531.82, 524.06, 516.43, 508.92, 501.48, 494.11, 486.77, 479.50, 472.36, 465.32, 458.39, 451.52, 444.67, 437.89, 431.37, 425.07, 419.03, 413.47, 408.35, 403.75, 399.31, 394.98, 390.79, 386.67, 382.64, 378.63, 374.77, 371.13, 367.69, 364.48, 361.70, 358.98, 356.59, 354.39, 352.27, 350.28, 348.50, 346.74, 345.19, 343.72, 342.32, 341.04, 339.87, 339.02, 338.74, 339.11, 340.23, 342.07, 344.61, 347.96, 352.09, 356.63, 361.96, 368.29, 376.06,99999.00,99999.00,99999.00,99999.00,99999.00,99999.00,99999.00,99999.00,99999.00,99999.00,99999.00,99999.00,99999.00,99999.00,99999.00,99999.00,99999.00,99999.00,99999.00,99999.00, 458.25, 456.67, 456.59, 457.31, 458.92, 461.08, 463.96, 467.68, 472.26, 477.62, 483.18, 488.92, 494.74, 500.46, 506.48, 512.97, 520.09, 527.41, 534.95, 542.72, 550.51, 558.65, 567.23, 576.21, 585.26, 594.38, 603.59, 612.95, 622.44, 632.08, 641.85, 651.76, 661.82, 672.02, 682.49, 693.25, 704.31, 715.70, 727.45, 739.61, 752.22, 765.36, 779.11, 793.60, 808.96, 825.42, 843.30,99999.00,99999.00,99999.00,99999.00,99999.00,99999.00,99999.00,99999.00,99999.00,99999.00,99999.00,99999.00,99999.00,99999.00,99999.00,99999.00,99999.00,99999.00,99999.00,99999.00,99999.00,99999.00,99999.00,99999.00,99999.00,99999.00
99999.00,99999.00,99999.00,99999.00,99999.00,99999.00,99999.00,99999.00,99999.00,99999.00,99999.00,99999.00,99999.00,99999.00,99999.00,99999.00,99999.00,99999.00,99999.00,99999.00,99999.00,99999.00,99999.00,99999.00,99999.00,99999.00,99999.00,99999.00,99999.00,99999.00,99999.00,99999.00,99999.00,99999.00,99999.00,99999.00, 710.35, 693.06, 677.32, 662.81, 649.33, 636.71, 624.83, 613.43, 602.45, 591.84, 581.54, 571.52, 561.75, 552.50, 543.71, 535.29, 527.21, 519.28, 511.50, 503.86, 496.34, 488.94, 481.62, 474.36, 467.17, 460.12, 453.18, 446.31, 439.45, 432.63, 425.90, 419.45, 413.22, 407.25, 401.76, 396.72, 392.19, 387.83, 383.55, 379.43, 375.32, 371.31, 367.35, 363.62, 360.06, 356.71, 353.66, 350.83, 348.15, 345.78, 343.52, 341.41, 339.51, 337.61, 335.92, 334.30, 332.73, 331.28, 329.91, 328.84, 328.32, 328.44, 329.27, 330.77, 332.94, 335.85, 339.47, 343.75, 348.69, 354.28, 361.12,99999.00,99999.00,99999.00,99999.00,99999.00,99999.00,99999.00,99999.00,99999.00,99999.00,99999.00,99999.00,99999.00,99999.00,99999.00,99999.00,99999.00,99999.00,99999.00,99999.00, 441.85, 441.50, 442.35, 443.82, 446.05, 448.86, 452.70, 457.35, 462.73, 468.47, 474.57, 480.60, 486.66, 493.02, 499.84, 507.19, 514.88, 522.77, 530.67, 538.81, 547.27, 556.14, 565.17, 574.55, 584.00, 593.52, 603.14, 612.90, 622.80, 632.83, 643.01, 653.32, 663.77, 674.36, 685.11, 696.13, 707.46, 719.11, 731.12, 743.43, 756.19, 769.51, 783.48, 798.18, 813.75, 830.41, 848.46,99999.00,99999.00,99999.00,99999.00,99999.00,99999.00,99999.00,99999.00,99999.00,99999.00,99999.00,99999.00,99999.00,99999.00,99999.00,99999.00,99999.00,99999.00,99999.00,99999.00,99999.00,99999.00,99999.00,99999.00,99999.00,99999.00
99999.00,99999.00,99999.00,99999.00,99999.00,99999.00,99999.00,99999.00,99999.00,99999.00,99999.00,99999.00,99999.00,99999.00,99999.00,99999.00,99999.00,99999.00,99999.00,99999.00,99999.00,99999.00,99999.00,99999.00,99999.00,99999.00,99999.00,99999.00,99999.00,99999.00,99999.00,99999.00,99999.00,99999.00,99999.00,99999.00, 709.04, 691.62, 675.75, 661.11, 647.49, 634.74, 622.75, 611.29, 600.25, 589.58, 579.23, 569.16, 559.35, 549.76, 540.39, 531.57, 523.08, 514.84, 506.90, 499.11, 491.47, 483.96, 476.57, 469.31, 462.13, 455.05, 448.12, 441.25, 434.40, 427.58, 420.82, 414.16, 407.78, 401.63, 395.75, 390.33, 385.37, 380.93, 376.60, 372.41, 368.29, 364.26, 360.25, 356.39, 352.75, 349.31, 346.01, 343.03, 340.10, 337.49, 335.06, 332.76, 330.73, 328.70, 326.86, 325.09, 323.36, 321.72, 320.16, 318.88, 318.13, 317.98, 318.52, 319.69, 321.48, 323.96, 327.07, 330.74, 334.98, 339.99, 345.83,99999.00,99999.00,99999.00,99999.00,99999.00,99999.00,99999.00,99999.00,99999.00,99999.00,99999.00,99999.00,99999.00,99999.00,99999.00,99999.00,99999.00,99999.00,99999.00,99999.00, 425.53, 426.40, 428.17, 430.38, 433.46, 437.35, 441.96, 447.32, 453.40, 459.62, 465.97, 472.38, 479.07, 486.13, 493.67, 501.73, 509.76, 518.03, 526.59, 535.44, 544.34, 553.71, 563.39, 573.19, 583.06, 593.00, 603.05, 613.24, 623.56, 634.02, 644.61, 655.33, 666.19, 677.19, 688.34, 699.63, 711.03, 722.77, 734.86, 747.37, 760.35, 773.79, 787.86, 802.72, 818.41, 835.12, 853.10,99999.00,99999.00,99999.00,99999.00,99999.00,99999.00,99999.00,99999.00,99999.00,99999.00,99999.00,99999.00,99999.00,99999.00,99999.00,99999.00,99999.00,99999.00,99999.00,99999.00,99999.00,99999.00,99999.00,99999.00,99999.00,99999.00
99999.00,99999.00,99999.00,99999.00,99999.00,99999.00,99999.00,99999.00,99999.00,99999.00,99999.00,99999.00,99999.00,99999.00,99999.00,99999.00,99999.00,99999.00,99999.00,99999.00,99999.00,99999.00,99999.00,99999.00,99999.00,99999.00,99999.00,99999.00,99999.00,99999.00,99999.00,99999.00,99999.00,99999.00,99999.00,99999.00, 707.97, 690.41, 674.41, 659.64, 645.89, 633.00, 620.87, 609.34, 598.23, 587.50, 577.09, 566.97, 557.11, 547.48, 538.06, 528.77, 519.71, 511.08, 502.75, 494.67, 486.88, 479.25, 471.76, 464.41, 457.20, 450.11, 443.16, 436.31, 429.47, 422.67, 415.92, 409.24, 402.66, 396.37, 390.30, 384.50, 379.17, 374.29, 369.92, 365.65, 361.53, 357.42, 353.41, 349.45, 345.72, 342.16, 338.71, 335.47, 332.43, 329.53, 326.93, 324.43, 322.19, 319.99, 318.01, 316.08, 314.18, 312.37, 310.61, 309.12, 308.13, 307.72, 307.96, 308.81, 310.22, 312.27, 314.88, 317.95, 321.45, 325.53, 330.15,99999.00,99999.00,99999.00,99999.00,99999.00,99999.00,99999.00,99999.00,99999.00,99999.00,99999.00,99999.00,99999.00,99999.00,99999.00,99999.00,99999.00,99999.00,99999.00,99999.00, 409.34, 411.39, 414.12, 417.33, 421.27, 426.08, 431.58, 437.71, 444.14, 450.87, 457.60, 464.51, 471.77, 479.50, 487.68, 496.10, 504.79, 513.76, 522.75, 532.10, 541.64, 551.52, 561.69, 571.93, 582.25, 592.64, 603.14, 613.77, 624.54, 635.45, 646.47, 657.63, 668.92, 680.34, 691.90, 703.37, 714.87, 726.84, 738.98, 751.53, 764.55, 778.12, 792.34, 807.23, 822.94, 839.57, 857.30, 876.36,99999.00,99999.00,99999.00,99999.00,99999.00,99999.00,99999.00,99999.00,99999.00,99999.00,99999.00,99999.00,99999.00,99999.00,99999.00,99999.00,99999.00,99999.00,99999.00,99999.00,99999.00,99999.00,99999.00,99999.00,99999.00
99999.00,99999.00,99999.00,99999.00,99999.00,99999.00,99999.00,99999.00,99999.00,99999.00,99999.00,99999.00,99999.00,99999.00,99999.00,99999.00,99999.00,99999.00,99999.00,99999.00,99999.00,99999.00,99999.00,99999.00,99999.00,99999.00,99999.00,99999.00,99999.00,99999.00,99999.00,99999.00,99999.00,99999.00,99999.00,99999.00, 707.17, 689.49, 673.36, 658.45, 644.56, 631.54, 619.27, 607.66, 596.48, 585.67, 575.20, 565.02, 555.10, 545.41, 535.94, 526.60, 517.37, 508.22, 499.34, 490.88, 482.72, 474.81, 467.20, 459.75, 452.45, 445.31, 438.31, 431.45, 424.64, 417.87, 411.14, 404.48, 397.89, 391.40, 385.20, 379.22, 373.51, 368.26, 363.47, 359.14, 354.95, 350.83, 346.80, 342.79, 338.93, 335.28, 331.76, 328.26, 325.07, 321.93, 319.09, 316.41, 313.85, 311.54, 309.39, 307.26, 305.20, 303.21, 301.26, 299.55, 298.33, 297.67, 297.62, 298.14, 299.19, 300.82, 302.93, 305.42, 308.22, 311.43, 314.95, 318.63,99999.00,99999.00,99999.00,99999.00,99999.00,99999.00,99999.00,99999.00,99999.00,99999.00,99999.00,99999.00,99999.00,99999.00,99999.00,99999.00,99999.00,99999.00, 390.61, 393.51, 396.62, 400.42, 404.81, 409.78, 415.32, 421.49, 428.29, 435.21, 442.17, 449.29, 456.74, 464.66, 472.97, 481.80, 490.91, 500.02, 509.47, 519.08, 528.95, 539.32, 549.88, 560.51, 571.22, 582.02, 592.88, 603.86, 614.97, 626.21, 637.58, 649.07, 660.68, 672.41, 684.15, 695.73, 707.46, 719.34, 731.16, 743.35, 756.09, 769.09, 782.63, 796.80, 811.69, 827.38, 843.86, 861.25, 879.67, 899.21,99999.00,99999.00,99999.00,99999.00,99999.00,99999.00,99999.00,99999.00,99999.00,99999.00,99999.00,99999.00,99999.00,99999.00,99999.00,99999.00,99999.00,99999.00,99999.00,99999.00,99999.00,99999.00,99999.00,99999.00
99999.00,99999.00,99999.00,99999.00,99999.00,99999.00,99999.00,99999.00,99999.00,99999.00,99999.00,99999.00,99999.00,99999.00,99999.00,99999.00,99999.00,99999.00,99999.00,99999.00,99999.00,99999.00,99999.00,99999.00,99999.00,99999.00,99999.00,99999.00,99999.00,99999.00,99999.00,99999.00,99999.00,99999.00,99999.00,99999.00, 706.71, 688.89, 672.62, 657.58, 643.55, 630.38, 617.96, 606.20, 594.94, 584.06, 573.51, 563.26, 553.27, 543.52, 533.98, 524.58, 515.29, 506.08, 496.96, 487.94, 479.25, 470.98, 463.02, 455.32, 447.92, 440.70, 433.64, 426.74, 419.91, 413.14, 406.45, 399.82, 393.25, 386.76, 380.37, 374.26, 368.38, 362.76, 357.61, 352.90, 348.60, 344.48, 340.37, 336.36, 332.40, 328.67, 325.02, 321.38, 317.93, 314.68, 311.54, 308.70, 305.94, 303.43, 300.93, 298.63, 296.42, 294.24, 292.10, 290.19, 288.74, 287.82, 287.50, 287.71, 288.40, 289.62, 291.28, 293.22, 295.39, 297.84, 300.43, 302.97, 305.15,99999.00,99999.00,99999.00,99999.00,99999.00,99999.00,99999.00,99999.00,99999.00,99999.00,99999.00,99999.00,99999.00,99999.00,99999.00,99999.00, 370.19, 374.28, 378.49, 382.94, 387.63, 392.78, 398.61, 404.98, 411.86, 418.95, 426.11, 433.43, 441.06, 449.15, 457.61, 466.83, 476.05, 485.63, 495.35, 505.30, 515.74, 526.31, 537.35, 548.40, 559.52, 570.74, 582.05, 593.42, 604.91, 616.53, 628.27, 640.13, 652.11, 664.19, 676.35, 688.22, 700.23, 712.24, 724.12, 736.15, 748.37, 760.89, 773.88, 787.52, 801.56, 816.28, 831.78, 848.09, 865.15, 883.02, 901.70, 921.15, 941.21, 961.74, 982.75,1004.32,1026.55,1049.57,1073.53,1098.71,99999.00,99999.00,99999.00,99999.00,99999.00,99999.00,99999.00,99999.00,99999.00,99999.00,99999.00,99999.00,99999.00,99999.00,99999.00
99999.00,99999.00,99999.00,99999.00,99999.00,99999.00,99999.00,99999.00,99999.00,99999.00,99999.00,99999.00,99999.00,99999.00,99999.00,1274.16,1258.21,1250.64,99999.00,99999.00,99999.00,99999.00,99999.00,99999.00,99999.00,99999.00,99999.00,99999.00,99999.00,99999.00,99999.00,99999.00,99999.00,99999.00,99999.00,99999.00, 706.57, 688.62, 672.21, 657.03, 642.85, 629.53, 616.95, 605.04, 593.69, 582.71, 572.08, 561.74, 551.67, 541.84, 532.22, 522.74, 513.37, 504.09, 494.91, 485.83, 476.85, 467.97, 459.50, 451.46, 443.74, 436.28, 429.15, 422.19, 415.32, 408.54, 401.84, 395.22, 388.69, 382.23, 375.84, 369.55, 363.55, 357.76, 352.24, 347.19, 342.58, 338.29, 334.16, 330.13, 326.12, 322.27, 318.54, 314.82, 311.12, 307.72, 304.34, 301.26, 298.33, 295.49, 292.89, 290.43, 287.97, 285.54, 283.17, 281.02, 279.35, 278.19, 277.60, 277.51, 277.87, 278.72, 279.95, 281.41, 283.02, 284.82, 286.67, 288.37, 289.66, 292.47, 294.68, 296.22, 297.89, 299.83, 302.67, 305.84, 309.50, 313.47, 317.61, 322.07, 326.81, 332.08, 337.67, 343.31, 348.95, 354.30, 359.39, 364.44, 369.82, 375.51, 381.56, 388.02, 394.87, 402.15, 409.47, 416.96, 424.76, 432.99, 441.60, 450.88, 460.53, 470.34, 480.40, 490.93, 501.58, 512.66, 524.25, 535.83, 547.41, 559.07, 570.84, 582.69, 594.61, 606.65, 618.81, 631.09, 643.47, 655.96, 668.28, 680.49, 692.81, 705.22, 717.35, 729.61, 741.90, 754.05, 766.39, 779.33, 792.67, 806.59, 821.26, 836.46, 852.44, 869.23, 886.65, 904.71, 923.35, 942.47, 962.03, 982.07,1002.67,1023.93,1045.97,1068.97,1093.18,99999.00,99999.00,99999.00,99999.00,99999.00,99999.00,99999.00,99999.00,99999.00,99999.00,99999.00,99999.00,99999.00,99999.00,99999.00
99999.00,99999.00,99999.00,99999.00,99999.00,99999.00,99999.00,99999.00,99999.00,99999.00,99999.00,99999.00,99999.00,99999.00,99999.00,1247.84,1231.35,1220.36,99999.00,99999.00,99999.00,99999.00,99999.00,99999.00,99999.00,99999.00,99999.00,99999.00,99999.00,99999.00,99999.00,99999.00,99999.00,99999.00,99999.00,99999.00, 706.89, 688.80, 672.24, 656.90, 642.57, 629.09, 616.35, 604.26, 592.76, 581.69, 570.95, 560.51, 550.34, 540.42, 530.71, 521.13, 511.66, 502.29, 493.02, 483.86, 474.81, 465.88, 457.07, 448.38, 440.17, 432.41, 424.97, 417.81, 410.88, 404.06, 397.34, 390.72, 384.20, 377.77, 371.41, 365.13, 358.95, 353.06, 347.38, 341.96, 337.00, 332.48, 328.18, 324.06, 320.05, 316.09, 312.30, 308.46, 304.62, 300.96, 297.48, 294.10, 291.01, 287.98, 285.18, 282.37, 279.74, 277.18, 274.62, 272.06, 270.18, 268.79, 267.95, 267.58, 267.63, 268.13, 268.98, 270.01, 271.13, 272.40, 273.67, 274.76, 275.44, 277.75, 279.67, 281.17, 282.84, 284.78, 287.62, 290.79, 294.43, 298.32, 302.38, 306.75, 311.40, 316.59, 322.20, 328.14, 333.97, 339.90, 345.83, 351.78, 357.75, 363.96, 370.50, 377.46, 384.82, 392.30, 399.95, 407.88, 416.23, 424.94, 434.29, 444.11, 454.20, 464.79, 475.53, 486.69, 498.41, 510.31, 522.48, 534.65, 546.82, 559.07, 571.43, 583.88, 596.40, 609.03, 621.78, 634.63, 647.56, 660.22, 672.80, 685.50, 698.04, 710.47, 723.03, 735.67, 748.02, 760.52, 773.04, 785.48, 798.55, 812.31, 826.55, 841.46, 857.22, 873.55, 890.66, 908.28, 926.38, 944.90, 963.82, 983.21,1003.17,1023.79,1045.18,1067.54,1091.10,99999.00,99999.00,99999.00,99999.00,99999.00,99999.00,99999.00,99999.00,99999.00,99999.00,99999.00,99999.00,99999.00,99999.00,99999.00
99999.00,99999.00,99999.00,99999.00,99999.00,99999.00,99999.00,99999.00,99999.00,99999.00,99999.00,99999.00,99999.00,99999.00,99999.00,1228.23,1206.49,1191.12,99999.00,99999.00,99999.00,99999.00,99999.00,99999.00,99999.00,99999.00,99999.00,99999.00,99999.00,99999.00,99999.00,99999.00,99999.00,99999.00,99999.00,99999.00, 707.61, 689.41, 672.72, 657.23, 642.74, 629.09, 616.18, 603.91, 592.23, 581.04, 570.19, 559.63, 549.35, 539.32, 529.49, 519.78, 510.19, 500.71, 491.33, 482.07, 472.93, 463.92, 455.04, 446.30, 437.71, 429.27, 421.37, 413.92, 406.72, 399.71, 392.96, 386.33, 379.80, 373.38, 367.05, 360.80, 354.64, 348.57, 342.79, 337.21, 331.90, 327.04, 322.57, 318.28, 314.16, 310.15, 306.27, 302.35, 298.43, 294.51, 290.89, 287.28, 283.95, 280.75, 277.63, 274.73, 271.95, 269.14, 266.34, 263.57, 261.23, 259.62, 258.53, 257.91, 257.67, 257.87, 258.37, 259.03, 259.75, 260.58, 261.39, 262.03, 262.30, 264.28, 266.02, 267.49, 269.16, 271.10, 273.94, 277.11, 280.71, 284.51, 288.49, 292.77, 297.52, 302.83, 308.37, 314.48, 320.77, 327.01, 333.26, 339.57, 346.04, 352.76, 359.77, 367.07, 374.71, 382.48, 390.49, 398.91, 407.68, 417.09, 426.88, 437.41, 448.13, 459.32, 471.11, 483.07, 495.65, 508.46, 521.28, 534.09, 546.93, 559.83, 572.85, 585.96, 599.13, 612.42, 625.80, 639.12, 652.03, 665.04, 678.15, 690.99, 703.77, 716.67, 729.42, 742.06, 754.81, 767.63, 780.15, 792.86, 805.64, 818.80, 832.66, 847.27, 862.44, 878.31, 895.05, 912.34, 930.11, 948.25, 966.75, 985.74,1005.28,1025.49,1046.47,1068.41,1091.57,99999.00,99999.00,99999.00,99999.00,99999.00,99999.00,99999.00,99999.00,99999.00,99999.00,99999.00,99999.00,99999.00,99999.00,99999.00
99999.00,99999.00,99999.00,99999.00,99999.00,99999.00,99999.00,99999.00,99999.00,99999.00,99999.00,99999.00,99999.00,99999.00,99999.00,1211.32,1187.93,1166.58,99999.00,99999.00,99999.00,99999.00,99999.00,99999.00,99999.00,99999.00,99999.00,99999.00,99999.00,99999.00,99999.00,99999.00,99999.00,99999.00,99999.00,99999.00, 708.02, 689.95, 673.27, 657.73, 643.13, 629.35, 616.29, 603.87, 592.01, 580.67, 569.70, 559.03, 548.62, 538.47, 528.50, 518.66, 508.93, 499.31, 489.81, 480.43, 471.18, 462.06, 453.10, 444.29, 435.65, 427.16, 418.85, 410.75, 403.11, 395.84, 388.83, 382.03, 375.49, 369.07, 362.75, 356.53, 350.40, 344.36, 338.41, 332.74, 327.27, 322.06, 317.31, 312.86, 308.57, 304.45, 300.44, 296.46, 292.42, 288.37, 284.49, 280.78, 277.16, 273.81, 270.50, 267.41, 264.29, 261.33, 258.41, 255.46, 252.49, 250.67, 249.37, 248.50, 248.01, 247.93, 248.13, 248.45, 248.82, 249.29, 249.75, 250.04, 250.01, 251.77, 253.38, 254.84, 256.51, 258.45, 261.29, 264.46, 267.98, 271.70, 275.62, 279.93, 284.91, 290.31, 296.10, 302.13, 308.48, 314.92, 321.45, 328.00, 334.74, 341.74, 349.08, 356.79, 364.64, 372.70, 381.14, 389.92, 399.32, 409.08, 419.62, 430.67, 442.38, 454.32, 466.95, 480.06, 493.60, 507.13, 520.67, 534.22, 547.79, 561.43, 575.19, 589.03, 602.94, 616.94, 630.57, 643.96, 657.45, 670.89, 683.93, 697.11, 710.40, 723.43, 736.41, 749.50, 762.42, 775.18, 788.04, 800.99, 813.69, 826.61, 840.09, 853.99, 868.64, 884.09, 900.10, 916.82, 934.37, 952.31, 970.61, 989.36,1008.68,1028.65,1049.40,1071.12,1094.04,99999.00,99999.00,99999.00,99999.00,99999.00,99999.00,99999.00,99999.00,99999.00,99999.00,99999.00,99999.00,99999.00,99999.00,99999.00
99999.00,99999.00,99999.00,99999.00,99999.00,99999.00,99999.00,99999.00,99999.00,99999.00,99999.00,99999.00,99999.00,99999.00,99999.00,1196.72,1172.14,1149.00,1127.44,99999.00,99999.00,99999.00,99999.00,99999.00,99999.00,99999.00,99999.00,99999.00,99999.00,99999.00,99999.00,99999.00,99999.00,99999.00,99999.00, 727.55, 708.38, 690.63, 674.08, 658.56, 643.92, 630.05, 616.86, 604.29, 592.26, 580.74, 569.65, 558.85, 548.31, 538.02, 527.89, 517.89, 508.01, 498.24, 488.58, 479.06, 469.67, 460.45, 451.38, 442.48, 433.76, 425.23, 416.87, 408.65, 400.54, 392.65, 385.23, 378.19, 371.41, 364.84, 358.53, 352.33, 346.23, 340.21, 334.29, 328.46, 322.90, 317.55, 312.45, 307.78, 303.33, 299.03, 294.91, 290.84, 286.74, 282.58, 278.40, 274.55, 270.70, 267.12, 263.66, 260.25, 257.05, 253.94, 250.79, 247.62, 244.46, 241.96, 240.46, 239.35, 238.60, 238.25, 238.17, 238.20, 238.27, 238.45, 238.62, 238.65, 238.40, 239.99, 241.52, 242.96, 244.63, 246.58, 249.41, 252.56, 256.00, 259.64, 263.71, 268.25, 273.34, 278.63, 284.36, 290.49, 296.79, 303.25, 309.87, 316.67, 323.72, 331.02, 338.57, 346.46, 354.54, 362.99, 371.74, 381.08, 390.76, 401.15, 412.57, 424.26, 436.72, 449.76, 463.35, 477.70, 492.05, 506.40, 520.76, 535.15, 549.58, 564.05, 578.65, 593.32, 608.06, 622.07, 636.03, 650.04, 663.70, 677.16, 690.75, 704.33, 717.55, 730.92, 744.41, 757.62, 770.75, 783.93, 796.89, 809.72, 822.68, 835.69, 848.63, 862.20, 876.37, 891.00, 906.39, 922.59, 939.36, 956.83, 975.07, 993.75,1012.99,1032.89,1053.57,1075.21,1098.05,99999.00,99999.00,99999.00,99999.00,99999.00,99999.00,99999.00,99999.00,99999.00,99999.00,99999.00,99999.00,99999.00,99999.00,99999.00
99999.00,99999.00,99999.00,99999.00,99999.00,99999.00,99999.00,99999.00,99999.00,99999.00,99999.00,99999.00,99999.00,99999.00,99999.00,1185.18,1160.18,1135.67,1112.09,1089.01,99999.00,99999.00,99999.00,99999.00,99999.00,99999.00,99999.00,99999.00,99999.00,99999.00,99999.00,99999.00,99999.00,99999.00, 747.07, 727.40, 708.92, 691.56, 675.21, 659.76, 645.10, 631.16, 617.86, 605.14, 592.95, 581.24, 569.97, 559.03, 548.35, 537.89, 527.58, 517.40, 507.34, 497.38, 487.55, 477.86, 468.32, 458.95, 449.76, 440.76, 431.95, 423.34, 414.93, 406.67, 398.53, 390.51, 382.65, 375.01, 367.84, 361.05, 354.52, 348.19, 342.11, 336.13, 330.24, 324.43, 318.73, 313.28, 308.04, 303.05, 298.41, 293.96, 289.67, 285.52, 281.33, 277.11, 272.82, 268.50, 264.56, 260.69, 257.08, 253.50, 250.12, 246.69, 243.40, 240.13, 236.81, 233.44, 231.71, 230.38, 229.40, 228.80, 228.48, 228.26, 228.08, 228.01, 227.95, 227.77, 227.35, 228.83, 230.29, 231.73, 233.40, 235.34, 238.18, 241.28, 244.77, 248.44, 252.54, 257.14, 262.12, 267.48, 273.09, 279.18, 285.51, 292.05, 298.69, 305.56, 312.70, 320.17, 328.02, 336.06, 344.45, 353.13, 362.37, 371.94, 382.21, 393.43, 405.44, 418.10, 431.40, 445.73, 460.46, 475.75, 491.05, 506.37, 521.71, 537.08, 552.50, 567.98, 583.57, 599.01, 613.69, 628.31, 642.94, 656.85, 670.73, 684.74, 698.47, 712.05, 725.81, 739.61, 753.05, 766.62, 780.26, 793.47, 806.64, 819.60, 832.46, 845.46, 858.52, 871.52, 885.43, 899.65, 914.48, 929.80, 945.90, 962.82, 980.36, 998.77,1018.08,1038.05,1058.81,1080.52,1103.44,99999.00,99999.00,99999.00,99999.00,99999.00,99999.00,99999.00,99999.00,99999.00,99999.00,99999.00,99999.00,99999.00,99999.00,99999.00
99999.00,99999.00,99999.00,99999.00,99999.00,99999.00,99999.00,99999.00,99999.00,99999.00,99999.00,99999.00,99999.00,99999.00,99999.00,1175.53,1149.80,1125.29,1101.54,1077.51,1053.80,1030.18,1006.51, 983.22, 960.40, 938.02, 915.36, 892.88, 870.82, 849.16, 827.89, 806.99, 786.44, 766.26, 746.69, 727.93, 710.06, 693.06, 676.91, 661.53, 646.87, 632.86, 619.43, 606.56, 594.18, 582.27, 570.79, 559.68, 548.82, 538.16, 527.63, 517.24, 506.96, 496.78, 486.74, 476.85, 467.13, 457.59, 448.25, 439.13, 430.22, 421.53, 413.06, 404.74, 396.55, 388.51, 380.61, 372.86, 365.28, 357.91, 351.01, 344.47, 338.19, 332.09, 326.23, 320.47, 314.79, 309.21, 303.88, 298.76, 293.85, 289.21, 284.75, 280.46, 276.20, 271.89, 267.55, 263.13, 258.67, 254.59, 250.76, 247.03, 243.34, 239.85, 236.43, 232.95, 229.43, 225.86, 223.13, 221.59, 220.39, 219.58, 219.03, 218.60, 218.20, 217.93, 217.67, 217.34, 216.79, 218.17, 219.58, 221.01, 222.68, 224.62, 227.46, 230.58, 233.97, 237.64, 241.76, 246.43, 251.27, 256.55, 262.22, 268.18, 274.41, 280.88, 287.61, 294.63, 301.91, 309.44, 317.38, 325.65, 334.19, 343.27, 352.66, 362.73, 373.71, 385.79, 398.49, 412.23, 426.51, 442.05, 458.27, 474.71, 491.17, 507.66, 524.18, 540.74, 557.36, 574.05, 590.00, 605.54, 621.00, 636.16, 650.52, 664.86, 679.29, 693.11, 707.01, 721.14, 735.07, 748.92, 762.97, 776.71, 790.40, 804.07, 817.24, 830.37, 843.32, 856.18, 869.20, 882.28, 895.30, 909.58, 924.18, 939.07, 954.57, 970.59, 987.46,1005.28,1024.07,1043.94,1064.93,1086.87,1110.02,99999.00,99999.00,99999.00,99999.00,99999.00,99999.00,99999.00,99999.00,99999.00,99999.00,99999.00,99999.00,99999.00,99999.00,99999.00
99999.00,99999.00,99999.00,99999.00,99999.00,99999.00,99999.00,99999.00,99999.00,99999.00,99999.00,99999.00,99999.00,99999.00,99999.00,1167.58,1141.59,1116.63,1092.41,1068.73,1045.36,1021.46, 997.88, 974.77, 952.12, 929.92, 908.14, 886.77, 865.80, 845.21, 824.98, 805.10, 785.56, 766.35, 747.63, 729.53, 712.12, 695.42, 679.42, 664.10, 649.40, 635.29, 621.73, 608.67, 596.09, 583.94, 572.20, 560.85, 549.78, 538.87, 528.10, 517.45, 506.91, 496.48, 486.18, 476.05, 466.11, 456.38, 446.87, 437.60, 428.57, 419.78, 411.24, 402.85, 394.62, 386.55, 378.63, 370.85, 363.24, 355.78, 348.49, 341.39, 334.75, 328.47, 322.42, 316.55, 310.92, 305.36, 299.90, 294.69, 289.68, 284.79, 280.15, 275.70, 271.34, 266.97, 262.53, 258.06, 253.51, 248.92, 244.69, 240.82, 236.98, 233.32, 229.59, 225.94, 222.26, 218.51, 214.70, 212.96, 211.57, 210.56, 209.82, 209.19, 208.61, 208.16, 207.75, 207.28, 206.63, 207.93, 209.31, 210.73, 212.40, 214.31, 217.08, 220.18, 223.45, 227.13, 231.30, 235.83, 240.73, 245.86, 251.46, 257.38, 263.60, 269.98, 276.64, 283.62, 290.93, 298.63, 306.69, 315.04, 323.91, 333.07, 342.87, 353.55, 365.24, 378.17, 391.61, 406.38, 421.93, 438.90, 456.52, 474.40, 492.34, 510.30, 528.31, 546.38, 564.51, 581.47, 598.22, 614.77, 630.22, 645.10, 659.91, 674.55, 688.55, 702.70, 717.03, 731.02, 745.24, 759.48, 773.57, 787.86, 801.78, 815.51, 829.12, 842.22, 855.31, 868.23, 881.07, 894.06, 907.13, 920.13, 934.76, 949.74, 965.04, 980.82, 997.08,1014.00,1032.09,1051.37,1071.91,1093.93,1117.49,99999.00,99999.00,99999.00,99999.00,99999.00,99999.00,99999.00,99999.00,99999.00,99999.00,99999.00,99999.00,99999.00,99999.00,99999.00
99999.00,99999.00,99999.00,99999.00,99999.00,99999.00,99999.00,99999.00,99999.00,99999.00,99999.00,99999.00,99999.00,99999.00,99999.00,1160.11,1134.38,1109.49,1085.21,1061.37,1037.89,1014.75, 992.00, 969.70, 947.85, 926.42, 905.40, 884.78, 864.53, 844.64, 825.09, 805.88, 786.98, 768.40, 750.24, 732.57, 715.47, 698.95, 683.04, 667.70, 652.92, 638.67, 624.93, 611.65, 598.81, 586.39, 574.36, 562.69, 551.34, 540.13, 529.05, 518.09, 507.24, 496.50, 485.90, 475.48, 465.27, 455.31, 445.61, 436.17, 427.01, 418.11, 409.47, 401.01, 392.72, 384.61, 376.67, 368.89, 361.27, 353.80, 346.48, 339.32, 332.30, 325.47, 319.09, 313.04, 307.23, 301.58, 296.15, 290.81, 285.72, 280.77, 275.88, 271.24, 266.77, 262.30, 257.81, 253.25, 248.65, 243.97, 239.24, 234.86, 230.88, 226.90, 223.03, 219.23, 215.35, 211.42, 207.43, 204.49, 202.92, 201.73, 200.81, 200.01, 199.27, 198.67, 198.13, 197.55, 196.81, 198.06, 199.40, 200.80, 202.38, 204.19, 206.92, 209.90, 213.15, 216.85, 221.06, 225.43, 230.22, 235.39, 240.83, 246.60, 252.67, 259.05, 265.75, 272.75, 280.02, 287.68, 295.78, 304.39, 313.27, 322.76, 333.09, 344.38, 356.76, 370.40, 384.74, 400.51, 417.49, 436.09,99999.00,99999.00,99999.00,99999.00,99999.00,99999.00,99999.00,99999.00,99999.00,99999.00, 641.72, 656.92, 671.09, 685.36, 699.63, 713.49, 727.62, 742.06, 756.28, 770.81, 785.42, 799.89, 814.46, 828.49, 842.14, 855.66, 868.68, 881.71, 894.58, 907.37, 920.33, 933.34, 946.28, 961.28, 976.65, 992.38,1008.64,1025.46,1043.13,1061.53,1081.37,1102.80,1126.04,99999.00,99999.00,99999.00,99999.00,99999.00,99999.00,99999.00,99999.00,99999.00,99999.00,99999.00,99999.00,99999.00,99999.00,99999.00
99999.00,99999.00,99999.00,99999.00,99999.00,99999.00,99999.00,99999.00,99999.00,99999.00,99999.00,99999.00,99999.00,99999.00,99999.00,1156.59,1130.98,1106.28,1082.27,1058.77,1035.71,1013.06, 990.82, 969.03, 947.68, 926.75, 906.20, 886.03, 866.21, 846.74, 827.60, 808.78, 790.26, 772.04, 754.18, 736.75, 719.80, 703.34, 687.43, 672.07, 657.25, 642.95, 629.14, 615.72, 602.57, 589.80, 577.41, 565.36, 553.60, 542.02, 530.56, 519.22, 507.99, 496.86, 485.88, 475.12, 464.60, 454.37, 444.44, 434.81, 425.50, 416.49, 407.74, 399.19, 390.85, 382.70, 374.74, 366.95, 359.33, 351.86, 344.55, 337.39, 330.37, 323.49, 316.73, 310.16, 304.01, 298.19, 292.59, 287.15, 281.93, 276.95, 272.00, 267.11, 262.47, 257.92, 253.33, 248.72, 244.05, 239.32, 234.49, 229.55, 224.96, 220.76, 216.73, 212.63, 208.60, 204.53, 200.38, 196.17, 194.43, 193.07, 191.99, 191.04, 190.15, 189.43, 188.77, 188.10, 187.29, 188.49, 189.72, 191.02, 192.51, 194.23, 196.93, 199.78, 203.02, 206.73, 210.79, 215.20, 219.82, 224.89, 230.27, 235.97, 241.89, 248.12, 254.69, 261.62, 268.95, 276.70, 284.84, 293.36, 302.50, 312.44, 323.29, 335.18, 348.24, 362.51, 377.75, 394.52, 412.96,99999.00,99999.00,99999.00,99999.00,99999.00,99999.00,99999.00,99999.00,99999.00,99999.00,99999.00,99999.00, 670.20, 684.30, 697.71, 711.51, 725.54, 739.37, 753.65, 768.42, 783.10, 798.21, 813.42, 828.39, 843.20, 857.15, 870.68, 884.10, 897.04, 909.99, 922.79, 935.52, 948.41, 961.35, 974.21, 989.59,1005.38,1021.58,1038.40,1055.97,1074.57,1094.08,1115.13,1137.67,99999.00,99999.00,99999.00,99999.00,99999.00,99999.00,99999.00,99999.00,99999.00,99999.00,99999.00,99999.00,99999.00,99999.00,99999.00
99999.00,99999.00,99999.00,99999.00,99999.00,99999.00,99999.00,99999.00,99999.00,99999.00,99999.00,99999.00,99999.00,99999.00,99999.00,1158.00,1132.36,1107.70,1083.77,1060.41,1037.55,1015.13, 993.14, 971.61, 950.51, 929.80, 909.47, 889.50, 869.88, 850.59, 831.61, 812.93, 794.55, 776.45, 758.69, 741.31, 724.42, 708.06, 692.23, 676.94, 662.16, 647.80, 633.75, 620.13, 606.92, 594.09, 581.62, 569.16, 556.87, 544.74, 532.76, 520.91, 509.20, 497.58, 486.15, 474.96, 464.08, 453.53, 443.34, 433.50, 424.02, 414.88, 406.02, 397.39, 388.99, 380.80, 372.81, 365.01, 357.39, 349.94, 342.65, 335.50, 328.50, 321.63, 314.89, 308.27, 301.77, 295.43, 289.50, 283.90, 278.51, 273.26, 268.31, 263.36, 258.48, 253.80, 249.14, 244.44, 239.71, 234.89, 229.96, 224.92, 219.77, 214.96, 210.54, 206.30, 202.13, 197.88, 193.57, 189.20, 186.07, 184.56, 183.34, 182.24, 181.23, 180.39, 179.64, 178.89, 177.96, 179.03, 180.15, 181.36, 182.76, 184.38, 186.94, 189.75, 192.99, 196.73, 200.62, 204.89, 209.53, 214.42, 219.61, 225.13, 230.98, 237.17, 243.69, 250.48, 257.68, 265.32, 273.44, 282.19, 291.71, 302.11, 313.48, 325.93, 339.62, 354.46, 370.50, 388.15,99999.00,99999.00,99999.00,99999.00,99999.00,99999.00,99999.00,99999.00,99999.00,99999.00,99999.00,99999.00,99999.00,99999.00, 698.85, 711.97, 724.80, 738.32, 752.34, 766.39, 781.12, 796.54, 812.09, 828.19,99999.00,99999.00,99999.00,99999.00,99999.00,99999.00,99999.00,99999.00,99999.00,99999.00,99999.00,99999.00,99999.00,99999.00,99999.00,99999.00,99999.00,99999.00,99999.00,99999.00,99999.00,99999.00,99999.00,99999.00,99999.00,99999.00,99999.00,99999.00,99999.00,99999.00,99999.00,99999.00,99999.00,99999.00,99999.00,99999.00
99999.00,99999.00,99999.00,99999.00,99999.00,99999.00,99999.00,99999.00,99999.00,99999.00,99999.00,99999.00,99999.00,99999.00,99999.00,1163.83,1137.98,1113.15,1089.10,1065.67,1042.76,1020.32, 998.34, 976.80, 955.68, 934.95, 914.59, 894.58, 874.90, 855.55, 836.51, 817.79, 799.41, 781.35, 763.70, 746.52, 729.83, 713.64, 697.96, 682.71, 667.78, 653.29, 639.25, 625.62, 612.39, 599.18, 586.32, 573.84, 561.53, 549.08, 536.34, 523.75, 511.27, 498.93, 486.83, 475.06, 463.69, 452.75, 442.26, 432.20, 422.55, 413.27, 404.29, 395.58, 387.12, 378.89, 370.88, 363.08, 355.46, 348.03, 340.75, 333.64, 326.66, 319.82, 313.11, 306.52, 300.04, 293.66, 287.39, 281.27, 275.56, 270.15, 264.95, 259.80, 254.85, 249.96, 245.21, 240.44, 235.59, 230.67, 225.64, 220.51, 215.26, 209.88, 204.86, 200.22, 195.76, 191.36, 186.92, 182.42, 177.84, 176.19, 174.83, 173.60, 172.47, 171.53, 170.67, 169.77, 168.71, 169.65, 170.67, 171.78, 173.08, 174.59, 177.01, 179.80, 183.05, 186.62, 190.52, 194.60, 199.11, 203.91, 209.01, 214.33, 219.98, 225.98, 232.36, 239.13, 246.34, 253.92, 261.90, 270.98, 280.91, 291.76, 303.63, 316.61, 330.85, 346.17, 363.04, 381.51,99999.00,99999.00,99999.00,99999.00,99999.00,99999.00,99999.00,99999.00,99999.00,99999.00,99999.00,99999.00,99999.00,99999.00, 717.08, 727.38, 739.86, 752.41, 765.96, 780.28, 794.92, 810.55, 827.24,99999.00,99999.00,99999.00,99999.00,99999.00,99999.00,99999.00,99999.00,99999.00,99999.00,99999.00,99999.00,99999.00,99999.00,99999.00,99999.00,99999.00,99999.00,99999.00,99999.00,99999.00,99999.00,99999.00,99999.00,99999.00,99999.00,99999.00,99999.00,99999.00,99999.00,99999.00,99999.00,99999.00,99999.00,99999.00,99999.00,99999.00
99999.00,99999.00,99999.00,99999.00,99999.00,99999.00,99999.00,99999.00,99999.00,99999.00,99999.00,99999.00,99999.00,99999.00,99999.00,1171.83,1145.54,1120.30,1095.93,1072.26,1049.18,1026.61,1004.50, 982.85, 961.63, 940.81, 920.37, 900.30, 880.57, 861.19, 842.18, 823.52, 805.28, 787.46, 770.07, 753.14, 736.69, 720.63, 704.88, 689.58, 674.73, 660.32, 646.31, 632.36, 618.77, 605.67, 593.03, 580.25, 567.21, 554.32, 541.57, 528.96, 516.43, 503.13, 490.13, 477.56, 465.50, 453.99, 443.02, 432.57, 422.61, 413.07, 403.87, 394.98, 386.38, 378.03, 369.93, 362.04, 354.35, 346.85, 339.52, 332.35, 325.34, 318.46, 311.71, 305.09, 298.58, 292.18, 285.88, 279.68, 273.58, 267.66, 262.14, 256.89, 251.68, 246.53, 241.58, 236.66, 231.69, 226.65, 221.53, 216.29, 210.95, 205.48, 199.90, 194.65, 189.79, 185.11, 180.50, 175.85, 171.13, 167.93, 166.43, 165.09, 163.85, 162.76, 161.74, 160.69, 159.50, 160.33, 161.23, 162.24, 163.44, 164.85, 167.11, 169.89, 173.14, 176.52, 180.27, 184.35, 188.65, 193.23, 198.12, 203.33, 208.90, 214.79, 220.96, 227.53, 234.54, 242.03, 250.31, 259.74, 270.07, 281.37, 293.72, 307.19, 322.11, 337.99, 355.32, 374.80,99999.00,99999.00,99999.00,99999.00,99999.00,99999.00,99999.00,99999.00,99999.00,99999.00,99999.00,99999.00,99999.00,99999.00, 738.51, 745.00, 755.94, 768.18, 780.80, 794.73, 809.77, 825.55,99999.00,99999.00,99999.00,99999.00,99999.00,99999.00,99999.00,99999.00,99999.00,99999.00,99999.00,99999.00,99999.00,99999.00,99999.00,99999.00,99999.00,99999.00,99999.00,99999.00,99999.00,99999.00,99999.00,99999.00,99999.00,99999.00,99999.00,99999.00,99999.00,99999.00,99999.00,99999.00,99999.00,99999.00,99999.00,99999.00,99999.00,99999.00
99999.00,99999.00,99999.00,99999.00,99999.00,99999.00,99999.00,99999.00,99999.00,99999.00,99999.00,99999.00,99999.00,99999.00,99999.00,1180.82,1154.06,1128.52,1103.92,1080.08,1056.84,1034.15,1011.94, 990.21, 968.93, 948.06, 927.59, 907.51, 887.83, 868.53, 849.68, 831.28, 813.32, 795.79, 778.68, 761.94, 745.48, 729.45, 713.85, 698.69, 683.94, 669.26, 654.96, 641.16, 627.70, 614.76, 601.41, 588.23, 575.19, 562.31, 549.51, 535.97, 522.64, 509.18, 495.53, 482.00, 469.15, 457.01, 445.54, 434.69, 424.39, 414.54, 405.08, 395.95, 387.14, 378.61, 370.33, 362.28, 354.45, 346.80, 339.34, 332.05, 324.91, 317.91, 311.05, 304.31, 297.69, 291.18, 284.78, 278.48, 272.28, 266.16, 260.12, 254.39, 248.87, 243.62, 238.41, 233.22, 228.04, 222.82, 217.53, 212.17, 206.72, 201.16, 195.48, 189.68, 184.22, 179.14, 174.24, 169.42, 164.59, 159.68, 158.06, 156.60, 155.26, 153.99, 152.82, 151.63, 150.31, 151.02, 151.82, 152.72, 153.81, 155.11, 157.21, 159.98, 163.06, 166.43, 169.96, 173.90, 178.08, 182.55, 187.20, 192.18, 197.50, 203.19, 209.29, 215.81, 222.68, 229.95, 238.65, 248.43, 259.17, 270.91, 283.71, 297.99, 313.35, 330.20, 348.64, 368.73,99999.00,99999.00,99999.00,99999.00,99999.00,99999.00,99999.00,99999.00,99999.00,99999.00,99999.00,99999.00,99999.00,99999.00, 760.41, 764.28, 773.61, 784.95, 797.27, 810.32, 825.05, 841.39,99999.00,99999.00,99999.00,99999.00,99999.00,99999.00,99999.00,99999.00,99999.00,99999.00,99999.00,99999.00,99999.00,99999.00,99999.00,99999.00,99999.00,99999.00,99999.00,99999.00,99999.00,99999.00,99999.00,99999.00,99999.00,99999.00,99999.00,99999.00,99999.00,99999.00,99999.00,99999.00,99999.00,99999.00,99999.00,99999.00,99999.00,99999.00
99999.00,99999.00,99999.00,99999.00,99999.00,99999.00,99999.00,99999.00,99999.00,99999.00,99999.00,99999.00,99999.00,99999.00,99999.00,99999.00,99999.00,99999.00,99999.00,99999.00,99999.00,99999.00,99999.00,99999.00,99999.00,99999.00,99999.00,99999.00,99999.00,99999.00,99999.00,99999.00,99999.00,99999.00,99999.00,99999.00,99999.00,99999.00,99999.00,99999.00,99999.00,99999.00,99999.00,99999.00,99999.00,99999.00,99999.00,99999.00,99999.00,99999.00,99999.00,99999.00,99999.00,99999.00, 501.33, 486.62, 472.90, 460.10, 448.12, 436.88, 426.25, 416.11, 406.39, 397.05, 388.04, 379.33, 370.89, 362.69, 354.71, 346.94, 339.35, 331.93, 324.67, 317.55, 310.58, 303.73, 297.00, 290.39, 283.88, 277.48, 271.17, 264.95, 258.81, 252.70, 246.67, 240.93, 235.40, 229.99, 224.63, 219.16, 213.66, 208.11, 202.50, 196.81, 191.02, 185.12, 179.10, 173.42, 168.13, 163.03, 158.01, 152.98, 149.60, 148.03, 146.59, 145.21, 143.88, 142.56, 141.11, 141.70, 142.39, 143.19, 144.16, 145.35, 147.29, 150.05, 152.92, 156.12, 159.63, 163.34, 167.29, 171.51, 176.03, 180.89, 186.05, 191.48, 197.31, 203.56, 210.28, 217.77, 226.87, 237.01, 248.14, 260.28, 273.86, 289.08, 305.55, 323.01, 342.40, 363.43,99999.00,99999.00,99999.00,99999.00,99999.00,99999.00,99999.00,99999.00,99999.00,99999.00,99999.00,99999.00,99999.00,99999.00, 782.87, 785.90, 792.37, 802.93, 814.76, 827.51, 841.36, 857.40,99999.00,99999.00,99999.00,99999.00,99999.00,99999.00,99999.00,99999.00,99999.00,99999.00,99999.00,99999.00,99999.00,99999.00,99999.00,99999.00,99999.00,99999.00,99999.00,99999.00,99999.00,99999.00,99999.00,99999.00,99999.00,99999.00,99999.00,99999.00,99999.00,99999.00,99999.00,99999.00,99999.00,99999.00,99999.00,99999.00,99999.00,99999.00
99999.00,99999.00,99999.00,99999.00,99999.00,99999.00,99999.00,99999.00,99999.00,99999.00,99999.00,99999.00,99999.00,99999.00,99999.00,99999.00,99999.00,99999.00,99999.00,99999.00,99999.00,99999.00,99999.00,99999.00,99999.00,99999.00,99999.00,99999.00,99999.00,99999.00,99999.00,99999.00,99999.00,99999.00,99999.00,99999.00,99999.00,99999.00,99999.00,99999.00,99999.00,99999.00,99999.00,99999.00,99999.00,99999.00,99999.00,99999.00,99999.00,99999.00,99999.00,99999.00,99999.00,99999.00,99999.00, 491.35, 476.68, 463.23, 450.79, 439.19, 428.24, 417.84, 407.90, 398.37, 389.18, 380.31, 371.72, 363.37, 355.26, 347.36, 339.64, 332.10, 324.72, 317.49, 310.41, 303.45, 296.61, 289.89, 283.28, 276.77, 270.36, 264.04, 257.80, 251.60, 245.36, 239.05, 232.87, 226.99, 221.29, 215.70, 210.02, 204.22, 198.40, 192.52, 186.57, 180.53, 174.40, 168.15, 162.26, 156.76, 151.45, 146.24, 141.02, 139.35, 137.81, 136.36, 134.91, 133.44, 131.88, 132.35, 132.92, 133.61, 134.47, 135.54, 137.31, 139.88, 142.73, 145.70, 149.05, 152.62, 156.43, 160.39, 164.64, 169.21, 174.13, 179.43, 185.14, 191.19, 197.62, 205.44, 214.91, 225.38, 236.85, 249.71, 264.79, 280.60, 298.01, 316.97, 337.26, 358.97,99999.00,99999.00,99999.00,99999.00,99999.00,99999.00,99999.00,99999.00,99999.00,99999.00,99999.00,99999.00,99999.00,99999.00, 805.98, 808.15, 812.98, 821.92, 833.40, 845.82, 859.37, 874.53,99999.00,99999.00,99999.00,99999.00,99999.00,99999.00,99999.00,99999.00,99999.00,99999.00,99999.00,99999.00,99999.00,99999.00,99999.00,99999.00,99999.00,99999.00,99999.00,99999.00,99999.00,99999.00,99999.00,99999.00,99999.00,99999.00,99999.00,99999.00,99999.00,99999.00,99999.00,99999.00,99999.00,99999.00,99999.00,99999.00,99999.00,99999.00
99999.00,99999.00,99999.00,99999.00,99999.00,99999.00,99999.00,99999.00,99999.00,99999.00,99999.00,99999.00,99999.00,99999.00,99999.00,99999.00,99999.00,99999.00,99999.00,99999.00,99999.00,99999.00,99999.00,99999.00,99999.00,99999.00,99999.00,99999.00,99999.00,99999.00,99999.00,99999.00,99999.00,99999.00,99999.00,99999.00,99999.00,99999.00,99999.00,99999.00,99999.00,99999.00,99999.00,99999.00,99999.00,99999.00,99999.00,99999.00,99999.00,99999.00,99999.00,99999.00,99999.00,99999.00,99999.00,99999.00, 480.28, 466.27, 453.45, 441.54, 430.34, 419.72, 409.59, 399.88, 390.54, 381.52, 372.79, 364.32, 356.08, 348.05, 340.22, 332.56, 325.07, 317.73, 310.53, 303.47, 296.52, 289.70, 282.98, 276.36, 269.85, 263.42, 257.08, 250.77, 244.38, 237.92, 231.38, 224.77, 218.42, 212.36, 206.44, 200.53, 194.52, 188.38, 182.21, 175.98, 169.68, 163.30, 156.81, 150.71, 145.00, 139.50, 134.09, 130.53, 128.90, 127.37, 125.86, 124.27, 122.58, 122.93, 123.39, 123.96, 124.71, 125.65, 127.25, 129.60, 132.26, 135.20, 138.30, 141.61, 145.15, 148.95, 153.04, 157.41, 162.02, 167.00, 172.37, 178.19, 184.77, 192.91, 202.67, 213.42, 225.52, 239.81, 255.77, 273.04, 291.35, 311.65, 333.00, 355.52,99999.00,99999.00,99999.00,99999.00,99999.00,99999.00,99999.00,99999.00,99999.00,99999.00,99999.00,99999.00,99999.00,99999.00, 829.88, 831.19, 835.51, 842.29, 852.99, 865.47, 878.69, 893.53,99999.00,99999.00,99999.00,99999.00,99999.00,99999.00,99999.00,99999.00,99999.00,99999.00,99999.00,99999.00,99999.00,99999.00,99999.00,99999.00,99999.00,99999.00,99999.00,99999.00,99999.00,99999.00,99999.00,99999.00,99999.00,99999.00,99999.00,99999.00,99999.00,99999.00,99999.00,99999.00,99999.00,99999.00,99999.00,99999.00,99999.00,99999.00
99999.00,99999.00,99999.00,99999.00,99999.00,99999.00,99999.00,99999.00,99999.00,99999.00,99999.00,99999.00,99999.00,99999.00,99999.00,99999.00,99999.00,99999.00,99999.00,99999.00,99999.00,99999.00,99999.00,99999.00,99999.00,99999.00,99999.00,99999.00,99999.00,99999.00,99999.00,99999.00,99999.00,99999.00,99999.00,99999.00,99999.00,99999.00,99999.00,99999.00,99999.00,99999.00,99999.00,99999.00,99999.00,99999.00,99999.00,99999.00,99999.00,99999.00,99999.00,99999.00,99999.00,99999.00,99999.00,99999.00, 483.49, 469.13, 456.06, 443.93, 432.54, 421.76, 411.47, 401.63, 392.15, 383.01, 374.15, 365.56, 357.21, 349.06, 341.12, 333.35, 325.75, 318.30, 310.99, 303.82, 296.76, 289.83, 283.01, 276.28, 269.66, 263.13, 256.69, 250.23, 243.69, 237.08, 230.38, 223.60, 216.74, 209.78, 203.25, 196.94, 190.68, 184.42, 178.06, 171.57, 165.04, 158.45, 151.80, 145.06, 138.74, 132.83, 127.14, 121.56, 119.83, 118.21, 116.64, 115.00, 113.19, 113.42, 113.76, 114.22, 114.85, 115.66, 117.09, 119.20, 121.62, 124.38, 127.32, 130.47, 133.73, 137.23, 141.00, 145.09, 149.51, 154.30, 159.41, 164.87, 171.68, 180.10, 190.03, 201.33, 214.77, 230.60, 247.33, 265.89, 285.90, 307.36, 329.70, 353.22,99999.00,99999.00,99999.00,99999.00,99999.00,99999.00,99999.00,99999.00,99999.00,99999.00,99999.00,99999.00,99999.00,99999.00, 854.73, 855.19, 859.01, 864.99, 873.97, 886.10, 899.59, 914.10,99999.00,99999.00,99999.00,99999.00,99999.00,99999.00,99999.00,99999.00,99999.00,99999.00,99999.00,99999.00,99999.00,99999.00,99999.00,99999.00,99999.00,99999.00,99999.00,99999.00,99999.00,99999.00,99999.00,99999.00,99999.00,99999.00,99999.00,99999.00,99999.00,99999.00,99999.00,99999.00,99999.00,99999.00,99999.00,99999.00,99999.00,99999.00
99999.00,99999.00,99999.00,99999.00,99999.00,99999.00,99999.00,99999.00,99999.00,99999.00,99999.00,99999.00,99999.00,99999.00,99999.00,99999.00,99999.00,99999.00,99999.00,99999.00,99999.00,99999.00,99999.00,99999.00,99999.00,99999.00,99999.00,99999.00,99999.00,99999.00,99999.00,99999.00,99999.00,99999.00,99999.00,99999.00,99999.00,99999.00,99999.00,99999.00,99999.00,99999.00,99999.00,99999.00,99999.00,99999.00,99999.00,99999.00,99999.00,99999.00,99999.00,99999.00,99999.00,99999.00,99999.00,99999.00, 486.28, 471.82, 458.63, 446.38, 434.87, 423.97, 413.57, 403.61, 394.03, 384.77, 375.81, 367.11, 358.64, 350.39, 342.33, 334.46, 326.75, 319.19, 311.77, 304.49, 297.33, 290.29, 283.36, 276.53, 269.79, 263.15, 256.58, 249.97, 243.29, 236.52, 229.66, 222.72, 215.68, 208.55, 201.31, 194.01, 187.21, 180.55, 173.93, 167.31, 160.58, 153.72, 146.82, 139.87, 132.86, 126.33, 120.21, 114.34, 110.55, 108.86, 107.22, 105.54, 103.67, 103.79, 104.01, 104.36, 104.86, 105.54, 106.79, 108.67, 110.84, 113.34, 116.00, 118.86, 121.93, 125.24, 128.78, 132.52, 136.56, 140.96, 145.77, 151.28, 158.32, 166.92, 177.20, 189.72, 204.57, 221.48, 239.75, 259.54, 281.36, 304.07, 327.67, 352.43,99999.00,99999.00,99999.00,99999.00,99999.00,99999.00,99999.00,99999.00,99999.00,99999.00,99999.00,99999.00,99999.00,99999.00, 880.79, 880.39, 883.71, 889.46, 897.01, 908.24, 921.83, 936.60,99999.00,99999.00,99999.00,99999.00,99999.00,99999.00,99999.00,99999.00,99999.00,99999.00,99999.00,99999.00,99999.00,99999.00,99999.00,99999.00,99999.00,99999.00,99999.00,99999.00,99999.00,99999.00,99999.00,99999.00,99999.00,99999.00,99999.00,99999.00,99999.00,99999.00,99999.00,99999.00,99999.00,99999.00,99999.00,99999.00,99999.00,99999.00
99999.00,99999.00,99999.00,99999.00,99999.00,99999.00,99999.00,99999.00,99999.00,99999.00,99999.00,99999.00,99999.00,99999.00,99999.00,99999.00,99999.00,99999.00,99999.00,99999.00,99999.00,99999.00,99999.00,99999.00,99999.00,99999.00,99999.00,99999.00,99999.00,99999.00,99999.00,99999.00,99999.00,99999.00,99999.00,99999.00,99999.00,99999.00,99999.00,99999.00,99999.00,99999.00,99999.00,99999.00,99999.00,99999.00,99999.00,99999.00,99999.00,99999.00,99999.00,99999.00,99999.00,99999.00,99999.00,99999.00, 489.33, 474.80, 461.50, 449.14, 437.51, 426.50, 415.99, 405.92, 396.22, 386.85, 377.77, 368.96, 360.38, 352.02, 343.85, 335.86, 328.03, 320.36, 312.83, 305.44, 298.16, 291.01, 283.96, 277.02, 270.17, 263.42, 256.70, 249.94, 243.09, 236.16, 229.14, 222.03, 214.81, 207.50, 200.08, 192.55, 184.91, 177.33, 170.17, 163.13, 156.13, 149.12, 142.01, 134.76, 127.49, 120.16, 113.42, 107.11, 101.05,  99.26,  97.56,  95.84,  93.96,  94.01,  94.11,  94.33,  94.71,  95.26,  96.32,  97.97,  99.89, 102.12, 104.50, 107.05, 109.80, 112.77, 115.98, 119.49, 123.30, 127.37, 131.73, 137.40, 144.61, 153.26, 164.80, 178.59, 194.94, 212.77, 232.81, 254.70,99999.00,99999.00,99999.00,99999.00,99999.00,99999.00,99999.00,99999.00,99999.00,99999.00,99999.00,99999.00,99999.00,99999.00,99999.00,99999.00,99999.00,99999.00,99999.00,99999.00,99999.00,99999.00,99999.00,99999.00,99999.00,99999.00,99999.00,99999.00,99999.00,99999.00,99999.00,99999.00,99999.00,99999.00,99999.00,99999.00,99999.00,99999.00,99999.00,99999.00,99999.00,99999.00,99999.00,99999.00,99999.00,99999.00,99999.00,99999.00,99999.00,99999.00,99999.00,99999.00,99999.00,99999.00,99999.00,99999.00,99999.00,99999.00,99999.00,99999.00,99999.00,99999.00,99999.00,99999.00
99999.00,99999.00,99999.00,99999.00,99999.00,99999.00,99999.00,99999.00,99999.00,99999.00,99999.00,99999.00,99999.00,99999.00,99999.00,99999.00,99999.00,99999.00,99999.00,99999.00,99999.00,99999.00,99999.00,99999.00,99999.00,99999.00,99999.00,99999.00,99999.00,99999.00,99999.00,99999.00,99999.00,99999.00,99999.00,99999.00,99999.00,99999.00,99999.00,99999.00,99999.00,99999.00,99999.00,99999.00,99999.00,99999.00,99999.00,99999.00,99999.00,99999.00,99999.00,99999.00,99999.00,99999.00,99999.00,99999.00, 492.99, 478.34, 464.92, 452.44, 440.70, 429.56, 418.93, 408.74, 398.92, 389.43, 380.24, 371.30, 362.61, 354.12, 345.83, 337.73, 329.78, 321.99, 314.34, 306.83, 299.44, 292.16, 285.00, 277.93, 270.97, 264.08, 257.20, 250.28, 243.28, 236.18, 228.99, 221.70, 214.31, 206.81, 199.20, 191.48, 183.63, 175.65, 167.54, 159.58, 152.01, 144.57, 137.17, 129.76, 122.24, 114.59, 106.93,  99.97,  93.46,  89.40,  87.62,  85.86,  83.95,  84.00,  84.02,  84.12,  84.37,  84.78,  85.65,  87.06,  88.73,  90.68,  92.78,  95.02,  97.44, 100.05, 102.88, 105.97, 109.34, 113.03, 117.38, 123.19, 130.48, 140.14, 152.84, 167.97, 185.65, 205.07,99999.00,99999.00,99999.00,99999.00,99999.00,99999.00,99999.00,99999.00,99999.00,99999.00,99999.00,99999.00,99999.00,99999.00,99999.00,99999.00,99999.00,99999.00,99999.00,99999.00,99999.00,99999.00,99999.00,99999.00,99999.00,99999.00,99999.00,99999.00,99999.00,99999.00,99999.00,99999.00,99999.00,99999.00,99999.00,99999.00,99999.00,99999.00,99999.00,99999.00,99999.00,99999.00,99999.00,99999.00,99999.00,99999.00,99999.00,99999.00,99999.00,99999.00,99999.00,99999.00,99999.00,99999.00,99999.00,99999.00,99999.00,99999.00,99999.00,99999.00,99999.00,99999.00,99999.00,99999.00,99999.00,99999.00
99999.00,99999.00,99999.00,99999.00,99999.00,99999.00,99999.00,99999.00,99999.00,99999.00,99999.00,99999.00,99999.00,99999.00,99999.00,99999.00,99999.00,99999.00,99999.00,99999.00,99999.00,99999.00,99999.00,99999.00,99999.00,99999.00,99999.00,99999.00,99999.00,99999.00,99999.00,99999.00,99999.00,99999.00,99999.00,99999.00,99999.00,99999.00,99999.00,99999.00,99999.00,99999.00,99999.00,99999.00,99999.00,99999.00,99999.00,99999.00,99999.00,99999.00,99999.00,99999.00,99999.00,99999.00,99999.00,99999.00, 496.80, 482.03, 468.48, 455.87, 444.00, 432.74, 421.99, 411.67, 401.74, 392.15, 382.87, 373.85, 365.09, 356.54, 348.20, 340.04, 332.02, 324.11, 316.33, 308.69, 301.17, 293.77, 286.48, 279.29, 272.20, 265.16, 258.12, 251.04, 243.86, 236.60, 229.23, 221.77, 214.19, 206.50, 198.70, 190.77, 182.71, 174.51, 166.17, 157.68, 149.02, 140.63, 132.64, 124.76, 116.92, 109.08, 101.14,  93.08,  85.90,  79.21,  77.35,  75.54,  73.62,  73.65,  73.67,  73.67,  73.79,  74.06,  74.75,  75.91,  77.32,  79.00,  80.80,  82.73,  84.81,  87.06,  89.50,  92.16,  95.06,  98.26, 102.70, 108.60, 115.83, 127.46, 141.37, 158.21, 176.65, 197.46,99999.00,99999.00,99999.00,99999.00,99999.00,99999.00,99999.00,99999.00,99999.00,99999.00,99999.00,99999.00,99999.00,99999.00,99999.00,99999.00,99999.00,99999.00,99999.00,99999.00,99999.00,99999.00,99999.00,99999.00,99999.00,99999.00,99999.00,99999.00,99999.00,99999.00,99999.00,99999.00,99999.00,99999.00,99999.00,99999.00,99999.00,99999.00,99999.00,99999.00,99999.00,99999.00,99999.00,99999.00,99999.00,99999.00,99999.00,99999.00,99999.00,99999.00,99999.00,99999.00,99999.00,99999.00,99999.00,99999.00,99999.00,99999.00,99999.00,99999.00,99999.00,99999.00,99999.00,99999.00,99999.00,99999.00
99999.00,99999.00,99999.00,99999.00,99999.00,99999.00,99999.00,99999.00,99999.00,99999.00,99999.00,99999.00,99999.00,99999.00,99999.00,99999.00,99999.00,99999.00,99999.00,99999.00,99999.00,99999.00,99999.00,99999.00,99999.00,99999.00,99999.00,99999.00,99999.00,99999.00,99999.00,99999.00,99999.00,99999.00,99999.00,99999.00,99999.00,99999.00,99999.00,99999.00,99999.00,99999.00,99999.00,99999.00,99999.00,99999.00,99999.00,99999.00,99999.00,99999.00,99999.00,99999.00,99999.00,99999.00,99999.00,99999.00, 500.73, 485.81, 472.14, 459.39, 447.39, 436.00, 425.11, 414.68, 404.66, 395.00, 385.64, 376.57, 367.75, 359.15, 350.74, 342.45, 334.33, 326.37, 318.56, 310.88, 303.33, 295.90, 288.51, 281.18, 273.96, 266.75, 259.55, 252.30, 244.95, 237.51, 229.97, 222.32, 214.56, 206.67, 198.67, 190.53, 182.25, 173.83, 165.25, 156.51, 147.59, 138.50, 129.20, 120.34, 111.87, 103.53,  95.22,  86.92,  78.54,  71.14,  66.70,  64.83,  62.89,  62.91,  62.93,  62.93,  62.93,  63.06,  63.56,  64.48,  65.62,  67.03,  68.53,  70.14,  71.88,  73.75,  75.79,  78.02,  80.45,  83.13,  87.64,  93.55, 102.51, 115.29, 130.80, 148.55, 168.31,99999.00,99999.00,99999.00,99999.00,99999.00,99999.00,99999.00,99999.00,99999.00,99999.00,99999.00,99999.00,99999.00,99999.00,99999.00,99999.00,99999.00,99999.00,99999.00,99999.00,99999.00,99999.00,99999.00,99999.00,99999.00,99999.00,99999.00,99999.00,99999.00,99999.00,99999.00,99999.00,99999.00,99999.00,99999.00,99999.00,99999.00,99999.00,99999.00,99999.00,99999.00,99999.00,99999.00,99999.00,99999.00,99999.00,99999.00,99999.00,99999.00,99999.00,99999.00,99999.00,99999.00,99999.00,99999.00,99999.00,99999.00,99999.00,99999.00,99999.00,99999.00,99999.00,99999.00,99999.00,99999.00,99999.00,99999.00
99999.00,99999.00,99999.00,99999.00,99999.00,99999.00,99999.00,99999.00,99999.00,99999.00,99999.00,99999.00,99999.00,99999.00,99999.00,99999.00,99999.00,99999.00,99999.00,99999.00,99999.00,99999.00,99999.00,99999.00,99999.00,99999.00,99999.00,99999.00,99999.00,99999.00,99999.00,99999.00,99999.00,99999.00,99999.00,99999.00,99999.00,99999.00,99999.00,99999.00,99999.00,99999.00,99999.00,99999.00,99999.00,99999.00,99999.00,99999.00,99999.00,99999.00,99999.00,99999.00,99999.00,99999.00,99999.00,99999.00, 504.78, 489.73, 475.90, 463.02, 450.88, 439.34, 428.35, 417.85, 407.76, 398.03, 388.62, 379.49, 370.60, 361.88, 353.36, 345.03, 336.88, 328.88, 321.03, 313.32, 305.67, 298.10, 290.65, 283.27, 276.04, 268.79, 261.55, 254.21, 246.69, 239.07, 231.34, 223.50, 215.54, 207.46, 199.25, 190.90, 182.40, 173.74, 164.92, 155.92, 146.73, 137.35, 127.76, 117.94, 107.88,  98.50,  89.51,  80.64,  71.83,  63.20,  55.58,  53.65,  51.69,  51.71,  51.72,  51.72,  51.72,  51.72,  52.03,  52.70,  53.58,  54.70,  55.91,  57.20,  58.59,  60.09,  61.72,  63.51,  65.45,  67.60,  72.16,  77.97,  89.73, 104.07, 121.10, 139.78, 160.51,99999.00,99999.00,99999.00,99999.00,99999.00,99999.00,99999.00,99999.00,99999.00,99999.00,99999.00,99999.00,99999.00,99999.00,99999.00,99999.00,99999.00,99999.00,99999.00,99999.00,99999.00,99999.00,99999.00,99999.00,99999.00,99999.00,99999.00,99999.00,99999.00,99999.00,99999.00,99999.00,99999.00,99999.00,99999.00,99999.00,99999.00,99999.00,99999.00,99999.00,99999.00,99999.00,99999.00,99999.00,99999.00,99999.00,99999.00,99999.00,99999.00,99999.00,99999.00,99999.00,99999.00,99999.00,99999.00,99999.00,99999.00,99999.00,99999.00,99999.00,99999.00,99999.00,99999.00,99999.00,99999.00,99999.00,99999.00
99999.00,99999.00,99999.00,99999.00,99999.00,99999.00,99999.00,99999.00,99999.00,99999.00,99999.00,99999.00,99999.00,99999.00,99999.00,99999.00,99999.00,99999.00,99999.00,99999.00,99999.00,99999.00,99999.00,99999.00,99999.00,99999.00,99999.00,99999.00,99999.00,99999.00,99999.00,99999.00,99999.00,99999.00,99999.00,99999.00,99999.00,99999.00,99999.00,99999.00,99999.00,99999.00,99999.00,99999.00,99999.00,99999.00,99999.00,99999.00,99999.00,99999.00,99999.00,99999.00,99999.00,99999.00,99999.00,99999.00, 508.99, 493.78, 479.81, 466.78, 454.48, 442.84, 431.78, 421.21, 411.07, 401.29, 391.81, 382.56, 373.57, 364.80, 356.24, 347.87, 339.68, 331.65, 323.71, 315.86, 308.15, 300.52, 293.07, 285.70, 278.44, 271.10, 263.69, 256.29, 248.80, 241.20, 233.50, 225.53, 217.38, 209.09, 200.67, 192.10, 183.37, 174.48, 165.41, 156.15, 146.68, 137.00, 127.08, 116.91, 106.49,  95.78,  84.80,  74.82,  65.24,  55.81,  46.91,  41.92,  39.94,  39.96,  39.96,  39.96,  39.96,  39.96,  40.08,  40.50,  41.12,  41.96,  42.86,  43.83,  44.87,  46.00,  47.22,  48.56,  50.02,  51.63,  56.19,  64.57,  77.92,  94.38, 112.28, 132.10, 153.94,99999.00,99999.00,99999.00,99999.00,99999.00,99999.00,99999.00,99999.00,99999.00,99999.00,99999.00,99999.00,99999.00,99999.00,99999.00,99999.00,99999.00,99999.00,99999.00,99999.00,99999.00,99999.00,99999.00,99999.00,99999.00,99999.00,99999.00,99999.00,99999.00,99999.00,99999.00,99999.00,99999.00,99999.00,99999.00,99999.00,99999.00,99999.00,99999.00,99999.00,99999.00,99999.00,99999.00,99999.00,99999.00,99999.00,99999.00,99999.00,99999.00,99999.00,99999.00,99999.00,99999.00,99999.00,99999.00,99999.00,99999.00,99999.00,99999.00,99999.00,99999.00,99999.00,99999.00,99999.00,99999.00,99999.00,99999.00
99999.00,99999.00,99999.00,99999.00,99999.00,99999.00,99999.00,99999.00,99999.00,99999.00,99999.00,99999.00,99999.00,99999.00,99999.00,99999.00,99999.00,99999.00,99999.00,99999.00,99999.00,99999.00,99999.00,99999.00,99999.00,99999.00,99999.00,99999.00,99999.00,99999.00,99999.00,99999.00,99999.00,99999.00,99999.00,99999.00,99999.00,99999.00,99999.00,99999.00,99999.00,99999.00,99999.00,99999.00,99999.00,99999.00,99999.00,99999.00,99999.00,99999.00,99999.00,99999.00,99999.00,99999.00,99999.00,99999.00, 513.38, 498.01, 483.88, 470.69, 458.27, 446.57, 435.45, 424.83, 414.62, 404.72, 395.13, 385.84, 376.80, 368.00, 359.41, 351.01, 342.72, 334.56, 326.54, 318.64, 310.92, 303.31, 295.83, 288.41, 280.99, 273.59, 266.22, 258.85, 251.39, 243.67, 235.78, 227.78, 219.66, 211.41, 203.03, 194.49, 185.53, 176.39, 167.07, 157.54, 147.79, 137.80, 127.56, 117.03, 106.21,  95.06,  83.57,  71.73,  59.54,  48.88,  38.68,  29.53,  27.53,  27.54,  27.54,  27.54,  27.54,  27.54,  27.61,  27.79,  28.14,  28.70,  29.30,  29.95,  30.64,  31.39,  32.21,  33.10,  34.07,  35.15,  39.60,  52.11,  68.31,  86.01, 106.09, 127.06, 149.21,99999.00,99999.00,99999.00,99999.00,99999.00,99999.00,99999.00,99999.00,99999.00,99999.00,99999.00,99999.00,99999.00,99999.00,99999.00,99999.00,99999.00,99999.00,99999.00,99999.00,99999.00,99999.00,99999.00,99999.00,99999.00,99999.00,99999.00,99999.00,99999.00,99999.00,99999.00,99999.00,99999.00,99999.00,99999.00,99999.00,99999.00,99999.00,99999.00,99999.00,99999.00,99999.00,99999.00,99999.00,99999.00,99999.00,99999.00,99999.00,99999.00,99999.00,99999.00,99999.00,99999.00,99999.00,99999.00,99999.00,99999.00,99999.00,99999.00,99999.00,99999.00,99999.00,99999.00,99999.00,99999.00,99999.00,99999.00
99999.00,99999.00,99999.00,99999.00,99999.00,99999.00,99999.00,99999.00,99999.00,99999.00,99999.00,99999.00,99999.00,99999.00,99999.00,99999.00,99999.00,99999.00,99999.00,99999.00,99999.00,99999.00,99999.00,99999.00,99999.00,99999.00,99999.00,99999.00,99999.00,99999.00,99999.00,99999.00,99999.00,99999.00,99999.00,99999.00,99999.00,99999.00,99999.00,99999.00,99999.00,99999.00,99999.00,99999.00,99999.00,99999.00,99999.00,99999.00,99999.00,99999.00,99999.00,99999.00,99999.00,99999.00,99999.00,99999.00, 518.00, 502.46, 488.16, 474.80, 462.33, 450.57, 439.39, 428.64, 418.32, 408.38, 398.75, 389.42, 380.35, 371.52, 362.83, 354.29, 345.94, 337.72, 329.70, 321.81, 314.07, 306.40, 298.75, 291.33, 283.94, 276.59, 269.25, 261.76, 254.12, 246.38, 238.53, 230.58, 222.51, 214.29, 205.70, 196.95, 188.04, 178.96, 169.70, 160.24, 150.58, 140.29, 129.71, 118.82, 107.59,  95.99,  83.98,  71.53,  58.63,  45.28,  31.52,  20.19,  14.30,  14.30,  14.30,  14.30,  14.30,  14.30,  14.34,  14.42,  14.51,  14.79,  15.09,  15.42,  15.76,  16.14,  16.54,  16.99,  17.48,  18.02,  26.29,  42.67,  62.20,  82.19, 102.77, 124.12, 146.57,99999.00,99999.00,99999.00,99999.00,99999.00,99999.00,99999.00,99999.00,99999.00,99999.00,99999.00,99999.00,99999.00,99999.00,99999.00,99999.00,99999.00,99999.00,99999.00,99999.00,99999.00,99999.00,99999.00,99999.00,99999.00,99999.00,99999.00,99999.00,99999.00,99999.00,99999.00,99999.00,99999.00,99999.00,99999.00,99999.00,99999.00,99999.00,99999.00,99999.00,99999.00,99999.00,99999.00,99999.00,99999.00,99999.00,99999.00,99999.00,99999.00,99999.00,99999.00,99999.00,99999.00,99999.00,99999.00,99999.00,99999.00,99999.00,99999.00,99999.00,99999.00,99999.00,99999.00,99999.00,99999.00,99999.00,99999.00
99999.00,99999.00,99999.00,99999.00,99999.00,99999.00,99999.00,99999.00,99999.00,99999.00,99999.00,99999.00,99999.00,99999.00,99999.00,99999.00,99999.00,99999.00,99999.00,99999.00,99999.00,99999.00,99999.00,99999.00,99999.00,99999.00,99999.00,99999.00,99999.00,99999.00,99999.00,99999.00,99999.00,99999.00,99999.00,99999.00,99999.00,99999.00,99999.00,99999.00,99999.00,99999.00,99999.00,99999.00,99999.00,99999.00,99999.00,99999.00,99999.00,99999.00,99999.00,99999.00,99999.00,99999.00,99999.00,99999.00, 522.83, 507.11, 492.63, 479.21, 466.67, 454.79, 443.50, 432.71, 422.36, 412.37, 402.71, 393.35, 384.18, 375.21, 366.46, 357.87, 349.51, 341.30, 333.26, 325.32, 317.41, 309.74, 302.15, 294.76, 287.42, 279.95, 272.43, 264.93, 257.33, 249.64, 241.85, 233.94, 225.66, 217.26, 208.73, 200.05, 191.22, 182.24, 173.09, 163.38, 153.42, 143.22, 132.76, 122.01, 110.96,  99.52,  86.97,  73.88,  60.22,  45.94,  31.06,  15.68,   0.00,   0.00,   0.00,   0.00,   0.00,   0.00,   0.00,   0.00,   0.00,   0.00,   0.00,   0.00,   0.00,   0.00,   0.00,   0.00,   0.00,   0.00,  19.78,  39.93,  60.34,  81.03, 102.13, 123.87, 146.59,99999.00,99999.00,99999.00,99999.00,99999.00,99999.00,99999.00,99999.00,99999.00,99999.00,99999.00,99999.00,99999.00,99999.00,99999.00,99999.00,99999.00,99999.00,99999.00,99999.00,99999.00,99999.00,99999.00,99999.00,99999.00,99999.00,99999.00,99999.00,99999.00,99999.00,99999.00,99999.00,99999.00,99999.00,99999.00,99999.00,99999.00,99999.00,99999.00,99999.00,99999.00,99999.00,99999.00,99999.00,99999.00,99999.00,99999.00,99999.00,99999.00,99999.00,99999.00,99999.00,99999.00,99999.00,99999.00,99999.00,99999.00,99999.00,99999.00,99999.00,99999.00,99999.00,99999.00,99999.00,99999.00,99999.00,99999.00
99999.00,99999.00,99999.00,99999.00,99999.00,99999.00,99999.00,99999.00,99999.00,99999.00,99999.00,99999.00,99999.00,99999.00,99999.00,99999.00,99999.00,99999.00,99999.00,99999.00,99999.00,99999.00,99999.00,99999.00,99999.00,99999.00,99999.00,99999.00,99999.00,99999.00,99999.00,99999.00,99999.00,99999.00,99999.00,99999.00,99999.00,99999.00,99999.00,99999.00,99999.00,99999.00,99999.00,99999.00,99999.00,99999.00,99999.00,99999.00,99999.00,99999.00,99999.00,99999.00,99999.00,99999.00,99999.00,99999.00, 527.96, 512.05, 497.41, 483.87, 471.23, 459.30, 447.98, 437.15, 426.76, 416.74, 406.99, 397.49, 388.25, 379.23, 370.47, 361.89, 353.50, 345.25, 337.04, 329.09, 321.24, 313.61, 306.10, 298.59, 291.08, 283.59, 276.12, 268.67, 261.14, 253.50, 245.51, 237.41, 229.21, 220.89, 212.44, 203.87, 195.18, 185.95, 176.54, 166.94, 157.15, 147.14, 136.93, 126.44, 114.97, 103.14,  90.93,  78.31,  65.31,  51.93,99999.00,99999.00,99999.00,99999.00,99999.00,99999.00,99999.00,99999.00,99999.00,99999.00,99999.00,99999.00,99999.00,99999.00,99999.00,99999.00,99999.00,99999.00,99999.00,99999.00,99999.00,99999.00,  67.84,  87.93, 108.73, 130.46, 153.41,99999.00,99999.00,99999.00,99999.00,99999.00,99999.00,99999.00,99999.00,99999.00,99999.00,99999.00,99999.00,99999.00,99999.00,99999.00,99999.00,99999.00,99999.00,99999.00,99999.00,99999.00,99999.00,99999.00,99999.00,99999.00,99999.00,99999.00,99999.00,99999.00,99999.00,99999.00,99999.00,99999.00,99999.00,99999.00,99999.00,99999.00,99999.00,99999.00,99999.00,99999.00,99999.00,99999.00,99999.00,99999.00,99999.00,99999.00,99999.00,99999.00,99999.00,99999.00,99999.00,99999.00,99999.00,99999.00,99999.00,99999.00,99999.00,99999.00,99999.00,99999.00,99999.00,99999.00,99999.00,99999.00,99999.00,99999.00
99999.00,99999.00,99999.00,99999.00,99999.00,99999.00,99999.00,99999.00,99999.00,99999.00,99999.00,99999.00,99999.00,99999.00,99999.00,99999.00,99999.00,99999.00,99999.00,99999.00,99999.00,99999.00,99999.00,99999.00,99999.00,99999.00,99999.00,99999.00,99999.00,99999.00,99999.00,99999.00,99999.00,99999.00,99999.00,99999.00,99999.00,99999.00,99999.00,99999.00,99999.00,99999.00,99999.00,99999.00,99999.00,99999.00,99999.00,99999.00,99999.00,99999.00,99999.00,99999.00,99999.00,99999.00,99999.00,99999.00, 533.32, 517.19, 502.45, 488.87, 476.18, 464.22, 452.86, 442.00, 431.51, 421.36, 411.54, 401.98, 392.75, 383.73, 374.94, 366.31, 357.76, 349.50, 341.35, 333.45, 325.67, 317.92, 310.25, 302.73, 295.27, 287.84, 280.44, 273.04, 265.30, 257.48, 249.57, 241.56, 233.45, 225.25, 216.94, 208.14, 199.20, 190.11, 180.87, 171.49, 161.98, 152.27, 141.71, 130.92, 119.91, 108.72,  97.42,  86.12,  75.16,99999.00,99999.00,99999.00,99999.00,99999.00,99999.00,99999.00,99999.00,99999.00,99999.00,99999.00,99999.00,99999.00,99999.00,99999.00,99999.00,99999.00,99999.00,99999.00,99999.00,99999.00,99999.00,99999.00,99999.00,  99.35, 117.37, 138.06, 160.44,99999.00,99999.00,99999.00,99999.00,99999.00,99999.00,99999.00,99999.00,99999.00,99999.00,99999.00,99999.00,99999.00,99999.00,99999.00,99999.00,99999.00,99999.00,99999.00,99999.00,99999.00,99999.00,99999.00,99999.00,99999.00,99999.00,99999.00,99999.00,99999.00,99999.00,99999.00,99999.00,99999.00,99999.00,99999.00,99999.00,99999.00,99999.00,99999.00,99999.00,99999.00,99999.00,99999.00,99999.00,99999.00,99999.00,99999.00,99999.00,99999.00,99999.00,99999.00,99999.00,99999.00,99999.00,99999.00,99999.00,99999.00,99999.00,99999.00,99999.00,99999.00,99999.00,99999.00,99999.00,99999.00,99999.00,99999.00
99999.00,99999.00,99999.00,99999.00,99999.00,99999.00,99999.00,99999.00,99999.00,99999.00,99999.00,99999.00,99999.00,99999.00,99999.00,99999.00,99999.00,99999.00,99999.00,99999.00,99999.00,99999.00,99999.00,99999.00,99999.00,99999.00,99999.00,99999.00,99999.00,99999.00,99999.00,99999.00,99999.00,99999.00,99999.00,99999.00,99999.00,99999.00,99999.00,99999.00,99999.00,99999.00,99999.00,99999.00,99999.00,99999.00,99999.00,99999.00,99999.00,99999.00,99999.00,99999.00,99999.00,99999.00,99999.00,99999.00, 539.03, 522.69, 507.92, 494.30, 481.58, 469.58, 458.12, 447.13, 436.57, 426.37, 416.54, 407.00, 397.74, 388.67, 379.72, 371.08, 362.60, 354.37, 346.30, 338.27, 330.34, 322.58, 314.97, 307.51, 300.11, 292.73, 285.14, 277.56, 269.91, 262.17, 254.36, 246.47, 238.51, 230.08, 221.53, 212.87, 204.11, 195.25, 186.32, 177.25, 167.41, 157.44, 147.37, 137.28, 127.28, 117.30, 107.22,  97.82,99999.00,99999.00,99999.00,99999.00,99999.00,99999.00,99999.00,99999.00,99999.00,99999.00,99999.00,99999.00,99999.00,99999.00,99999.00,99999.00,99999.00,99999.00,99999.00,99999.00,99999.00,99999.00,99999.00,99999.00,99999.00,99999.00, 131.26, 149.38, 169.28,99999.00,99999.00,99999.00,99999.00,99999.00,99999.00,99999.00,99999.00,99999.00,99999.00,99999.00,99999.00,99999.00,99999.00,99999.00,99999.00,99999.00,99999.00,99999.00,99999.00,99999.00,99999.00,99999.00,99999.00,99999.00,99999.00,99999.00,99999.00,99999.00,99999.00,99999.00,99999.00,99999.00,99999.00,99999.00,99999.00,99999.00,99999.00,99999.00,99999.00,99999.00,99999.00,99999.00,99999.00,99999.00,99999.00,99999.00,99999.00,99999.00,99999.00,99999.00,99999.00,99999.00,99999.00,99999.00,99999.00,99999.00,99999.00,99999.00,99999.00,99999.00,99999.00,99999.00,99999.00,99999.00,99999.00,99999.00
99999.00,99999.00,99999.00,99999.00,99999.00,99999.00,99999.00,99999.00,99999.00,99999.00,99999.00,99999.00,99999.00,99999.00,99999.00,99999.00,99999.00,99999.00,99999.00,99999.00,99999.00,99999.00,99999.00,99999.00,99999.00,99999.00,99999.00,99999.00,99999.00,99999.00,99999.00,99999.00,99999.00,99999.00,99999.00,99999.00,99999.00,99999.00,99999.00,99999.00,99999.00,99999.00,99999.00,99999.00,99999.00,99999.00,99999.00,99999.00,99999.00,99999.00,99999.00,99999.00,99999.00,99999.00,99999.00,99999.00, 545.07, 528.69, 513.88, 500.23, 487.41, 475.28, 463.75, 452.71, 442.15, 431.95, 422.10, 412.51, 403.08, 394.00, 385.12, 376.52, 368.10, 359.76, 351.53, 343.49, 335.62, 327.87, 320.33, 312.92, 305.39, 297.83, 290.32, 282.83, 275.28, 267.66, 259.99, 251.88, 243.67, 235.39, 227.03, 218.61, 210.15, 201.61, 192.36, 183.03, 173.70, 164.45, 155.07, 145.79, 136.66, 127.63, 119.54, 112.22,99999.00,99999.00,99999.00,99999.00,99999.00,99999.00,99999.00,99999.00,99999.00,99999.00,99999.00,99999.00,99999.00,99999.00,99999.00,99999.00,99999.00,99999.00,99999.00,99999.00,99999.00,99999.00,99999.00,99999.00,99999.00,99999.00, 150.22, 163.35, 182.18,99999.00,99999.00,99999.00,99999.00,99999.00,99999.00,99999.00,99999.00,99999.00,99999.00,99999.00,99999.00,99999.00,99999.00,99999.00,99999.00,99999.00,99999.00,99999.00,99999.00,99999.00,99999.00,99999.00,99999.00,99999.00,99999.00,99999.00,99999.00,99999.00,99999.00,99999.00,99999.00,99999.00,99999.00,99999.00,99999.00,99999.00,99999.00,99999.00,99999.00,99999.00,99999.00,99999.00,99999.00,99999.00,99999.00,99999.00,99999.00,99999.00,99999.00,99999.00,99999.00,99999.00,99999.00,99999.00,99999.00,99999.00,99999.00,99999.00,99999.00,99999.00,99999.00,99999.00,99999.00,99999.00,99999.00,99999.00
99999.00,99999.00,99999.00,99999.00,99999.00,99999.00,99999.00,99999.00,99999.00,99999.00,99999.00,99999.00,99999.00,99999.00,99999.00,99999.00,99999.00,99999.00,99999.00,99999.00,99999.00,99999.00,99999.00,99999.00,99999.00,99999.00,99999.00,99999.00,99999.00,99999.00,99999.00,99999.00,99999.00,99999.00,99999.00,99999.00,99999.00,99999.00,99999.00,99999.00,99999.00,99999.00,99999.00,99999.00,99999.00,99999.00,99999.00,99999.00,99999.00,99999.00,99999.00,99999.00,99999.00,99999.00,99999.00,99999.00, 551.65, 535.24, 520.33, 506.54, 493.66, 481.48, 469.95, 458.90, 448.32, 438.07, 428.06, 418.46, 409.09, 400.00, 391.15, 382.50, 373.94, 365.51, 357.29, 349.24, 341.33, 333.63, 326.13, 318.59, 311.03, 303.53, 296.13, 288.73, 281.28, 273.69, 265.78, 257.81, 249.79, 241.66, 233.49, 225.31, 216.81, 208.02, 199.20, 190.28, 181.50, 172.65, 163.99, 155.58, 147.40, 140.14, 132.83, 129.11,99999.00,99999.00,99999.00,99999.00,99999.00,99999.00,99999.00,99999.00,99999.00,99999.00,99999.00,99999.00,99999.00,99999.00,99999.00,99999.00,99999.00,99999.00,99999.00,99999.00,99999.00,99999.00,99999.00,99999.00,99999.00,99999.00, 172.90, 181.77, 195.96,99999.00,99999.00,99999.00,99999.00,99999.00,99999.00,99999.00,99999.00,99999.00,99999.00,99999.00,99999.00,99999.00,99999.00,99999.00,99999.00,99999.00,99999.00,99999.00,99999.00,99999.00,99999.00,99999.00,99999.00,99999.00,99999.00,99999.00,99999.00,99999.00,99999.00,99999.00,99999.00,99999.00,99999.00,99999.00,99999.00,99999.00,99999.00,99999.00,99999.00,99999.00,99999.00,99999.00,99999.00,99999.00,99999.00,99999.00,99999.00,99999.00,99999.00,99999.00,99999.00,99999.00,99999.00,99999.00,99999.00,99999.00,99999.00,99999.00,99999.00,99999.00,99999.00,99999.00,99999.00,99999.00,99999.00,99999.00
99999.00,99999.00,99999.00,99999.00,99999.00,99999.00,99999.00,99999.00,99999.00,99999.00,99999.00,99999.00,99999.00,99999.00,99999.00,99999.00,99999.00,99999.00,99999.00,99999.00,99999.00,99999.00,99999.00,99999.00,99999.00,99999.00,99999.00,99999.00,99999.00,99999.00,99999.00,99999.00,99999.00,99999.00,99999.00,99999.00,99999.00,99999.00,99999.00,99999.00,99999.00,99999.00,99999.00,99999.00,99999.00,99999.00,99999.00,99999.00,99999.00,99999.00,99999.00,99999.00,99999.00,99999.00,99999.00,99999.00, 558.78, 542.23, 527.26, 513.42, 500.53, 488.35, 476.80, 465.71, 454.96, 444.66, 434.69, 424.99, 415.60, 406.47, 397.57, 388.77, 380.12, 371.70, 363.46, 355.38, 347.52, 339.86, 332.23, 324.66, 317.16, 309.77, 302.46, 295.17, 287.74, 280.00, 272.22, 264.40, 256.49, 248.56, 240.63, 232.40, 223.91, 215.44, 206.88, 198.51, 190.13, 182.00, 174.20, 166.74, 159.57, 153.14, 147.91, 146.30,99999.00,99999.00,99999.00,99999.00,99999.00,99999.00,99999.00,99999.00,99999.00,99999.00,99999.00,99999.00,99999.00,99999.00,99999.00,99999.00,99999.00,99999.00,99999.00,99999.00,99999.00,99999.00,99999.00,99999.00,99999.00,99999.00, 195.46, 200.44, 214.17,99999.00,99999.00,99999.00,99999.00,99999.00,99999.00,99999.00,99999.00,99999.00,99999.00,99999.00,99999.00,99999.00,99999.00,99999.00,99999.00,99999.00,99999.00,99999.00,99999.00,99999.00,99999.00,99999.00,99999.00,99999.00,99999.00,99999.00,99999.00,99999.00,99999.00,99999.00,99999.00,99999.00,99999.00,99999.00,99999.00,99999.00,99999.00,99999.00,99999.00,99999.00,99999.00,99999.00,99999.00,99999.00,99999.00,99999.00,99999.00,99999.00,99999.00,99999.00,99999.00,99999.00,99999.00,99999.00,99999.00,99999.00,99999.00,99999.00,99999.00,99999.00,99999.00,99999.00,99999.00,99999.00,99999.00,99999.00
99999.00,99999.00,99999.00,99999.00,99999.00,99999.00,99999.00,99999.00,99999.00,99999.00,99999.00,99999.00,99999.00,99999.00,99999.00,99999.00,99999.00,99999.00,99999.00,99999.00,99999.00,99999.00,99999.00,99999.00,99999.00,99999.00,99999.00,99999.00,99999.00,99999.00,99999.00,99999.00,99999.00,99999.00,99999.00,99999.00,99999.00,99999.00,99999.00,99999.00,99999.00,99999.00,99999.00,99999.00,99999.00,99999.00,99999.00,99999.00,99999.00,99999.00,99999.00,99999.00,99999.00,99999.00,99999.00,99999.00, 566.46, 549.86, 534.89, 521.05, 508.14, 495.90, 484.19, 472.92, 462.15, 451.77, 441.70, 431.97, 422.54, 413.36, 404.32, 395.43, 386.79, 378.35, 370.08, 362.04, 354.22, 346.44, 338.78, 331.26, 323.87, 316.58, 309.37, 302.10, 294.53, 286.93, 279.29, 271.58, 263.87, 256.17, 248.20, 239.99, 231.81, 223.59, 215.59, 207.63, 199.96, 192.69, 185.78, 178.74, 172.84, 167.19, 164.21, 163.84,99999.00,99999.00,99999.00,99999.00,99999.00,99999.00,99999.00,99999.00,99999.00,99999.00,99999.00,99999.00,99999.00,99999.00,99999.00,99999.00,99999.00,99999.00,99999.00,99999.00,99999.00,99999.00,99999.00,99999.00,99999.00,99999.00, 217.90, 222.76, 232.62,99999.00,99999.00,99999.00,99999.00,99999.00,99999.00,99999.00,99999.00,99999.00,99999.00,99999.00,99999.00,99999.00,99999.00,99999.00,99999.00,99999.00,99999.00,99999.00,99999.00,99999.00,99999.00,99999.00,99999.00,99999.00,99999.00,99999.00,99999.00,99999.00,99999.00,99999.00,99999.00,99999.00,99999.00,99999.00,99999.00,99999.00,99999.00,99999.00,99999.00,99999.00,99999.00,99999.00,99999.00,99999.00,99999.00,99999.00,99999.00,99999.00,99999.00,99999.00,99999.00,99999.00,99999.00,99999.00,99999.00,99999.00,99999.00,99999.00,99999.00,99999.00,99999.00,99999.00,99999.00,99999.00,99999.00,99999.00
99999.00,99999.00,99999.00,99999.00,99999.00,99999.00,99999.00,99999.00,99999.00,99999.00,99999.00,99999.00,99999.00,99999.00,99999.00,99999.00,99999.00,99999.00,99999.00,99999.00,99999.00,99999.00,99999.00,99999.00,99999.00,99999.00,99999.00,99999.00,99999.00,99999.00,99999.00,99999.00,99999.00,99999.00,99999.00,99999.00,99999.00,99999.00,99999.00,99999.00,99999.00,99999.00,99999.00,99999.00,99999.00,99999.00,99999.00,99999.00,99999.00,99999.00,99999.00,99999.00,99999.00,99999.00,99999.00,99999.00, 574.93, 558.34, 543.31, 529.35, 516.26, 503.83, 491.94, 480.64, 469.79, 459.31, 449.21, 439.45, 429.97, 420.64, 411.51, 402.63, 393.98, 385.50, 377.28, 369.28, 361.33, 353.52, 345.92, 338.52, 331.22, 324.03, 316.84, 309.43, 301.99, 294.52, 287.00, 279.49, 272.01, 264.28, 256.31, 248.42, 240.50, 232.83, 225.24, 217.98, 211.18, 204.28, 197.79, 191.75, 186.68, 182.93, 180.89, 181.75,99999.00,99999.00,99999.00,99999.00,99999.00,99999.00,99999.00,99999.00,99999.00,99999.00,99999.00,99999.00,99999.00,99999.00,99999.00,99999.00,99999.00,99999.00,99999.00,99999.00,99999.00,99999.00,99999.00,99999.00,99999.00,99999.00, 240.23, 244.95, 250.99,99999.00,99999.00,99999.00,99999.00,99999.00,99999.00,99999.00,99999.00,99999.00,99999.00,99999.00,99999.00,99999.00,99999.00,99999.00,99999.00,99999.00,99999.00,99999.00,99999.00,99999.00,99999.00,99999.00,99999.00,99999.00,99999.00,99999.00,99999.00,99999.00,99999.00,99999.00,99999.00,99999.00,99999.00,99999.00,99999.00,99999.00,99999.00,99999.00,99999.00,99999.00,99999.00,99999.00,99999.00,99999.00,99999.00,99999.00,99999.00,99999.00,99999.00,99999.00,99999.00,99999.00,99999.00,99999.00,99999.00,99999.00,99999.00,99999.00,99999.00,99999.00,99999.00,99999.00,99999.00,99999.00,99999.00,99999.00
99999.00,99999.00,99999.00,99999.00,99999.00,99999.00,99999.00,99999.00,99999.00,99999.00,99999.00,99999.00,99999.00,99999.00,99999.00,99999.00,99999.00,99999.00,99999.00,99999.00,99999.00,99999.00,99999.00,99999.00,99999.00,99999.00,99999.00,99999.00,99999.00,99999.00,99999.00,99999.00,99999.00,99999.00,99999.00,99999.00,99999.00,99999.00,99999.00,99999.00,99999.00,99999.00,99999.00,99999.00,99999.00,99999.00,99999.00,99999.00,99999.00,99999.00,99999.00,99999.00,99999.00,99999.00,99999.00,99999.00, 584.27, 567.50, 552.22, 538.07, 524.79, 512.18, 500.27, 488.89, 477.94, 467.43, 457.30, 447.48, 437.85, 428.44, 419.31, 410.42, 401.73, 393.31, 385.12, 376.99, 369.02, 361.26, 353.77, 346.46, 339.27, 332.10, 324.77, 317.48, 310.19, 302.84, 295.52, 288.24, 280.72, 272.99, 265.35, 257.71, 250.34, 243.08, 236.20, 229.41, 222.88, 216.81, 210.74, 205.97, 201.68, 199.10, 197.99, 200.08,99999.00,99999.00,99999.00,99999.00,99999.00,99999.00,99999.00,99999.00,99999.00,99999.00,99999.00,99999.00,99999.00,99999.00,99999.00,99999.00,99999.00,99999.00,99999.00,99999.00,99999.00,99999.00,99999.00,99999.00,99999.00,99999.00, 262.43, 267.01, 272.99,99999.00,99999.00,99999.00,99999.00,99999.00,99999.00,99999.00,99999.00,99999.00,99999.00,99999.00,99999.00,99999.00,99999.00,99999.00,99999.00,99999.00,99999.00,99999.00,99999.00,99999.00,99999.00,99999.00,99999.00,99999.00,99999.00,99999.00,99999.00,99999.00,99999.00,99999.00,99999.00,99999.00,99999.00,99999.00,99999.00,99999.00,99999.00,99999.00,99999.00,99999.00,99999.00,99999.00,99999.00,99999.00,99999.00,99999.00,99999.00,99999.00,99999.00,99999.00,99999.00,99999.00,99999.00,99999.00,99999.00,99999.00,99999.00,99999.00,99999.00,99999.00,99999.00,99999.00,99999.00,99999.00,99999.00,99999.00
99999.00,99999.00,99999.00,99999.00,99999.00,99999.00,99999.00,99999.00,99999.00,99999.00,99999.00,99999.00,99999.00,99999.00,99999.00,99999.00,99999.00,99999.00,99999.00,99999.00,99999.00,99999.00,99999.00,99999.00,99999.00,99999.00,99999.00,99999.00,99999.00,99999.00,99999.00,99999.00,99999.00,99999.00,99999.00,99999.00,99999.00,99999.00,99999.00,99999.00,99999.00,99999.00,99999.00,99999.00,99999.00,99999.00,99999.00,99999.00,99999.00,99999.00,99999.00,99999.00,99999.00,99999.00,99999.00,99999.00, 594.12, 577.09, 561.62, 547.29, 533.82, 521.19, 509.20, 497.72, 486.74, 476.20, 466.01, 456.05, 446.33, 436.93, 427.79, 418.86, 410.22, 401.83, 393.52, 385.37, 377.44, 369.80, 362.40, 355.20, 348.03, 340.71, 333.51, 326.37, 319.19, 312.04, 304.95, 297.63, 290.12, 282.71, 275.33, 268.24, 261.28, 254.54, 247.87, 241.72, 235.56, 229.91, 224.84, 220.90, 217.59, 215.75, 215.58, 218.90,99999.00,99999.00,99999.00,99999.00,99999.00,99999.00,99999.00,99999.00,99999.00,99999.00,99999.00,99999.00,99999.00,99999.00,99999.00,99999.00,99999.00,99999.00,99999.00,99999.00,99999.00,99999.00,99999.00,99999.00,99999.00,99999.00, 284.52, 288.94, 294.86,99999.00,99999.00,99999.00,99999.00,99999.00,99999.00,99999.00,99999.00,99999.00,99999.00,99999.00,99999.00,99999.00,99999.00,99999.00,99999.00,99999.00,99999.00,99999.00,99999.00,99999.00,99999.00,99999.00,99999.00,99999.00,99999.00,99999.00,99999.00,99999.00,99999.00,99999.00,99999.00,99999.00,99999.00,99999.00,99999.00,99999.00,99999.00,99999.00,99999.00,99999.00,99999.00,99999.00,99999.00,99999.00,99999.00,99999.00,99999.00,99999.00,99999.00,99999.00,99999.00,99999.00,99999.00,99999.00,99999.00,99999.00,99999.00,99999.00,99999.00,99999.00,99999.00,99999.00,99999.00,99999.00,99999.00,99999.00
99999.00,99999.00,99999.00,99999.00,99999.00,99999.00,99999.00,99999.00,99999.00,99999.00,99999.00,99999.00,99999.00,99999.00,99999.00,99999.00,99999.00,99999.00,99999.00,99999.00,99999.00,99999.00,99999.00,99999.00,99999.00,99999.00,99999.00,99999.00,99999.00,99999.00,99999.00,99999.00,99999.00,99999.00,99999.00,99999.00,99999.00,99999.00,99999.00,99999.00,99999.00,99999.00,99999.00,99999.00,99999.00,99999.00,99999.00,99999.00,99999.00,99999.00,99999.00,99999.00,99999.00,99999.00,99999.00,99999.00, 604.50, 587.29, 571.63, 557.12, 543.63, 530.91, 518.82, 507.31, 496.30, 485.70, 475.37, 465.32, 455.61, 446.20, 437.02, 428.14, 419.54, 411.02, 402.68, 394.58, 386.78, 379.22, 371.93, 364.75, 357.43, 350.25, 343.19, 336.17, 329.18, 322.27, 315.14, 307.83, 300.63, 293.48, 286.65, 279.89, 273.11, 266.75, 260.55, 254.67, 249.34, 244.11, 240.20, 236.77, 234.06, 232.96, 233.73, 238.28,99999.00,99999.00,99999.00,99999.00,99999.00,99999.00,99999.00,99999.00,99999.00,99999.00,99999.00,99999.00,99999.00,99999.00,99999.00,99999.00,99999.00,99999.00,99999.00,99999.00,99999.00,99999.00,99999.00,99999.00,99999.00,99999.00, 306.49, 310.74, 316.61,99999.00,99999.00,99999.00,99999.00,99999.00,99999.00,99999.00,99999.00,99999.00,99999.00,99999.00,99999.00,99999.00,99999.00,99999.00,99999.00,99999.00,99999.00,99999.00,99999.00,99999.00,99999.00,99999.00,99999.00,99999.00,99999.00,99999.00,99999.00,99999.00,99999.00,99999.00,99999.00,99999.00,99999.00,99999.00,99999.00,99999.00,99999.00,99999.00,99999.00,99999.00,99999.00,99999.00,99999.00,99999.00,99999.00,99999.00,99999.00,99999.00,99999.00,99999.00,99999.00,99999.00,99999.00,99999.00,99999.00,99999.00,99999.00,99999.00,99999.00,99999.00,99999.00,99999.00,99999.00,99999.00,99999.00,99999.00
99999.00,99999.00,99999.00,99999.00,99999.00,99999.00,99999.00,99999.00,99999.00,99999.00,99999.00,99999.00,99999.00,99999.00,99999.00,99999.00,99999.00,99999.00,99999.00,99999.00,99999.00,99999.00,99999.00,99999.00,99999.00,99999.00,99999.00,99999.00,99999.00,99999.00,99999.00,99999.00,99999.00,99999.00,99999.00,99999.00,99999.00,99999.00,99999.00,99999.00,99999.00,99999.00,99999.00,99999.00,99999.00,99999.00,99999.00,99999.00,99999.00,99999.00,99999.00,99999.00,99999.00,99999.00,99999.00,99999.00, 615.62, 598.23, 582.39, 567.85, 554.28, 541.46, 529.34, 517.80, 506.73, 495.99, 485.57, 475.53, 465.81, 456.35, 447.22, 438.39, 429.65, 421.12, 412.83, 404.84, 397.13, 389.68, 382.41, 375.08, 367.89, 360.85, 353.92, 347.08, 340.34, 333.38, 326.26, 319.26, 312.33, 305.50, 298.81, 292.29, 286.03, 279.89, 274.32, 268.81, 263.90, 259.67, 256.21, 253.29, 251.19, 250.83, 252.53, 258.32,99999.00,99999.00,99999.00,99999.00,99999.00,99999.00,99999.00,99999.00,99999.00,99999.00,99999.00,99999.00,99999.00,99999.00,99999.00,99999.00,99999.00,99999.00,99999.00,99999.00,99999.00,99999.00,99999.00,99999.00,99999.00,99999.00, 328.35, 332.43, 338.25,99999.00,99999.00,99999.00,99999.00,99999.00,99999.00,99999.00,99999.00,99999.00,99999.00,99999.00,99999.00,99999.00,99999.00,99999.00,99999.00,99999.00,99999.00,99999.00,99999.00,99999.00,99999.00,99999.00,99999.00,99999.00,99999.00,99999.00,99999.00,99999.00,99999.00,99999.00,99999.00,99999.00,99999.00,99999.00,99999.00,99999.00,99999.00,99999.00,99999.00,99999.00,99999.00,99999.00,99999.00,99999.00,99999.00,99999.00,99999.00,99999.00,99999.00,99999.00,99999.00,99999.00,99999.00,99999.00,99999.00,99999.00,99999.00,99999.00,99999.00,99999.00,99999.00,99999.00,99999.00,99999.00,99999.00,99999.00
99999.00,99999.00,99999.00,99999.00,99999.00,99999.00,99999.00,99999.00,99999.00,99999.00,99999.00,99999.00,99999.00,99999.00,99999.00,99999.00,99999.00,99999.00,99999.00,99999.00,99999.00,99999.00,99999.00,99999.00,99999.00,99999.00,99999.00,99999.00,99999.00,99999.00,99999.00,99999.00,99999.00,99999.00,99999.00,99999.00,99999.00,99999.00,99999.00,99999.00,99999.00,99999.00,99999.00,99999.00,99999.00,99999.00,99999.00,99999.00,99999.00,99999.00,99999.00,99999.00,99999.00,99999.00,99999.00,99999.00, 627.67, 610.09, 594.23, 579.61, 565.93, 553.10, 540.94, 529.34, 518.13, 507.30, 496.89, 486.83, 477.07, 467.67, 458.58, 449.61, 440.86, 432.37, 424.20, 416.30, 408.69, 401.27, 393.85, 386.65, 379.61, 372.68, 365.94, 359.24, 352.56, 345.61, 338.72, 331.84, 325.04, 318.57, 312.21, 305.87, 299.99, 294.32, 289.03, 284.35, 279.85, 276.03, 273.00, 270.59, 269.10, 269.48, 272.12, 279.14,99999.00,99999.00,99999.00,99999.00,99999.00,99999.00,99999.00,99999.00,99999.00,99999.00,99999.00,99999.00,99999.00,99999.00,99999.00,99999.00,99999.00,99999.00,99999.00,99999.00,99999.00,99999.00,99999.00,99999.00,99999.00,99999.00, 350.10, 353.99, 359.77,99999.00,99999.00,99999.00,99999.00,99999.00,99999.00,99999.00,99999.00,99999.00,99999.00,99999.00,99999.00,99999.00,99999.00,99999.00,99999.00,99999.00,99999.00,99999.00,99999.00,99999.00,99999.00,99999.00,99999.00,99999.00,99999.00,99999.00,99999.00,99999.00,99999.00,99999.00,99999.00,99999.00,99999.00,99999.00,99999.00,99999.00,99999.00,99999.00,99999.00,99999.00,99999.00,99999.00,99999.00,99999.00,99999.00,99999.00,99999.00,99999.00,99999.00,99999.00,99999.00,99999.00,99999.00,99999.00,99999.00,99999.00,99999.00,99999.00,99999.00,99999.00,99999.00,99999.00,99999.00,99999.00,99999.00,99999.00
99999.00,99999.00,99999.00,99999.00,99999.00,99999.00,99999.00,99999.00,99999.00,99999.00,99999.00,99999.00,99999.00,99999.00,99999.00,99999.00,99999.00,99999.00,99999.00,99999.00,99999.00,99999.00,99999.00,99999.00,99999.00,99999.00,99999.00,99999.00,99999.00,99999.00,99999.00,99999.00,99999.00,99999.00,99999.00,99999.00,99999.00,99999.00,99999.00,99999.00,99999.00,99999.00,99999.00,99999.00,99999.00,99999.00,99999.00,99999.00,99999.00,99999.00,99999.00,99999.00,99999.00,99999.00,99999.00,99999.00, 640.89, 623.28, 607.34, 592.62, 578.92, 566.05, 553.83, 542.09, 530.79, 519.97, 509.54, 499.45, 489.74, 480.38, 471.16, 462.17, 453.46, 445.09, 437.01, 429.22, 421.63, 414.06, 406.77, 399.69, 392.65, 385.73, 379.04, 372.54, 365.84, 359.00, 352.30, 345.68, 339.20, 332.88, 326.76, 320.93, 315.27, 310.23, 305.31, 300.96, 296.80, 293.35, 290.76, 288.85, 287.97, 289.09, 292.67, 300.92,99999.00,99999.00,99999.00,99999.00,99999.00,99999.00,99999.00,99999.00,99999.00,99999.00,99999.00,99999.00,99999.00,99999.00,99999.00,99999.00,99999.00,99999.00,99999.00,99999.00,99999.00,99999.00,99999.00,99999.00,99999.00,99999.00, 372.70, 375.44, 381.18,99999.00,99999.00,99999.00,99999.00,99999.00,99999.00,99999.00,99999.00,99999.00,99999.00,99999.00,99999.00,99999.00,99999.00,99999.00,99999.00,99999.00,99999.00,99999.00,99999.00,99999.00,99999.00,99999.00,99999.00,99999.00,99999.00,99999.00,99999.00,99999.00,99999.00,99999.00,99999.00,99999.00,99999.00,99999.00,99999.00,99999.00,99999.00,99999.00,99999.00,99999.00,99999.00,99999.00,99999.00,99999.00,99999.00,99999.00,99999.00,99999.00,99999.00,99999.00,99999.00,99999.00,99999.00,99999.00,99999.00,99999.00,99999.00,99999.00,99999.00,99999.00,99999.00,99999.00,99999.00,99999.00,99999.00,99999.00
99999.00,99999.00,99999.00,99999.00,99999.00,99999.00,99999.00,99999.00,99999.00,99999.00,99999.00,99999.00,99999.00,99999.00,99999.00,99999.00,99999.00,99999.00,99999.00,99999.00,99999.00,99999.00,99999.00,99999.00,99999.00,99999.00,99999.00,99999.00,99999.00,99999.00,99999.00,99999.00,99999.00,99999.00,99999.00,99999.00,99999.00,99999.00,99999.00,99999.00,99999.00,99999.00,99999.00,99999.00,99999.00,99999.00,99999.00,99999.00,99999.00,99999.00,99999.00,99999.00,99999.00,99999.00,99999.00,99999.00, 655.79, 638.10, 622.06, 607.31, 593.58, 580.65, 568.29, 556.46, 545.17, 534.33, 523.87, 513.83, 504.16, 494.66, 485.42, 476.48, 467.89, 459.61, 451.64, 443.85, 436.13, 428.51, 421.17, 414.11, 407.18, 400.46, 393.90, 387.46, 380.77, 374.16, 367.58, 361.09, 354.97, 348.98, 343.04, 337.60, 332.30, 327.50, 322.84, 318.78, 314.95, 311.88, 309.72, 308.32, 308.04, 309.91, 314.42, 323.52,99999.00,99999.00,99999.00,99999.00,99999.00,99999.00,99999.00,99999.00,99999.00,99999.00,99999.00,99999.00,99999.00,99999.00,99999.00,99999.00,99999.00,99999.00,99999.00,99999.00,99999.00,99999.00,99999.00,99999.00,99999.00,99999.00, 396.41, 397.99, 402.48,99999.00,99999.00,99999.00,99999.00,99999.00,99999.00,99999.00,99999.00,99999.00,99999.00,99999.00,99999.00,99999.00,99999.00,99999.00,99999.00,99999.00,99999.00,99999.00,99999.00,99999.00,99999.00,99999.00,99999.00,99999.00,99999.00,99999.00,99999.00,99999.00,99999.00,99999.00,99999.00,99999.00,99999.00,99999.00,99999.00,99999.00,99999.00,99999.00,99999.00,99999.00,99999.00,99999.00,99999.00,99999.00,99999.00,99999.00,99999.00,99999.00,99999.00,99999.00,99999.00,99999.00,99999.00,99999.00,99999.00,99999.00,99999.00,99999.00,99999.00,99999.00,99999.00,99999.00,99999.00,99999.00,99999.00,99999.00
99999.00,99999.00,99999.00,99999.00,99999.00,99999.00,99999.00,99999.00,99999.00,99999.00,99999.00,99999.00,99999.00,99999.00,99999.00,99999.00,99999.00,99999.00,99999.00,99999.00,99999.00,99999.00,99999.00,99999.00,99999.00,99999.00,99999.00,99999.00,99999.00,99999.00,99999.00,99999.00,99999.00,99999.00,99999.00,99999.00,99999.00,99999.00,99999.00,99999.00,99999.00,99999.00,99999.00,99999.00,99999.00,99999.00,99999.00,99999.00,99999.00,99999.00,99999.00,99999.00,99999.00,99999.00,99999.00,99999.00,99999.00,99999.00,99999.00,99999.00,99999.00,99999.00,99999.00,99999.00,99999.00,99999.00,99999.00,99999.00,99999.00,99999.00,99999.00,99999.00,99999.00,99999.00,99999.00,99999.00,99999.00,99999.00,99999.00,99999.00,99999.00,99999.00,99999.00,99999.00,99999.00,99999.00,99999.00,99999.00,99999.00,99999.00,99999.00,99999.00,99999.00,99999.00,99999.00,99999.00,99999.00,99999.00,99999.00,99999.00,99999.00,99999.00,99999.00,99999.00,99999.00,99999.00,99999.00,99999.00,99999.00,99999.00,99999.00,99999.00,99999.00,99999.00,99999.00,99999.00,99999.00,99999.00,99999.00,99999.00,99999.00,99999.00,99999.00,99999.00,99999.00,99999.00,99999.00,99999.00,99999.00,99999.00,99999.00,99999.00,99999.00,99999.00,99999.00,99999.00,99999.00,99999.00,99999.00,99999.00,99999.00,99999.00,99999.00,99999.00,99999.00,99999.00,99999.00,99999.00,99999.00,99999.00,99999.00,99999.00,99999.00,99999.00,99999.00,99999.00,99999.00,99999.00,99999.00,99999.00,99999.00,99999.00,99999.00,99999.00,99999.00,99999.00,99999.00,99999.00,99999.00,99999.00,99999.00,99999.00,99999.00,99999.00,99999.00,99999.00,99999.00,99999.00,99999.00,99999.00,99999.00,99999.00,99999.00,99999.00,99999.00,99999.00,99999.00,99999.00,99999.00,99999.00,99999.00,99999.00,99999.00,99999.00,99999.00,99999.00,99999.00,99999.00,99999.00,99999.00
99999.00,99999.00,99999.00,99999.00,99999.00,99999.00,99999.00,99999.00,99999.00,99999.00,99999.00,99999.00,99999.00,99999.00,99999.00,99999.00,99999.00,99999.00,99999.00,99999.00,99999.00,99999.00,99999.00,99999.00,99999.00,99999.00,99999.00,99999.00,99999.00,99999.00,99999.00,99999.00,99999.00,99999.00,99999.00,99999.00,99999.00,99999.00,99999.00,99999.00,99999.00,99999.00,99999.00,99999.00,99999.00,99999.00,99999.00,99999.00,99999.00,99999.00,99999.00,99999.00,99999.00,99999.00,99999.00,99999.00,99999.00,99999.00,99999.00,99999.00,99999.00,99999.00,99999.00,99999.00,99999.00,99999.00,99999.00,99999.00,99999.00,99999.00,99999.00,99999.00,99999.00,99999.00,99999.00,99999.00,99999.00,99999.00,99999.00,99999.00,99999.00,99999.00,99999.00,99999.00,99999.00,99999.00,99999.00,99999.00,99999.00,99999.00,99999.00,99999.00,99999.00,99999.00,99999.00,99999.00,99999.00,99999.00,99999.00,99999.00,99999.00,99999.00,99999.00,99999.00,99999.00,99999.00,99999.00,99999.00,99999.00,99999.00,99999.00,99999.00,99999.00,99999.00,99999.00,99999.00,99999.00,99999.00,99999.00,99999.00,99999.00,99999.00,99999.00,99999.00,99999.00,99999.00,99999.00,99999.00,99999.00,99999.00,99999.00,99999.00,99999.00,99999.00,99999.00,99999.00,99999.00,99999.00,99999.00,99999.00,99999.00,99999.00,99999.00,99999.00,99999.00,99999.00,99999.00,99999.00,99999.00,99999.00,99999.00,99999.00,99999.00,99999.00,99999.00,99999.00,99999.00,99999.00,99999.00,99999.00,99999.00,99999.00,99999.00,99999.00,99999.00,99999.00,99999.00,99999.00,99999.00,99999.00,99999.00,99999.00,99999.00,99999.00,99999.00,99999.00,99999.00,99999.00,99999.00,99999.00,99999.00,99999.00,99999.00,99999.00,99999.00,99999.00,99999.00,99999.00,99999.00,99999.00,99999.00,99999.00,99999.00,99999.00,99999.00,99999.00,99999.00,99999.00,99999.00,99999.00
99999.00,99999.00,99999.00,99999.00,99999.00,99999.00,99999.00,99999.00,99999.00,99999.00,99999.00,99999.00,99999.00,99999.00,99999.00,99999.00,99999.00,99999.00,99999.00,99999.00,99999.00,99999.00,99999.00,99999.00,99999.00,99999.00,99999.00,99999.00,99999.00,99999.00,99999.00,99999.00,99999.00,99999.00,99999.00,99999.00,99999.00,99999.00,99999.00,99999.00,99999.00,99999.00,99999.00,99999.00,99999.00,99999.00,99999.00,99999.00,99999.00,99999.00,99999.00,99999.00,99999.00,99999.00,99999.00,99999.00,99999.00,99999.00,99999.00,99999.00,99999.00,99999.00,99999.00,99999.00,99999.00,99999.00,99999.00,99999.00,99999.00,99999.00,99999.00,99999.00,99999.00,99999.00,99999.00,99999.00,99999.00,99999.00,99999.00,99999.00,99999.00,99999.00,99999.00,99999.00,99999.00,99999.00,99999.00,99999.00,99999.00,99999.00,99999.00,99999.00,99999.00,99999.00,99999.00,99999.00,99999.00,99999.00,99999.00,99999.00,99999.00,99999.00,99999.00,99999.00,99999.00,99999.00,99999.00,99999.00,99999.00,99999.00,99999.00,99999.00,99999.00,99999.00,99999.00,99999.00,99999.00,99999.00,99999.00,99999.00,99999.00,99999.00,99999.00,99999.00,99999.00,99999.00,99999.00,99999.00,99999.00,99999.00,99999.00,99999.00,99999.00,99999.00,99999.00,99999.00,99999.00,99999.00,99999.00,99999.00,99999.00,99999.00,99999.00,99999.00,99999.00,99999.00,99999.00,99999.00,99999.00,99999.00,99999.00,99999.00,99999.00,99999.00,99999.00,99999.00,99999.00,99999.00,99999.00,99999.00,99999.00,99999.00,99999.00,99999.00,99999.00,99999.00,99999.00,99999.00,99999.00,99999.00,99999.00,99999.00,99999.00,99999.00,99999.00,99999.00,99999.00,99999.00,99999.00,99999.00,99999.00,99999.00,99999.00,99999.00,99999.00,99999.00,99999.00,99999.00,99999.00,99999.00,99999.00,99999.00,99999.00,99999.00,99999.00,99999.00,99999.00,99999.00,99999.00,99999.00
99999.00,99999.00,99999.00,99999.00,99999.00,99999.00,99999.00,99999.00,99999.00,99999.00,99999.00,99999.00,99999.00,99999.00,99999.00,99999.00,99999.00,99999.00,99999.00,99999.00,99999.00,99999.00,99999.00,99999.00,99999.00,99999.00,99999.00,99999.00,99999.00,99999.00,99999.00,99999.00,99999.00,99999.00,99999.00,99999.00,99999.00,99999.00,99999.00,99999.00,99999.00,99999.00,99999.00,99999.00,99999.00,99999.00,99999.00,99999.00,99999.00,99999.00,99999.00,99999.00,99999.00,99999.00,99999.00,99999.00,99999.00,99999.00,99999.00,99999.00,99999.00,99999.00,99999.00,99999.00,99999.00,99999.00,99999.00,99999.00,99999.00,99999.00,99999.00,99999.00,99999.00,99999.00,99999.00,99999.00,99999.00,99999.00,99999.00,99999.00,99999.00,99999.00,99999.00,99999.00,99999.00,99999.00,99999.00,99999.00,99999.00,99999.00,99999.00,99999.00,99999.00,99999.00,99999.00,99999.00,99999.00,99999.00,99999.00,99999.00,99999.00,99999.00,99999.00,99999.00,99999.00,99999.00,99999.00,99999.00,99999.00,99999.00,99999.00,99999.00,99999.00,99999.00,99999.00,99999.00,99999.00,99999.00,99999.00,99999.00,99999.00,99999.00,99999.00,99999.00,99999.00,99999.00,99999.00,99999.00,99999.00,99999.00,99999.00,99999.00,99999.00,99999.00,99999.00,99999.00,99999.00,99999.00,99999.00,99999.00,99999.00,99999.00,99999.00,99999.00,99999.00,99999.00,99999.00,99999.00,99999.00,99999.00,99999.00,99999.00,99999.00,99999.00,99999.00,99999.00,99999.00,99999.00,99999.00,99999.00,99999.00,99999.00,99999.00,99999.00,99999.00,99999.00,99999.00,99999.00,99999.00,99999.00,99999.00,99999.00,99999.00,99999.00,99999.00,99999.00,99999.00,99999.00,99999.00,99999.00,99999.00,99999.00,99999.00,99999.00,99999.00,99999.00,99999.00,99999.00,99999.00,99999.00,99999.00,99999.00,99999.00,99999.00,99999.00,99999.00,99999.00,99999.00,99999.00,99999.00
99999.00,99999.00,99999.00,99999.00,99999.00,99999.00,99999.00,99999.00,99999.00,99999.00,99999.00,99999.00,99999.00,99999.00,99999.00,99999.00,99999.00,99999.00,99999.00,99999.00,99999.00,99999.00,99999.00,99999.00,99999.00,99999.00,99999.00,99999.00,99999.00,99999.00,99999.00,99999.00,99999.00,99999.00,99999.00,99999.00,99999.00,99999.00,99999.00,99999.00,99999.00,99999.00,99999.00,99999.00,99999.00,99999.00,99999.00,99999.00,99999.00,99999.00,99999.00,99999.00,99999.00,99999.00,99999.00,99999.00,99999.00,99999.00,99999.00,99999.00,99999.00,99999.00,99999.00,99999.00,99999.00,99999.00,99999.00,99999.00,99999.00,99999.00,99999.00,99999.00,99999.00,99999.00,99999.00,99999.00,99999.00,99999.00,99999.00,99999.00,99999.00,99999.00,99999.00,99999.00,99999.00,99999.00,99999.00,99999.00,99999.00,99999.00,99999.00,99999.00,99999.00,99999.00,99999.00,99999.00,99999.00,99999.00,99999.00,99999.00,99999.00,99999.00,99999.00,99999.00,99999.00,99999.00,99999.00,99999.00,99999.00,99999.00,99999.00,99999.00,99999.00,99999.00,99999.00,99999.00,99999.00,99999.00,99999.00,99999.00,99999.00,99999.00,99999.00,99999.00,99999.00,99999.00,99999.00,99999.00,99999.00,99999.00,99999.00,99999.00,99999.00,99999.00,99999.00,99999.00,99999.00,99999.00,99999.00,99999.00,99999.00,99999.00,99999.00,99999.00,99999.00,99999.00,99999.00,99999.00,99999.00,99999.00,99999.00,99999.00,99999.00,99999.00,99999.00,99999.00,99999.00,99999.00,99999.00,99999.00,99999.00,99999.00,99999.00,99999.00,99999.00,99999.00,99999.00,99999.00,99999.00,99999.00,99999.00,99999.00,99999.00,99999.00,99999.00,99999.00,99999.00,99999.00,99999.00,99999.00,99999.00,99999.00,99999.00,99999.00,99999.00,99999.00,99999.00,99999.00,99999.00,99999.00,99999.00,99999.00,99999.00,99999.00,99999.00,99999.00,99999.00,99999.00,99999.00,99999.00
99999.00,99999.00,99999.00,99999.00,99999.00,99999.00,99999.00,99999.00,99999.00,99999.00,99999.00,99999.00,99999.00,99999.00,99999.00,99999.00,99999.00,99999.00,99999.00,99999.00,99999.00,99999.00,99999.00,99999.00,99999.00,99999.00,99999.00,99999.00,99999.00,99999.00,99999.00,99999.00,99999.00,99999.00,99999.00,99999.00,99999.00,99999.00,99999.00,99999.00,99999.00,99999.00,99999.00,99999.00,99999.00,99999.00,99999.00,99999.00,99999.00,99999.00,99999.00,99999.00,99999.00,99999.00,99999.00,99999.00,99999.00,99999.00,99999.00,99999.00,99999.00,99999.00,99999.00,99999.00,99999.00,99999.00,99999.00,99999.00,99999.00,99999.00,99999.00,99999.00,99999.00,99999.00,99999.00,99999.00,99999.00,99999.00,99999.00,99999.00,99999.00,99999.00,99999.00,99999.00,99999.00,99999.00,99999.00,99999.00,99999.00,99999.00,99999.00,99999.00,99999.00,99999.00,99999.00,99999.00,99999.00,99999.00,99999.00,99999.00,99999.00,99999.00,99999.00,99999.00,99999.00,99999.00,99999.00,99999.00,99999.00,99999.00,99999.00,99999.00,99999.00,99999.00,99999.00,99999.00,99999.00,99999.00,99999.00,99999.00,99999.00,99999.00,99999.00,99999.00,99999.00,99999.00,99999.00,99999.00,99999.00,99999.00,99999.00,99999.00,99999.00,99999.00,99999.00,99999.00,99999.00,99999.00,99999.00,99999.00,99999.00,99999.00,99999.00,99999.00,99999.00,99999.00,99999.00,99999.00,99999.00,99999.00,99999.00,99999.00,99999.00,99999.00,99999.00,99999.00,99999.00,99999.00,99999.00,99999.00,99999.00,99999.00,99999.00,99999.00,99999.00,99999.00,99999.00,99999.00,99999.00,99999.00,99999.00,99999.00,99999.00,99999.00,99999.00,99999.00,99999.00,99999.00,99999.00,99999.00,99999.00,99999.00,99999.00,99999.00,99999.00,99999.00,99999.00,99999.00,99999.00,99999.00,99999.00,99999.00,99999.00,99999.00,99999.00,99999.00,99999.00,99999.00,99999.00,99999.00
99999.00,99999.00,99999.00,99999.00,99999.00,99999.00,99999.00,99999.00,99999.00,99999.00,99999.00,99999.00,99999.00,99999.00,99999.00,99999.00,99999.00,99999.00,99999.00,99999.00,99999.00,99999.00,99999.00,99999.00,99999.00,99999.00,99999.00,99999.00,99999.00,99999.00,99999.00,99999.00,99999.00,99999.00,99999.00,99999.00,99999.00,99999.00,99999.00,99999.00,99999.00,99999.00,99999.00,99999.00,99999.00,99999.00,99999.00,99999.00,99999.00,99999.00,99999.00,99999.00,99999.00,99999.00,99999.00,99999.00,99999.00,99999.00,99999.00,99999.00,99999.00,99999.00,99999.00,99999.00,99999.00,99999.00,99999.00,99999.00,99999.00,99999.00,99999.00,99999.00,99999.00,99999.00,99999.00,99999.00,99999.00,99999.00,99999.00,99999.00,99999.00,99999.00,99999.00,99999.00,99999.00,99999.00,99999.00,99999.00,99999.00,99999.00,99999.00,99999.00,99999.00,99999.00,99999.00,99999.00,99999.00,99999.00,99999.00,99999.00,99999.00,99999.00,99999.00,99999.00,99999.00,99999.00,99999.00,99999.00,99999.00,99999.00,99999.00,99999.00,99999.00,99999.00,99999.00,99999.00,99999.00,99999.00,99999.00,99999.00,99999.00,99999.00,99999.00,99999.00,99999.00,99999.00,99999.00,99999.00,99999.00,99999.00,99999.00,99999.00,99999.00,99999.00,99999.00,99999.00,99999.00,99999.00,99999.00,99999.00,99999.00,99999.00,99999.00,99999.00,99999.00,99999.00,99999.00,99999.00,99999.00,99999.00,99999.00,99999.00,99999.00,99999.00,99999.00,99999.00,99999.00,99999.00,99999.00,99999.00,99999.00,99999.00,99999.00,99999.00,99999.00,99999.00,99999.00,99999.00,99999.00,99999.00,99999.00,99999.00,99999.00,99999.00,99999.00,99999.00,99999.00,99999.00,99999.00,99999.00,99999.00,99999.00,99999.00,99999.00,99999.00,99999.00,99999.00,99999.00,99999.00,99999.00,99999.00,99999.00,99999.00,99999.00,99999.00,99999.00,99999.00,99999.00,99999.00,99999.00
99999.00,99999.00,99999.00,99999.00,99999.00,99999.00,99999.00,99999.00,99999.00,99999.00,99999.00,99999.00,99999.00,99999.00,99999.00,99999.00,99999.00,99999.00,99999.00,99999.00,99999.00,99999.00,99999.00,99999.00,99999.00,99999.00,99999.00,99999.00,99999.00,99999.00,99999.00,99999.00,99999.00,99999.00,99999.00,99999.00,99999.00,99999.00,99999.00,99999.00,99999.00,99999.00,99999.00,99999.00,99999.00,99999.00,99999.00,99999.00,99999.00,99999.00,99999.00,99999.00,99999.00,99999.00,99999.00,99999.00,99999.00,99999.00,99999.00,99999.00,99999.00,99999.00,99999.00,99999.00,99999.00,99999.00,99999.00,99999.00,99999.00,99999.00,99999.00,99999.00,99999.00,99999.00,99999.00,99999.00,99999.00,99999.00,99999.00,99999.00,99999.00,99999.00,99999.00,99999.00,99999.00,99999.00,99999.00,99999.00,99999.00,99999.00,99999.00,99999.00,99999.00,99999.00,99999.00,99999.00,99999.00,99999.00,99999.00,99999.00,99999.00,99999.00,99999.00,99999.00,99999.00,99999.00,99999.00,99999.00,99999.00,99999.00,99999.00,99999.00,99999.00,99999.00,99999.00,99999.00,99999.00,99999.00,99999.00,99999.00,99999.00,99999.00,99999.00,99999.00,99999.00,99999.00,99999.00,99999.00,99999.00,99999.00,99999.00,99999.00,99999.00,99999.00,99999.00,99999.00,99999.00,99999.00,99999.00,99999.00,99999.00,99999.00,99999.00,99999.00,99999.00,99999.00,99999.00,99999.00,99999.00,99999.00,99999.00,99999.00,99999.00,99999.00,99999.00,99999.00,99999.00,99999.00,99999.00,99999.00,99999.00,99999.00,99999.00,99999.00,99999.00,99999.00,99999.00,99999.00,99999.00,99999.00,99999.00,99999.00,99999.00,99999.00,99999.00,99999.00,99999.00,99999.00,99999.00,99999.00,99999.00,99999.00,99999.00,99999.00,99999.00,99999.00,99999.00,99999.00,99999.00,99999.00,99999.00,99999.00,99999.00,99999.00,99999.00,99999.00,99999.00,99999.00,99999.00,99999.00
99999.00,99999.00,99999.00,99999.00,99999.00,99999.00,99999.00,99999.00,99999.00,99999.00,99999.00,99999.00,99999.00,99999.00,99999.00,99999.00,99999.00,99999.00,99999.00,99999.00,99999.00,99999.00,99999.00,99999.00,99999.00,99999.00,99999.00,99999.00,99999.00,99999.00,99999.00,99999.00,99999.00,99999.00,99999.00,99999.00,99999.00,99999.00,99999.00,99999.00,99999.00,99999.00,99999.00,99999.00,99999.00,99999.00,99999.00,99999.00,99999.00,99999.00,99999.00,99999.00,99999.00,99999.00,99999.00,99999.00,99999.00,99999.00,99999.00,99999.00,99999.00,99999.00,99999.00,99999.00,99999.00,99999.00,99999.00,99999.00,99999.00,99999.00,99999.00,99999.00,99999.00,99999.00,99999.00,99999.00,99999.00,99999.00,99999.00,99999.00,99999.00,99999.00,99999.00,99999.00,99999.00,99999.00,99999.00,99999.00,99999.00,99999.00,99999.00,99999.00,99999.00,99999.00,99999.00,99999.00,99999.00,99999.00,99999.00,99999.00,99999.00,99999.00,99999.00,99999.00,99999.00,99999.00,99999.00,99999.00,99999.00,99999.00,99999.00,99999.00,99999.00,99999.00,99999.00,99999.00,99999.00,99999.00,99999.00,99999.00,99999.00,99999.00,99999.00,99999.00,99999.00,99999.00,99999.00,99999.00,99999.00,99999.00,99999.00,99999.00,99999.00,99999.00,99999.00,99999.00,99999.00,99999.00,99999.00,99999.00,99999.00,99999.00,99999.00,99999.00,99999.00,99999.00,99999.00,99999.00,99999.00,99999.00,99999.00,99999.00,99999.00,99999.00,99999.00,99999.00,99999.00,99999.00,99999.00,99999.00,99999.00,99999.00,99999.00,99999.00,99999.00,99999.00,99999.00,99999.00,99999.00,99999.00,99999.00,99999.00,99999.00,99999.00,99999.00,99999.00,99999.00,99999.00,99999.00,99999.00,99999.00,99999.00,99999.00,99999.00,99999.00,99999.00,99999.00,99999.00,99999.00,99999.00,99999.00,99999.00,99999.00,99999.00,99999.00,99999.00,99999.00,99999.00,99999.00,99999.00
99999.00,99999.00,99999.00,99999.00,99999.00,99999.00,99999.00,99999.00,99999.00,99999.00,99999.00,99999.00,99999.00,99999.00,99999.00,99999.00,99999.00,99999.00,99999.00,99999.00,99999.00,99999.00,99999.00,99999.00,99999.00,99999.00,99999.00,99999.00,99999.00,99999.00,99999.00,99999.00,99999.00,99999.00,99999.00,99999.00,99999.00,99999.00,99999.00,99999.00,99999.00,99999.00,99999.00,99999.00,99999.00,99999.00,99999.00,99999.00,99999.00,99999.00,99999.00,99999.00,99999.00,99999.00,99999.00,99999.00,99999.00,99999.00,99999.00,99999.00,99999.00,99999.00,99999.00,99999.00,99999.00,99999.00,99999.00,99999.00,99999.00,99999.00,99999.00,99999.00,99999.00,99999.00,99999.00,99999.00,99999.00,99999.00,99999.00,99999.00,99999.00,99999.00,99999.00,99999.00,99999.00,99999.00,99999.00,99999.00,99999.00,99999.00,99999.00,99999.00,99999.00,99999.00,99999.00,99999.00,99999.00,99999.00,99999.00,99999.00,99999.00,99999.00,99999.00,99999.00,99999.00,99999.00,99999.00,99999.00,99999.00,99999.00,99999.00,99999.00,99999.00,99999.00,99999.00,99999.00,99999.00,99999.00,99999.00,99999.00,99999.00,99999.00,99999.00,99999.00,99999.00,99999.00,99999.00,99999.00,99999.00,99999.00,99999.00,99999.00,99999.00,99999.00,99999.00,99999.00,99999.00,99999.00,99999.00,99999.00,99999.00,99999.00,99999.00,99999.00,99999.00,99999.00,99999.00,99999.00,99999.00,99999.00,99999.00,99999.00,99999.00,99999.00,99999.00,99999.00,99999.00,99999.00,99999.00,99999.00,99999.00,99999.00,99999.00,99999.00,99999.00,99999.00,99999.00,99999.00,99999.00,99999.00,99999.00,99999.00,99999.00,99999.00,99999.00,99999.00,99999.00,99999.00,99999.00,99999.00,99999.00,99999.00,99999.00,99999.00,99999.00,99999.00,99999.00,99999.00,99999.00,99999.00,99999.00,99999.00,99999.00,99999.00,99999.00,99999.00,99999.00,99999.00,99999.00,99999.00
99999.00,99999.00,99999.00,99999.00,99999.00,99999.00,99999.00,99999.00,99999.00,99999.00,99999.00,99999.00,99999.00,99999.00,99999.00,99999.00,99999.00,99999.00,99999.00,99999.00,99999.00,99999.00,99999.00,99999.00,99999.00,99999.00,99999.00,99999.00,99999.00,99999.00,99999.00,99999.00,99999.00,99999.00,99999.00,99999.00,99999.00,99999.00,99999.00,99999.00,99999.00,99999.00,99999.00,99999.00,99999.00,99999.00,99999.00,99999.00,99999.00,99999.00,99999.00,99999.00,99999.00,99999.00,99999.00,99999.00,99999.00,99999.00,99999.00,99999.00,99999.00,99999.00,99999.00,99999.00,99999.00,99999.00,99999.00,99999.00,99999.00,99999.00,99999.00,99999.00,99999.00,99999.00,99999.00,99999.00,99999.00,99999.00,99999.00,99999.00,99999.00,99999.00,99999.00,99999.00,99999.00,99999.00,99999.00,99999.00,99999.00,99999.00,99999.00,99999.00,99999.00,99999.00,99999.00,99999.00,99999.00,99999.00,99999.00,99999.00,99999.00,99999.00,99999.00,99999.00,99999.00,99999.00,99999.00,99999.00,99999.00,99999.00,99999.00,99999.00,99999.00,99999.00,99999.00,99999.00,99999.00,99999.00,99999.00,99999.00,99999.00,99999.00,99999.00,99999.00,99999.00,99999.00,99999.00,99999.00,99999.00,99999.00,99999.00,99999.00,99999.00,99999.00,99999.00,99999.00,99999.00,99999.00,99999.00,99999.00,99999.00,99999.00,99999.00,99999.00,99999.00,99999.00,99999.00,99999.00,99999.00,99999.00,99999.00,99999.00,99999.00,99999.00,99999.00,99999.00,99999.00,99999.00,99999.00,99999.00,99999.00,99999.00,99999.00,99999.00,99999.00,99999.00,99999.00,99999.00,99999.00,99999.00,99999.00,99999.00,99999.00,99999.00,99999.00,99999.00,99999.00,99999.00,99999.00,99999.00,99999.00,99999.00,99999.00,99999.00,99999.00,99999.00,99999.00,99999.00,99999.00,99999.00,99999.00,99999.00,99999.00,99999.00,99999.00,99999.00,99999.00,99999.00,99999.00,99999.00
99999.00,99999.00,99999.00,99999.00,99999.00,99999.00,99999.00,99999.00,99999.00,99999.00,99999.00,99999.00,99999.00,99999.00,99999.00,99999.00,99999.00,99999.00,99999.00,99999.00,99999.00,99999.00,99999.00,99999.00,99999.00,99999.00,99999.00,99999.00,99999.00,99999.00,99999.00,99999.00,99999.00,99999.00,99999.00,99999.00,99999.00,99999.00,99999.00,99999.00,99999.00,99999.00,99999.00,99999.00,99999.00,99999.00,99999.00,99999.00,99999.00,99999.00,99999.00,99999.00,99999.00,99999.00,99999.00,99999.00,99999.00,99999.00,99999.00,99999.00,99999.00,99999.00,99999.00,99999.00,99999.00,99999.00,99999.00,99999.00,99999.00,99999.00,99999.00,99999.00,99999.00,99999.00,99999.00,99999.00,99999.00,99999.00,99999.00,99999.00,99999.00,99999.00,99999.00,99999.00,99999.00,99999.00,99999.00,99999.00,99999.00,99999.00,99999.00,99999.00,99999.00,99999.00,99999.00,99999.00,99999.00,99999.00,99999.00,99999.00,99999.00,99999.00,99999.00,99999.00,99999.00,99999.00,99999.00,99999.00,99999.00,99999.00,99999.00,99999.00,99999.00,99999.00,99999.00,99999.00,99999.00,99999.00,99999.00,99999.00,99999.00,99999.00,99999.00,99999.00,99999.00,99999.00,99999.00,99999.00,99999.00,99999.00,99999.00,99999.00,99999.00,99999.00,99999.00,99999.00,99999.00,99999.00,99999.00,99999.00,99999.00,99999.00,99999.00,99999.00,99999.00,99999.00,99999.00,99999.00,99999.00,99999.00,99999.00,99999.00,99999.00,99999.00,99999.00,99999.00,99999.00,99999.00,99999.00,99999.00,99999.00,99999.00,99999.00,99999.00,99999.00,99999.00,99999.00,99999.00,99999.00,99999.00,99999.00,99999.00,99999.00,99999.00,99999.00,99999.00,99999.00,99999.00,99999.00,99999.00,99999.00,99999.00,99999.00,99999.00,99999.00,99999.00,99999.00,99999.00,99999.00,99999.00,99999.00,99999.00,99999.00,99999.00,99999.00,99999.00,99999.00,99999.00,99999.00,99999.00
99999.00,99999.00,99999.00,99999.00,99999.00,99999.00,99999.00,99999.00,99999.00,99999.00,99999.00,99999.00,99999.00,99999.00,99999.00,99999.00,99999.00,99999.00,99999.00,99999.00,99999.00,99999.00,99999.00,99999.00,99999.00,99999.00,99999.00,99999.00,99999.00,99999.00,99999.00,99999.00,99999.00,99999.00,99999.00,99999.00,99999.00,99999.00,99999.00,99999.00,99999.00,99999.00,99999.00,99999.00,99999.00,99999.00,99999.00,99999.00,99999.00,99999.00,99999.00,99999.00,99999.00,99999.00,99999.00,99999.00,99999.00,99999.00,99999.00,99999.00,99999.00,99999.00,99999.00,99999.00,99999.00,99999.00,99999.00,99999.00,99999.00,99999.00,99999.00,99999.00,99999.00,99999.00,99999.00,99999.00,99999.00,99999.00,99999.00,99999.00,99999.00,99999.00,99999.00,99999.00,99999.00,99999.00,99999.00,99999.00,99999.00,99999.00,99999.00,99999.00,99999.00,99999.00,99999.00,99999.00,99999.00,99999.00,99999.00,99999.00,99999.00,99999.00,99999.00,99999.00,99999.00,99999.00,99999.00,99999.00,99999.00,99999.00,99999.00,99999.00,99999.00,99999.00,99999.00,99999.00,99999.00,99999.00,99999.00,99999.00,99999.00,99999.00,99999.00,99999.00,99999.00,99999.00,99999.00,99999.00,99999.00,99999.00,99999.00,99999.00,99999.00,99999.00,99999.00,99999.00,99999.00,99999.00,99999.00,99999.00,99999.00,99999.00,99999.00,99999.00,99999.00,99999.00,99999.00,99999.00,99999.00,99999.00,99999.00,99999.00,99999.00,99999.00,99999.00,99999.00,99999.00,99999.00,99999.00,99999.00,99999.00,99999.00,99999.00,99999.00,99999.00,99999.00,99999.00,99999.00,99999.00,99999.00,99999.00,99999.00,99999.00,99999.00,99999.00,99999.00,99999.00,99999.00,99999.00,99999.00,99999.00,99999.00,99999.00,99999.00,99999.00,99999.00,99999.00,99999.00,99999.00,99999.00,99999.00,99999.00,99999.00,99999.00,99999.00,99999.00,99999.00,99999.00,99999.00,99999.00
99999.00,99999.00,99999.00,99999.00,99999.00,99999.00,99999.00,99999.00,99999.00,99999.00,99999.00,99999.00,99999.00,99999.00,99999.00,99999.00,99999.00,99999.00,99999.00,99999.00,99999.00,99999.00,99999.00,99999.00,99999.00,99999.00,99999.00,99999.00,99999.00,99999.00,99999.00,99999.00,99999.00,99999.00,99999.00,99999.00,99999.00,99999.00,99999.00,99999.00,99999.00,99999.00,99999.00,99999.00,99999.00,99999.00,99999.00,99999.00,99999.00,99999.00,99999.00,99999.00,99999.00,99999.00,99999.00,99999.00,99999.00,99999.00,99999.00,99999.00,99999.00,99999.00,99999.00,99999.00,99999.00,99999.00,99999.00,99999.00,99999.00,99999.00,99999.00,99999.00,99999.00,99999.00,99999.00,99999.00,99999.00,99999.00,99999.00,99999.00,99999.00,99999.00,99999.00,99999.00,99999.00,99999.00,99999.00,99999.00,99999.00,99999.00,99999.00,99999.00,99999.00,99999.00,99999.00,99999.00,99999.00,99999.00,99999.00,99999.00,99999.00,99999.00,99999.00,99999.00,99999.00,99999.00,99999.00,99999.00,99999.00,99999.00,99999.00,99999.00,99999.00,99999.00,99999.00,99999.00,99999.00,99999.00,99999.00,99999.00,99999.00,99999.00,99999.00,99999.00,99999.00,99999.00,99999.00,99999.00,99999.00,99999.00,99999.00,99999.00,99999.00,99999.00,99999.00,99999.00,99999.00,99999.00,99999.00,99999.00,99999.00,99999.00,99999.00,99999.00,99999.00,99999.00,99999.00,99999.00,99999.00,99999.00,99999.00,99999.00,99999.00,99999.00,99999.00,99999.00,99999.00,99999.00,99999.00,99999.00,99999.00,99999.00,99999.00,99999.00,99999.00,99999.00,99999.00,99999.00,99999.00,99999.00,99999.00,99999.00,99999.00,99999.00,99999.00,99999.00,99999.00,99999.00,99999.00,99999.00,99999.00,99999.00,99999.00,99999.00,99999.00,99999.00,99999.00,99999.00,99999.00,99999.00,99999.00,99999.00,99999.00,99999.00,99999.00,99999.00,99999.00,99999.00,99999.00,99999.00
99999.00,99999.00,99999.00,99999.00,99999.00,99999.00,99999.00,99999.00,99999.00,99999.00,99999.00,99999.00,99999.00,99999.00,99999.00,99999.00,99999.00,99999.00,99999.00,99999.00,99999.00,99999.00,99999.00,99999.00,99999.00,99999.00,99999.00,99999.00,99999.00,99999.00,99999.00,99999.00,99999.00,99999.00,99999.00,99999.00,99999.00,99999.00,99999.00,99999.00,99999.00,99999.00,99999.00,99999.00,99999.00,99999.00,99999.00,99999.00,99999.00,99999.00,99999.00,99999.00,99999.00,99999.00,99999.00,99999.00,99999.00,99999.00,99999.00,99999.00,99999.00,99999.00,99999.00,99999.00,99999.00,99999.00,99999.00,99999.00,99999.00,99999.00,99999.00,99999.00,99999.00,99999.00,99999.00,99999.00,99999.00,99999.00,99999.00,99999.00,99999.00,99999.00,99999.00,99999.00,99999.00,99999.00,99999.00,99999.00,99999.00,99999.00,99999.00,99999.00,99999.00,99999.00,99999.00,99999.00,99999.00,99999.00,99999.00,99999.00,99999.00,99999.00,99999.00,99999.00,99999.00,99999.00,99999.00,99999.00,99999.00,99999.00,99999.00,99999.00,99999.00,99999.00,99999.00,99999.00,99999.00,99999.00,99999.00,99999.00,99999.00,99999.00,99999.00,99999.00,99999.00,99999.00,99999.00,99999.00,99999.00,99999.00,99999.00,99999.00,99999.00,99999.00,99999.00,99999.00,99999.00,99999.00,99999.00,99999.00,99999.00,99999.00,99999.00,99999.00,99999.00,99999.00,99999.00,99999.00,99999.00,99999.00,99999.00,99999.00,99999.00,99999.00,99999.00,99999.00,99999.00,99999.00,99999.00,99999.00,99999.00,99999.00,99999.00,99999.00,99999.00,99999.00,99999.00,99999.00,99999.00,99999.00,99999.00,99999.00,99999.00,99999.00,99999.00,99999.00,99999.00,99999.00,99999.00,99999.00,99999.00,99999.00,99999.00,99999.00,99999.00,99999.00,99999.00,99999.00,99999.00,99999.00,99999.00,99999.00,99999.00,99999.00,99999.00,99999.00,99999.00,99999.00,99999.00,99999.00
